  1   180
  2   181
  3   190
  4     0
  5   190
  6   157
  7   191
  8   309
  9   222
 10   120
  1    88
  2   109
  3   100
  4     0
  5    92
  6    74
  7   106
  8     3
  9    97
 10    90
  1   178
  2   242
  3   179
  4     0
  5   207
  6   147
  7   243
  8   347
  9   252
 10   182
  1    88
  2    89
  3   134
  4     0
  5   106
  6    75
  7    95
  8     4
  9   113
 10    35
  1   157
  2   223
  3   185
  4     0
  5   194
  6   143
  7   216
  8   352
  9   187
 10   141
  1   113
  2   104
  3   114
  4     0
  5   114
  6    46
  7   106
  8    11
  9    95
 10    26
  1   194
  2   283
  3   292
  4     0
  5   243
  6   159
  7   233
  8   389
  9   205
 10   163
  1    51
  2    86
  3    78
  4     0
  5   109
  6    49
  7    96
  8     5
  9    76
 10    36
