File open successful. It contains: 
Finished reading file, will close now.
File x_dt open successful.
Finished reading file x_dt, will close now.
File sd_d open successful.
Finished reading file sd_d, will close now.
--------START FOR GENE 17 -----------
 Values arranged as error, n_ka, gene ids for ka, n_kd, gene ids for kd,
 r0, ea, d, ka_values, kd_values for each subnet. 
##################### ACCEPTABLE SUBNET NUMBER: 1  #########################
          0.730953
 3
39
14
21
 4
10
42
34
26
           1.21878
          0.766831
          0.210011
          0.733572
          0.753407
          0.619275
           1.20118
          0.979479
        -0.0384158
           0.20377
##################### ACCEPTABLE SUBNET NUMBER: 2  #########################
           1.37781
 4
20
25
45
37
 3
 1
46
32
          0.135914
         0.0299167
         -0.254297
          0.469076
         -0.279001
         -0.868878
         -0.402884
          0.665606
         -0.412349
        -0.0203153
##################### ACCEPTABLE SUBNET NUMBER: 3  #########################
           1.31295
17
12
39
44
30
18
40
 8
24
22
21
43
20
27
31
45
14
35
 7
10
42
50
 9
16
49
34
           1.87136
           1.25691
          0.828181
          0.688572
          0.981701
          0.930632
          -0.01107
        -0.0102305
          0.022009
          -1.41665
          0.816702
          0.543901
          -1.14477
         0.0434602
          0.341334
         -0.524194
          0.437976
          0.129528
          -1.37805
          0.529103
           1.55203
           1.30795
          0.180731
          -1.30857
          0.538037
          0.081816
          -0.38639
##################### ACCEPTABLE SUBNET NUMBER: 4  #########################
           2.39534
 4
25
31
44
30
 3
10
 1
48
           1.05372
          0.790083
          0.727433
          0.716501
          -1.36569
         -0.601475
          -1.02855
           1.20676
           1.00848
           0.91255
##################### ACCEPTABLE SUBNET NUMBER: 5  #########################
           1.88844
 9
30
27
20
 5
39
40
35
18
 8
 2
 3
 1
            1.8436
           1.61828
         -0.598151
          0.179156
         -0.196992
          0.242717
          -1.14718
          -2.61091
         -0.885112
         -0.350708
          -0.79729
           -1.1762
          -0.14575
          0.363068
##################### ACCEPTABLE SUBNET NUMBER: 6  #########################
           1.94157
 7
25
37
 8
36
14
44
29
 3
42
10
 9
           1.91775
           1.32566
          0.959831
           0.98806
         -0.417044
         -0.254483
         -0.260463
           1.00908
          -0.14816
          0.291496
           1.36213
           1.53332
          -1.05737
##################### ACCEPTABLE SUBNET NUMBER: 7  #########################
           1.13587
 6
40
30
47
20
21
43
 1
 1
           1.27922
          0.606587
         -0.811586
         -0.129252
          0.032742
         -0.862287
        -0.0786267
         -0.561201
          -2.76208
          0.351152
##################### ACCEPTABLE SUBNET NUMBER: 8  #########################
           1.11777
 5
31
36
35
20
21
 2
 1
49
          0.389636
        0.00658934
         -0.395848
          0.162311
          -1.09583
         -0.343821
          -1.46697
          -1.46697
          0.619516
          -1.25135
##################### ACCEPTABLE SUBNET NUMBER: 9  #########################
           2.18771
 3
14
20
21
 1
 1
           0.25605
           0.17265
          -0.29795
          0.508913
          -1.38219
          -1.38404
          0.698079
##################### ACCEPTABLE SUBNET NUMBER: 10  #########################
           1.41397
19
22
28
44
41
36
40
47
 8
29
38
31
43
45
20
24
12
 4
14
37
10
46
10
42
 3
 9
34
26
48
23
16
          0.573864
          0.305485
          0.918973
        -0.0183404
           1.74356
           1.04359
           1.13354
          0.767813
            0.6869
          0.657053
          0.554463
          0.205041
          0.430804
         -0.500975
          0.833222
           -1.2025
          0.197752
          0.319451
           0.84204
          0.192503
          -1.47299
          0.190865
           1.22371
           1.80652
           1.55559
           1.52071
           1.46176
           1.11812
          -0.50126
          -1.35974
          0.853884
           1.11783
##################### ACCEPTABLE SUBNET NUMBER: 11  #########################
           1.61238
 1
20
 3
 1
23
34
          0.174586
         0.0362502
         -0.326709
          0.409735
          0.621523
         -0.884448
          -0.79379
##################### ACCEPTABLE SUBNET NUMBER: 12  #########################
           2.39357
 2
28
21
 3
 1
10
42
          0.877002
           0.57524
          -0.21295
          0.217473
         -0.474859
          0.156735
          0.290826
         -0.503017
##################### ACCEPTABLE SUBNET NUMBER: 13  #########################
            2.7208
 4
21
 4
36
20
 1
 1
            1.7629
          0.507543
         -0.505679
         -0.130034
         -0.639188
         -0.330415
          -1.43875
          0.327683
##################### ACCEPTABLE SUBNET NUMBER: 14  #########################
          0.733084
 9
40
13
39
 8
36
31
35
45
41
 6
 9
10
 1
 3
16
26
          0.481696
          0.299312
         -0.517594
          0.141496
         0.0391143
          -1.05339
          0.449949
         -0.296072
         -0.174054
           0.19515
         -0.257118
         -0.113566
           0.39126
          0.460667
          0.651918
         -0.280891
          -1.91005
         -0.686378
##################### ACCEPTABLE SUBNET NUMBER: 15  #########################
           1.27784
 5
18
28
27
30
 8
 4
 7
46
42
 1
          0.712876
          0.307491
         -0.424419
         0.0438972
          0.207851
          -0.86755
         -0.172185
        -0.0258454
           0.26831
        -0.0814137
         -0.938696
          0.291989
##################### ACCEPTABLE SUBNET NUMBER: 16  #########################
           1.16994
 3
20
 8
12
 5
49
 1
 3
48
26
          0.314856
         0.0319594
         -0.341749
          0.464078
         0.0744509
         -0.217163
          0.212072
          0.666469
          0.329523
          -1.47249
        -0.0525333
##################### ACCEPTABLE SUBNET NUMBER: 17  #########################
           1.09871
 3
19
31
43
 6
 1
42
48
49
46
 9
          0.506805
         0.0453674
         -0.599525
         -0.672032
          0.197724
          -1.44233
          0.670365
         0.0133399
         -0.216461
        -0.0202472
           -1.7637
         -0.471435
##################### ACCEPTABLE SUBNET NUMBER: 18  #########################
           2.75377
11
28
18
19
43
14
25
39
21
37
47
 5
 2
10
42
           1.06887
          0.799414
        -0.0299712
         -0.287822
          0.123175
          -0.94634
         -0.069277
         -0.043937
         -0.724256
         -0.484822
          -1.25601
          -2.24306
         -0.746383
          -1.41008
          0.487861
          0.216328
##################### ACCEPTABLE SUBNET NUMBER: 19  #########################
           2.88599
 4
21
47
30
43
 4
26
 1
 9
 3
          0.932117
          0.316575
         -0.103721
          0.293158
          -1.01975
          -1.10488
           -1.9327
          0.242175
          0.592865
         -0.686691
          -1.29453
##################### ACCEPTABLE SUBNET NUMBER: 20  #########################
           1.00264
 3
40
18
43
 2
 1
42
          0.337347
        -0.0838069
         -0.680566
         0.0396687
          -1.55214
         -0.302571
           0.50771
         -0.366477
##################### ACCEPTABLE SUBNET NUMBER: 21  #########################
           1.19725
 5
40
14
30
19
36
 1
 1
           1.34003
          0.720121
          -1.22743
         -0.106621
         -0.100429
         0.0507609
          -1.23703
          -1.10967
          0.353509
##################### ACCEPTABLE SUBNET NUMBER: 22  #########################
           1.86807
 2
45
25
 2
 1
26
           1.28711
         -0.196304
         -0.638296
         -0.242615
          -0.42903
          0.569149
        -0.0433825
##################### ACCEPTABLE SUBNET NUMBER: 23  #########################
           1.33921
 8
40
30
12
43
20
41
37
18
 1
 1
           1.52916
          0.861555
         -0.813422
         -0.111049
         0.0293668
         -0.253945
          -1.01181
         -0.646522
          -2.03262
           -1.5313
          -1.34188
          0.345138
##################### ACCEPTABLE SUBNET NUMBER: 24  #########################
           1.38073
 1
28
 6
 3
10
42
26
50
49
           1.16199
          0.661884
         -0.259258
          0.372688
         -0.920258
          0.465297
          0.202011
          -1.43596
        -0.0753732
          0.196062
##################### ACCEPTABLE SUBNET NUMBER: 25  #########################
           1.91195
 2
44
28
 3
49
10
26
           1.32313
           0.50644
         -0.623496
         0.0871419
          0.339515
          0.363984
          0.561897
         -0.169657
##################### ACCEPTABLE SUBNET NUMBER: 26  #########################
           1.09049
 1
36
 3
 1
10
34
          0.130425
        -0.0874329
         -0.200434
          0.167628
          0.532489
          0.328659
         -0.764021
