File open successful. It contains: 
Finished reading file, will close now.
File x_dt open successful.
Finished reading file x_dt, will close now.
File sd_d open successful.
Finished reading file sd_d, will close now.
--------START FOR GENE 18 -----------
 Values arranged as error, n_ka, gene ids for ka, n_kd, gene ids for kd,
 r0, ea, d, ka_values, kd_values for each subnet. 
##################### ACCEPTABLE SUBNET NUMBER: 1  #########################
            2.6338
 5
 3
 7
33
24
15
12
31
46
22
37
44
29
13
19
36
 8
20
21
           2.02572
           1.08765
          0.946066
          0.981498
          0.882738
           1.10079
         -0.401859
          0.338672
           1.33605
           1.44104
         -0.911468
          -1.11951
          -0.21567
           -1.3885
        -0.0508561
          -2.29219
         -0.105025
          -1.12125
         -0.998046
          0.466267
##################### ACCEPTABLE SUBNET NUMBER: 2  #########################
           1.14847
 2
33
 4
 7
44
13
 1
26
40
34
21
           1.27514
          0.415632
         -0.555444
          0.313307
          0.437942
          0.764998
         0.0708973
          0.720005
         -0.560867
           0.44741
         -0.652291
         -0.092431
##################### ACCEPTABLE SUBNET NUMBER: 3  #########################
           1.07452
 9
33
 3
50
 7
10
 9
 4
 2
24
 3
41
 8
44
           1.64586
          0.423518
         -0.955755
         -0.139825
       -0.00820827
         -0.212692
         -0.299788
          -1.26768
         -0.744682
          -0.90864
         -0.298998
         -0.711082
         0.0339225
          0.486481
          0.389759
##################### ACCEPTABLE SUBNET NUMBER: 4  #########################
            2.8441
 6
50
 7
33
16
 3
43
 9
 8
46
29
28
22
19
38
 6
41
           1.70623
          0.973171
          0.649137
           1.44124
           1.17587
          0.896773
          0.445954
         -0.711939
          0.451514
           1.88875
           1.51726
           -1.3601
          -1.73227
          0.326005
          0.807203
         -0.741108
          0.199314
         -0.241796
##################### ACCEPTABLE SUBNET NUMBER: 5  #########################
           2.17631
 7
50
 7
33
49
17
 4
16
11
 6
46
29
13
22
21
40
 8
19
30
26
           2.08933
            1.4068
          0.277626
           1.28187
          0.540794
         -0.687688
         -0.107739
        -0.0720075
          -1.04424
       -0.00183049
           1.15157
           1.33823
            1.0072
           1.49975
           1.24018
          0.581853
          0.297612
           1.32128
        -0.0674564
         0.0876765
         -0.413365
##################### ACCEPTABLE SUBNET NUMBER: 6  #########################
           1.84592
 8
 7
33
11
 4
12
50
15
 3
 7
46
47
20
41
25
45
26
           2.05808
           1.02072
         0.0596192
        -0.0265782
          0.180073
        -0.0829906
         -0.303919
         -0.524724
          -0.34549
         -0.277008
          -1.19109
          0.548936
          0.388443
           0.43065
          -0.44444
          -1.42149
          -0.90624
         -0.380246
##################### ACCEPTABLE SUBNET NUMBER: 7  #########################
           5.59666
 4
33
12
 9
49
 5
 1
45
41
40
29
           1.36844
          0.157223
         -0.794448
         -0.292668
         -0.261548
         0.0687557
          -1.43917
          0.350205
          -1.57077
          -0.24501
         0.0889637
          -1.22295
##################### ACCEPTABLE SUBNET NUMBER: 8  #########################
           5.77935
 6
 7
16
10
50
14
 2
11
46
45
 1
20
39
19
13
 6
21
 8
31
           2.09646
             1.258
           1.29965
           1.25739
          0.584052
         -0.754487
          0.739705
          0.417256
         -0.600361
            1.6444
           1.20187
          0.655122
           1.72936
          -2.33207
         -0.373062
         -0.564177
         -0.715641
          0.881139
        -0.0885927
          0.256942
##################### ACCEPTABLE SUBNET NUMBER: 9  #########################
           2.39435
 3
10
33
50
 7
48
36
46
32
21
29
44
           1.99656
           1.50173
           1.27545
           1.55439
           1.51042
         -0.128522
        0.00915321
          0.683183
           1.71387
          -0.33373
           1.45691
          0.235083
           1.43063
##################### ACCEPTABLE SUBNET NUMBER: 10  #########################
           5.76176
 4
 7
17
 3
 4
11
40
29
46
30
23
37
31
34
20
44
45
           2.25286
           1.54412
           1.62999
           1.59422
         -0.111607
         -0.736648
          -2.38398
         -0.680295
          0.647425
           1.93865
          0.956255
          0.548612
          0.538923
           1.75445
           1.21494
           1.97802
          -1.06584
          0.866287
##################### ACCEPTABLE SUBNET NUMBER: 11  #########################
           1.84777
 4
50
 5
43
10
 6
 1
19
46
22
40
31
           2.14498
           1.53782
          0.441128
           1.19438
          -2.36147
         -0.593088
          0.157313
           1.23371
           1.40754
           1.23427
         -0.460162
          -1.10504
          -0.12941
##################### ACCEPTABLE SUBNET NUMBER: 12  #########################
           6.50673
 0
 0
          -0.91302
         -0.629583
          0.142336
##################### ACCEPTABLE SUBNET NUMBER: 13  #########################
           7.09233
 0
 0
         -0.130336
         -0.378903
         -0.130336
##################### ACCEPTABLE SUBNET NUMBER: 14  #########################
           8.75889
 5
 7
16
14
 3
11
 1
 6
           0.56603
         -0.276622
          -1.02834
         -0.200969
         -0.198888
         -0.192858
          -0.40084
         -0.746728
           0.14315
##################### ACCEPTABLE SUBNET NUMBER: 15  #########################
           7.43902
 0
 0
          0.635466
           1.20443
          0.635466
##################### ACCEPTABLE SUBNET NUMBER: 16  #########################
           5.76483
 5
 7
 9
17
 4
16
 4
 8
26
22
39
           2.51831
           1.53645
         -0.732154
         -0.013929
          0.238458
          0.101018
          0.200517
         -0.656364
          0.742594
         0.0245808
         -0.509525
          -1.54271
----------Number of Acceptable Subnets found: 16 -----------
----------END FOR GENE 18 -----------
