File open successful. It contains: 
Finished reading file, will close now.
File x_dt open successful.
Finished reading file x_dt, will close now.
File sd_d open successful.
Finished reading file sd_d, will close now.
--------START FOR GENE 25 -----------
 Values arranged as error, n_ka, gene ids for ka, n_kd, gene ids for kd,
 r0, ea, d, ka_values, kd_values for each subnet. 
##################### ACCEPTABLE SUBNET NUMBER: 1  #########################
           1.74128
22
18
 9
43
46
 5
 2
21
32
11
47
30
 1
40
33
24
10
19
 3
16
28
37
48
 1
20
          0.939117
          0.668943
         -0.383625
         -0.131379
          0.309653
         -0.215807
         -0.235437
           0.14084
         -0.125642
        -0.0995641
         -0.438875
          -1.23236
         -0.258933
         -0.762777
         -0.865956
         -0.315258
         -0.841211
         -0.801371
          -1.41011
          -1.15937
         0.0102086
          -1.69466
         -0.477648
         -0.216615
          -1.33995
          0.363463
##################### ACCEPTABLE SUBNET NUMBER: 2  #########################
            2.7414
 8
10
14
 1
18
24
27
 5
36
 1
34
          -0.44309
         -0.690013
        -0.0599163
          0.642423
         -0.110441
          0.742727
          -0.40145
          -1.12473
          -1.11592
         -0.524944
          -1.44328
          0.764666
##################### ACCEPTABLE SUBNET NUMBER: 3  #########################
           1.77287
 8
 5
 1
 2
38
45
39
 9
24
 1
20
          0.702684
          0.248159
         -0.364402
         0.0324108
         -0.405851
         -0.373471
          -1.14016
          0.020043
         -0.605131
           -1.0087
         -0.988421
          0.328675
##################### ACCEPTABLE SUBNET NUMBER: 4  #########################
           2.12246
 8
10
 1
47
 5
40
39
18
 3
 3
50
 4
31
        0.00829994
         -0.042739
         0.0191257
          0.180419
          0.881741
         0.0613355
          -1.88943
         -0.322856
          0.136285
          -1.48173
          -1.51949
          0.457779
          -0.30717
          -1.17411
##################### ACCEPTABLE SUBNET NUMBER: 5  #########################
           1.56878
 8
 1
18
 5
45
37
36
21
33
 1
 8
          0.300325
          0.225335
           -1.2606
          0.751125
         -0.014966
        -0.0876068
         -0.162665
          0.180266
         0.0422577
         -0.957391
         -0.262528
          0.603605
##################### ACCEPTABLE SUBNET NUMBER: 6  #########################
           2.34392
 5
45
11
46
30
10
 2
34
20
          0.965062
          0.592072
           -1.0092
          0.229849
          0.384521
          -1.88439
         -0.540263
         -0.611227
          0.168402
          0.634613
##################### ACCEPTABLE SUBNET NUMBER: 7  #########################
           2.01684
 6
 1
47
36
 9
27
14
 2
 4
13
          0.110907
         0.0829584
          -0.19804
          0.755935
         0.0470749
         -0.496602
          -1.25056
         -0.929745
          -1.75366
          0.342806
         -0.423598
##################### ACCEPTABLE SUBNET NUMBER: 8  #########################
           1.89406
 3
38
37
19
 1
20
          0.372274
         -0.412295
          -1.03517
         -0.153377
         -0.119966
         -0.784652
          0.177272
##################### ACCEPTABLE SUBNET NUMBER: 9  #########################
           2.54712
 8
39
14
 1
 2
10
 9
11
19
 1
15
           0.63289
          0.616269
         -0.309002
         -0.063159
          -1.96171
          0.837314
          0.632477
         -0.142218
         -0.306236
        -0.0309292
          -1.07241
          0.472389
##################### ACCEPTABLE SUBNET NUMBER: 10  #########################
           2.94469
 8
47
46
11
 1
 2
 3
37
33
 0
          -0.14272
          -0.43214
            -0.589
        -0.0340735
         -0.250054
         -0.876426
          0.153838
          -0.50178
         -0.552112
         -0.302091
          -1.86887
##################### ACCEPTABLE SUBNET NUMBER: 11  #########################
           2.71329
 2
 1
46
 0
         -0.306134
         -0.464094
         -0.162692
          0.450171
          -1.08061
##################### ACCEPTABLE SUBNET NUMBER: 12  #########################
           1.86844
 6
 5
 1
28
 9
30
45
 4
 4
20
 8
34
          0.272509
          0.235087
        -0.0765725
          0.380469
          0.721597
          -1.13967
         -0.259013
         -0.846951
         -0.989178
        -0.0865311
          0.522588
         -0.274321
         -0.792846
##################### ACCEPTABLE SUBNET NUMBER: 13  #########################
           2.07743
 9
29
 1
40
41
14
21
10
24
43
 4
13
 7
20
 6
          0.256467
          0.251014
         -0.644464
          0.370594
          0.965381
         -0.100365
         -0.980343
          -1.10674
         -0.002795
          -1.14861
         -0.124173
          -1.89081
           0.56969
         -0.292965
        -0.0304461
         -0.100423
##################### ACCEPTABLE SUBNET NUMBER: 14  #########################
           2.78504
23
29
30
10
12
27
17
 1
14
16
48
47
19
 5
11
 9
35
45
40
 3
33
18
 2
36
 3
13
15
20
          0.801316
          0.800755
         -0.340957
         -0.919208
         -0.512584
         -0.693901
          0.479272
         -0.476615
         -0.597642
          0.866879
         -0.435306
           -1.1918
          -1.16018
          0.128902
         -0.361188
           -1.1339
           -2.6112
         -0.708652
         -0.647156
         -0.279135
         -0.417007
          -1.13461
          -2.43899
          -0.31892
         -0.553653
        -0.0299117
          0.520651
         -0.313726
         -0.869084
##################### ACCEPTABLE SUBNET NUMBER: 15  #########################
          0.751617
 3
 5
23
12
 1
20
          0.827832
          0.131996
         -0.290536
          0.172464
          0.227662
          0.212322
          0.642363
##################### ACCEPTABLE SUBNET NUMBER: 16  #########################
           2.84789
 2
 1
35
 2
31
20
         -0.364315
         -0.539288
         -0.672932
          0.526838
          0.154105
          0.153621
          -1.98922
##################### ACCEPTABLE SUBNET NUMBER: 17  #########################
           2.11927
 6
33
 1
35
19
12
32
 2
15
13
          0.477661
          0.456883
         -0.239313
        0.00306341
          0.827578
         -0.147123
         -0.465918
         -0.248372
         -0.533101
          0.462927
         -0.164479
##################### ACCEPTABLE SUBNET NUMBER: 18  #########################
            1.5939
 7
45
 5
10
12
40
35
24
 1
20
           1.11069
          0.404681
         -0.848703
        -0.0174889
        -0.0480379
         -0.307497
         -0.622791
          -1.75134
          -1.27509
          -2.41872
          0.361056
##################### ACCEPTABLE SUBNET NUMBER: 19  #########################
           2.71479
 2
 1
28
 0
         -0.301858
         -0.459459
         -0.162531
          0.450161
          -2.68525
##################### ACCEPTABLE SUBNET NUMBER: 20  #########################
           2.39385
 7
19
22
 1
 2
 3
29
41
 1
20
         -0.357558
         -0.591837
         -0.401222
          0.325421
          0.153718
          0.480895
        -0.0104005
        -0.0010586
         -0.472407
          -2.54098
          0.398165
##################### ACCEPTABLE SUBNET NUMBER: 21  #########################
           2.00525
 8
18
17
 1
 3
 9
10
22
35
 1
 4
          0.300882
           0.28442
          -0.13239
        -0.0589312
          -1.77302
          0.817978
         0.0313293
          -1.63311
          -1.63311
          -1.40105
          -2.16647
          0.429741
##################### ACCEPTABLE SUBNET NUMBER: 22  #########################
           1.95139
14
 1
39
32
 2
 5
28
24
30
14
16
17
 9
29
41
 3
13
15
34
          0.330829
          0.324853
        -0.0956038
          0.931888
         -0.220813
         -0.441165
         -0.373948
         -0.388435
         0.0352685
         -0.430731
          -0.49417
          -1.94826
         -0.430747
          -1.04903
          -1.19051
          -1.11023
          -1.10188
           0.53216
         -0.654184
         -0.901684
##################### ACCEPTABLE SUBNET NUMBER: 23  #########################
           2.90213
11
 1
36
14
21
44
 9
16
47
 3
 5
18
 3
 6
 4
15
          0.659689
           0.66199
          0.117701
           1.99786
           0.98332
         -0.746406
       -0.00993472
         0.0287694
           1.27089
           0.72381
          0.290034
          -1.22856
          -1.77894
         -0.939706
           1.66548
           1.50867
         -0.711073
##################### ACCEPTABLE SUBNET NUMBER: 24  #########################
           1.61955
 3
28
33
 1
 2
34
20
        -0.0151315
        -0.0604753
         -0.220905
         -0.306666
          0.127439
          0.924645
          0.232801
          0.597662
##################### ACCEPTABLE SUBNET NUMBER: 25  #########################
           1.58107
 5
11
19
21
18
23
 3
20
 4
31
      -0.000896565
         -0.441246
          -1.19651
          0.211162
          0.298765
         -0.265641
         -0.391139
         -0.322252
          0.499252
         -0.709912
         -0.290311
##################### ACCEPTABLE SUBNET NUMBER: 26  #########################
           2.60134
13
28
11
 3
37
35
23
19
38
 1
14
27
10
 9
 1
20
           0.32054
          0.161101
         -0.187643
          0.215438
          0.446717
         -0.477964
         -0.936718
         -0.985341
          -1.18298
           -1.6795
           -1.1012
         -0.187462
         -0.890395
          -1.31179
         -0.577336
         -0.480007
          0.559251
##################### ACCEPTABLE SUBNET NUMBER: 27  #########################
            2.1916
 3
11
40
21
 1
20
           1.41674
           1.12747
         -0.446884
          0.494544
           0.17833
          0.315638
          0.702474
##################### ACCEPTABLE SUBNET NUMBER: 28  #########################
           2.74181
 9
18
 1
36
17
16
48
29
 9
30
 5
 6
15
 8
31
 7
            0.3388
          0.311669
         -0.119981
        -0.0328515
          0.858806
        -0.0421295
         -0.124378
          -1.05977
         -0.891685
          -1.62731
         -0.211818
         -0.197602
          0.567615
         -0.100207
        -0.0335127
         -0.705516
         -0.296362
##################### ACCEPTABLE SUBNET NUMBER: 29  #########################
            2.2285
15
 5
12
36
38
37
35
 1
21
14
16
24
19
 2
18
33
 2
15
20
          0.585482
          0.571653
         -0.465068
          -0.58383
           0.29859
         -0.126264
         -0.202071
          0.259043
         -0.289434
          0.877782
          -0.94108
        0.00181078
         -0.288049
         -0.444999
          -1.32377
          0.441645
          -1.59242
         -0.258459
          0.525516
        -0.0996639
##################### ACCEPTABLE SUBNET NUMBER: 30  #########################
            2.4346
12
 1
19
24
27
10
44
43
41
40
 9
29
12
 1
13
          0.263656
          0.233416
          -0.10796
          0.778717
          -0.12011
          0.120237
          -0.47056
         -0.580272
         -0.383875
          -0.27577
         -0.401842
         -0.216129
          -1.55172
          -1.30037
          -1.31987
            0.3859
