File open successful. It contains: 
Finished reading file, will close now.
File x_dt open successful.
Finished reading file x_dt, will close now.
File sd_d open successful.
Finished reading file sd_d, will close now.
--------START FOR GENE 26 -----------
 Values arranged as error, n_ka, gene ids for ka, n_kd, gene ids for kd,
 r0, ea, d, ka_values, kd_values for each subnet. 
##################### ACCEPTABLE SUBNET NUMBER: 1  #########################
           2.16891
 6
24
13
 6
32
17
43
 6
28
46
42
33
29
30
          0.876826
          0.342345
          0.598551
          0.417008
         -0.625918
         0.0996684
          0.223183
         -0.332496
         -0.950118
           1.10423
          0.647675
           0.39382
          0.246509
         -0.151895
         -0.725922
##################### ACCEPTABLE SUBNET NUMBER: 2  #########################
           2.27383
 1
22
 5
28
46
33
 7
45
          0.626621
          0.225238
          0.942748
          0.701048
           1.40994
          0.916277
         -0.212972
         -0.508053
           0.21727
##################### ACCEPTABLE SUBNET NUMBER: 3  #########################
           2.57494
 0
 2
28
46
          0.804543
          0.268394
        -0.0142155
          0.470944
         -0.673167
##################### ACCEPTABLE SUBNET NUMBER: 4  #########################
           2.51938
 1
 6
 2
37
28
          0.162001
        -0.0487271
           0.26239
          0.160278
           -1.1781
           0.65903
##################### ACCEPTABLE SUBNET NUMBER: 5  #########################
           2.43665
 3
 5
 6
 4
 1
28
          0.462885
           0.21733
          0.560316
          0.322784
          0.347063
          -1.26918
          0.987769
##################### ACCEPTABLE SUBNET NUMBER: 6  #########################
           2.74065
 5
32
 6
20
43
24
12
42
39
48
 7
44
31
30
28
37
21
47
16
           1.43768
           1.38795
          0.969722
           1.51042
           1.41747
           -0.3078
         -0.506507
          -1.27878
           1.31605
          0.150881
         -0.160045
           1.20644
        -0.0675536
         -0.207234
         -0.395106
           1.71841
         -0.456994
          -1.30326
           0.12143
          -1.54387
##################### ACCEPTABLE SUBNET NUMBER: 7  #########################
           2.86635
 4
32
 6
23
17
 8
28
29
33
47
46
39
37
 1
           1.14439
           1.08842
          0.490042
           1.12019
           1.03472
           0.52714
         -0.585714
           1.35374
          0.212562
          0.127225
          0.342809
          0.799573
           -1.5425
          0.163456
          -1.44788
##################### ACCEPTABLE SUBNET NUMBER: 8  #########################
           2.98255
 0
 1
28
          0.984306
          0.716518
          0.719621
           1.15491
##################### ACCEPTABLE SUBNET NUMBER: 9  #########################
           2.28066
 7
13
15
12
10
23
 6
35
 5
28
46
34
33
36
          0.410862
         0.0660969
          0.324196
          -1.57493
       -0.00110033
          -1.21086
          -1.30479
         -0.497925
          0.184056
         -0.510928
          0.774555
          0.237381
         -0.491207
         -0.326463
         -0.324123
##################### ACCEPTABLE SUBNET NUMBER: 10  #########################
            2.5668
 2
22
17
 4
30
28
46
49
           0.57573
          0.323761
          0.709676
          0.476066
          -1.25713
          0.484864
           1.13786
        -0.0186056
         -0.985399
##################### ACCEPTABLE SUBNET NUMBER: 11  #########################
           2.22586
 1
22
 5
28
48
46
37
31
          0.578072
           0.12778
          0.352835
           0.12761
          0.829588
          0.152858
          0.351325
         -0.886693
         -0.155656
##################### ACCEPTABLE SUBNET NUMBER: 12  #########################
           2.57688
 0
 3
28
46
37
          0.532518
           0.26895
          0.203147
            0.6195
         -0.629356
          -1.56252
##################### ACCEPTABLE SUBNET NUMBER: 13  #########################
            2.8522
 2
 6
24
16
46
37
28
34
40
30
48
 1
38
27
39
42
29
45
44
31
           1.77936
           1.30616
           1.25922
          0.151844
          -1.47006
           1.24148
          0.327161
           1.75384
         -0.202822
         -0.487536
         -0.611294
         -0.970972
          0.319924
        0.00714258
         -0.320235
          -1.42741
         -0.997067
          0.634342
          0.119139
         -0.316771
         -0.308295
##################### ACCEPTABLE SUBNET NUMBER: 14  #########################
           2.50567
 1
 5
 3
28
27
46
          0.691364
           0.35186
          0.260031
          0.108224
          0.725915
          -1.74799
         -0.174206
##################### ACCEPTABLE SUBNET NUMBER: 15  #########################
           2.44891
 2
15
35
12
28
30
36
46
31
21
38
33
47
45
48
 9
            2.1747
           1.04675
           1.18415
           0.83135
          0.768928
           1.86108
          0.117651
         0.0150296
           1.40206
          -1.10939
         -0.336239
         0.0847236
          0.863273
          0.559816
          0.593051
          -1.22875
         -0.029397
##################### ACCEPTABLE SUBNET NUMBER: 16  #########################
           2.64146
 0
 6
28
34
30
48
33
44
          0.630308
          0.397322
          0.763669
           1.18079
          0.153497
         -0.163273
          -1.47856
          -1.90793
         -0.548786
##################### ACCEPTABLE SUBNET NUMBER: 17  #########################
           2.44504
 4
 6
41
35
22
 8
28
 9
 8
44
49
36
27
29
        -0.0615352
         -0.286952
          0.726709
          0.804983
          0.279535
          -1.54339
         -0.975473
           1.14237
          0.802057
          0.706173
         -0.496492
         -0.385212
          -1.59745
          -1.15883
          -1.15883
##################### ACCEPTABLE SUBNET NUMBER: 18  #########################
            2.2092
 5
43
13
15
 3
17
 4
28
46
30
 9
          0.819912
          0.346993
          0.941596
          0.185659
          0.602628
        -0.0792006
         -0.629312
          -1.69934
            1.4291
          0.956014
       -0.00744256
         -0.440402
##################### ACCEPTABLE SUBNET NUMBER: 19  #########################
           2.80628
 1
 6
 1
28
          0.888714
          0.565629
           0.19617
          -1.10669
          0.642807
##################### ACCEPTABLE SUBNET NUMBER: 20  #########################
           2.31974
 1
22
 2
28
46
          0.553773
        -0.0175117
         0.0392968
        -0.0797837
          0.552199
         0.0038003
##################### ACCEPTABLE SUBNET NUMBER: 21  #########################
           2.88371
 2
20
13
 3
28
46
21
             0.904
          0.640553
           1.35339
          -1.98739
          0.851179
           1.78627
          0.832167
         -0.526599
##################### ACCEPTABLE SUBNET NUMBER: 22  #########################
           2.12872
 4
10
15
 6
32
 6
28
46
47
45
44
30
          0.739323
          0.216418
          0.559007
          0.464954
          0.352267
        -0.0315611
         -0.714551
           1.06492
           0.60254
          0.152548
         -0.131554
          0.104582
         -0.122577
##################### ACCEPTABLE SUBNET NUMBER: 23  #########################
           2.57476
 0
 1
28
          0.819033
          0.214231
        -0.0489558
          0.449811
##################### ACCEPTABLE SUBNET NUMBER: 24  #########################
           2.40023
 0
 4
28
46
36
48
          0.483237
          0.131814
          0.261627
          0.697918
          0.215655
          -2.02419
         -0.614658
##################### ACCEPTABLE SUBNET NUMBER: 25  #########################
           2.10462
 1
 6
 5
28
30
44
34
47
          0.736663
          0.249023
          0.706723
          0.728693
           1.22988
          0.916207
         -0.735782
          -2.58608
          0.240995
##################### ACCEPTABLE SUBNET NUMBER: 26  #########################
           2.42198
 2
25
13
 6
28
44
46
33
34
49
           1.84802
           1.24912
           1.02479
          0.810931
         0.0401344
           1.56467
         -0.295758
           1.05839
         -0.277446
          -1.70585
       0.000919942
##################### ACCEPTABLE SUBNET NUMBER: 27  #########################
           2.59182
 1
23
 1
28
          0.495437
          0.261723
          0.356764
         -0.190284
           0.76867
##################### ACCEPTABLE SUBNET NUMBER: 28  #########################
           5.48305
 2
22
18
10
29
37
45
48
28
39
21
47
33
34
          0.211019
        -0.0286255
         0.0712381
          0.129514
        0.00886244
          0.301768
         -0.876893
           -1.0754
         -0.171603
          0.169988
         -0.377459
         -0.284217
          -1.45571
        -0.0416256
         -0.343957
##################### ACCEPTABLE SUBNET NUMBER: 29  #########################
           5.68231
 6
19
 6
23
32
22
43
 5
27
37
38
48
40
           1.29782
           1.30881
           1.52699
           1.38202
          -0.69031
          -1.30062
         -0.838609
         -0.127891
          -1.62464
            1.6211
           1.15065
         -0.697241
          0.677158
          -1.95461
##################### ACCEPTABLE SUBNET NUMBER: 30  #########################
           5.77259
 3
24
 6
15
 4
36
42
27
33
           1.70016
           1.67631
           1.62543
           1.62272
         0.0391353
         -0.494105
           1.72554
          0.538582
          0.523097
            0.6675
##################### ACCEPTABLE SUBNET NUMBER: 31  #########################
           5.89309
 4
32
11
20
 4
14
45
33
31
47
44
49
 1
42
40
50
37
29
34
39
           1.22309
           1.15302
            1.6092
            0.3995
         -0.938543
         -0.375658
           -2.4041
           1.59557
           1.30852
         0.0824017
          0.127743
           1.67584
          0.840784
          0.142011
          -1.67655
          0.681805
         -0.519545
          -1.04691
         -0.382975
         0.0576703
          -2.74083
##################### ACCEPTABLE SUBNET NUMBER: 32  #########################
           5.09933
 2
19
 6
 4
27
33
47
31
           1.03492
           1.00042
          0.798037
          0.479603
          0.717641
          0.923992
          0.631178
         -0.738184
          -1.35957
##################### ACCEPTABLE SUBNET NUMBER: 33  #########################
           2.34597
 1
13
 5
28
46
39
21
40
           1.35086
          0.756275
            1.1981
          -1.40792
           1.72557
           1.24897
         0.0538895
         -0.191051
        -0.0964057
##################### ACCEPTABLE SUBNET NUMBER: 34  #########################
           5.90541
 4
25
11
 4
35
 4
44
40
39
37
         -0.763608
         -0.874185
          -1.10203
           1.39427
          -1.32397
         0.0485457
          0.720052
           0.99827
          0.703932
          0.713084
          0.592182
##################### ACCEPTABLE SUBNET NUMBER: 35  #########################
           2.56215
 1
 6
 1
28
          0.575383
          0.342315
          0.910811
          0.651287
           1.32971
##################### ACCEPTABLE SUBNET NUMBER: 36  #########################
           5.76098
 1
23
11
36
44
34
29
37
48
31
45
33
 1
28
           1.50246
           1.48898
           1.48494
         -0.244262
           1.49787
          0.732128
          0.992569
            0.9215
           1.43496
          0.618865
          0.531526
         -0.307206
           0.68245
          -1.02404
          -1.47361
##################### ACCEPTABLE SUBNET NUMBER: 37  #########################
           5.24433
 4
32
 5
 6
41
 2
44
28
         -0.137111
         -0.109098
         0.0317679
          0.884869
          0.385565
           -1.0714
          0.153462
          0.464748
         -0.246102
##################### ACCEPTABLE SUBNET NUMBER: 38  #########################
           4.52984
 9
10
41
43
 6
20
32
24
 2
13
14
27
34
39
21
49
38
47
29
16
31
33
 1
44
37
            1.8494
           1.81955
           1.19513
            1.2977
         -0.523336
          0.155365
           1.25363
          0.221402
          0.826257
           -1.7591
         -0.949776
          0.530194
           1.34497
           1.06598
          0.717095
           1.17103
         -0.262971
         -0.266469
          -0.45735
          0.190523
         -0.742316
          -1.61021
          0.585488
           1.00478
           0.26598
        -0.0605436
##################### ACCEPTABLE SUBNET NUMBER: 39  #########################
           2.63351
 1
32
 4
28
47
46
31
          0.622396
          0.392523
          0.930678
         -0.533726
           1.34687
         -0.215078
         -0.710599
          -1.91516
##################### ACCEPTABLE SUBNET NUMBER: 40  #########################
           5.83858
 0
 6
36
30
45
33
40
21
           1.69578
           1.65718
           1.11594
           1.19223
          0.194264
          -1.44803
          0.883687
          -0.47789
          -1.31717
##################### ACCEPTABLE SUBNET NUMBER: 41  #########################
            4.2566
 3
 6
10
20
 3
 9
49
45
           1.74413
          -1.89584
          0.027306
          0.631876
         -0.901945
         -0.777311
         0.0491085
           1.21445
          -1.25674
##################### ACCEPTABLE SUBNET NUMBER: 42  #########################
           5.73231
 4
32
23
20
41
 3
36
31
34
           1.57482
           1.54064
           1.94094
           1.51697
          -1.35749
          0.330765
         -0.906566
           2.01768
         -0.568808
           1.75189
##################### ACCEPTABLE SUBNET NUMBER: 43  #########################
           5.89451
 1
 5
 5
33
44
42
38
37
       -0.00875947
          -0.81064
         -0.140557
        -0.0739053
         -0.124804
          0.179317
         -0.975707
         -0.279665
         -0.269349
##################### ACCEPTABLE SUBNET NUMBER: 44  #########################
           5.64646
 5
19
43
11
41
23
 6
21
27
49
47
46
50
           1.09469
           1.11047
          0.953864
         -0.800613
          -1.40529
         0.0941481
         -0.250968
          -1.39933
          0.681323
           1.02226
          -1.51761
          -1.19675
          -1.19675
          -2.33299
##################### ACCEPTABLE SUBNET NUMBER: 45  #########################
           5.50282
 3
12
 6
32
 9
31
50
16
46
45
33
34
42
 1
          0.880815
          0.779534
           0.42557
          0.367018
         -0.348896
          -0.34731
          0.455609
          0.511699
         0.0967006
        -0.0700571
         -0.740411
          -2.16969
         -0.816936
         -0.638656
         -0.777325
##################### ACCEPTABLE SUBNET NUMBER: 46  #########################
           5.92854
 1
22
 6
 7
44
42
34
36
47
           1.65575
           1.64259
           1.46506
         0.0323021
           0.69676
          0.785507
         -0.791007
          0.789904
           1.53176
          -1.08024
##################### ACCEPTABLE SUBNET NUMBER: 47  #########################
           5.50774
 3
 6
41
22
 6
31
44
42
34
45
27
            1.2316
           1.18938
           1.28299
           1.27564
          0.310012
         -0.234201
           1.33528
           1.33495
         -0.479673
         -0.807322
         -0.624396
         -0.857356
##################### ACCEPTABLE SUBNET NUMBER: 48  #########################
           5.30069
 5
20
12
32
15
24
 2
28
31
         -0.762846
          -1.82539
         -0.199331
          0.703894
          0.742089
          0.278157
          -1.34688
          -0.82045
          0.986069
          0.204762
##################### ACCEPTABLE SUBNET NUMBER: 49  #########################
           5.62542
10
 2
22
32
19
15
35
23
13
11
41
10
29
36
38
34
44
30
48
16
28
21
          0.560878
           0.55345
           1.22452
          0.531136
           0.58739
          0.668906
          0.568562
          0.531742
          0.661514
          0.491145
          -1.49551
           1.06075
          0.904622
            1.2363
           1.22829
         -0.649781
          0.944818
          0.661946
          0.338995
         -0.183364
         -0.726814
         -0.425076
          -1.08886
##################### ACCEPTABLE SUBNET NUMBER: 50  #########################
           2.57776
 0
 1
28
          0.958374
          0.200607
         -0.107231
          0.428557
----------Number of Acceptable Subnets found: 50 -----------
----------END FOR GENE 26 -----------
--------START FOR GENE 27 -----------
 Values arranged as error, n_ka, gene ids for ka, n_kd, gene ids for kd,
 r0, ea, d, ka_values, kd_values for each subnet. 
##################### ACCEPTABLE SUBNET NUMBER: 1  #########################
          0.748507
 3
22
49
50
 3
 7
 1
 3
        -0.0469639
         -0.159653
         -0.107654
           0.11916
          -1.32881
          -1.77541
         -0.136203
          0.304201
         -0.323915
##################### ACCEPTABLE SUBNET NUMBER: 2  #########################
          0.667128
 3
 8
28
 6
 1
13
          0.191158
         -0.359863
          -0.40364
         -0.952315
          0.167984
          -1.12549
         0.0821262
##################### ACCEPTABLE SUBNET NUMBER: 3  #########################
          0.386152
 5
22
29
31
38
28
 1
 3
           1.08557
          0.554966
         -0.285764
         -0.291744
          -1.17029
          -1.63994
         -0.312705
         0.0658369
          -1.99997
##################### ACCEPTABLE SUBNET NUMBER: 4  #########################
          0.736073
 3
28
40
37
 1
23
          0.745874
           0.32295
         -0.295061
          0.171929
         -0.692156
          -0.79305
         -0.648845
##################### ACCEPTABLE SUBNET NUMBER: 5  #########################
          0.675323
 1
28
 1
 3
         0.0175371
         -0.414039
          -1.86396
          0.226935
          0.158944
##################### ACCEPTABLE SUBNET NUMBER: 6  #########################
           2.17308
 3
40
22
 9
 5
26
25
11
12
14
         -0.404749
         -0.792028
         -0.131243
         -0.131284
          -0.55034
         -0.621174
         0.0389434
          0.207466
       -0.00822232
         -0.611514
          -1.13359
##################### ACCEPTABLE SUBNET NUMBER: 7  #########################
          0.576264
 1
28
 1
23
           1.78278
           1.48379
          -1.32648
           0.26431
         -0.585463
##################### ACCEPTABLE SUBNET NUMBER: 8  #########################
           2.87274
 7
39
37
43
48
46
35
 9
 4
42
 4
 5
25
          -1.26385
          -1.03347
          -0.61281
          0.518818
        -0.0155549
         -0.815485
          0.136555
           1.46111
           1.64666
          0.656293
           1.77506
         -0.625228
          -0.64885
         -0.207153
##################### ACCEPTABLE SUBNET NUMBER: 9  #########################
          0.778634
 4
40
47
28
48
 4
42
 3
11
16
          0.395409
          0.367912
         -0.540685
          0.221286
         0.0856131
         -0.452982
          -1.53581
          0.239639
         -0.175267
         -0.538471
         -0.902612
##################### ACCEPTABLE SUBNET NUMBER: 10  #########################
           1.16125
 2
45
35
 3
 1
 3
20
          0.751994
         -0.798756
         -0.586242
          -0.95357
          -0.26278
          0.644123
         -0.589457
          -1.15388
##################### ACCEPTABLE SUBNET NUMBER: 11  #########################
          0.506788
 3
35
15
28
 2
20
21
           1.92428
           1.55715
         -0.368946
          -0.49452
         -0.528999
          0.224325
         -0.582046
          -1.65328
##################### ACCEPTABLE SUBNET NUMBER: 12  #########################
          0.877059
 4
15
 8
 9
40
 5
 7
 1
44
11
 4
          0.973646
          0.739077
         -0.140314
        -0.0183108
            -1.224
         -0.189642
         -0.374112
         -0.108794
         0.0663191
         -0.446079
         -0.702293
          -1.13391
##################### ACCEPTABLE SUBNET NUMBER: 13  #########################
          0.746191
 2
17
31
 1
 7
          0.895562
          0.627982
           -0.1637
        -0.0238463
         -0.217666
         -0.327594
##################### ACCEPTABLE SUBNET NUMBER: 14  #########################
           1.00602
 5
29
40
43
38
49
 0
           1.86867
           1.88797
        -0.0982417
          0.156861
        0.00348039
         -0.569933
         -0.220373
         -0.701813
##################### ACCEPTABLE SUBNET NUMBER: 15  #########################
           1.08767
11
32
48
39
46
37
50
40
38
17
 8
29
 6
26
20
21
33
 4
25
          0.890921
          0.980022
          0.738269
          0.875276
         0.0588575
          0.298963
          -1.21492
         -0.180575
           -1.1207
          0.642783
          0.756094
          0.946508
         -0.182801
          0.262395
          0.959034
         -0.101475
          0.473934
         -0.372089
         -0.798309
          -1.23196
##################### ACCEPTABLE SUBNET NUMBER: 16  #########################
          0.525978
 4
38
49
17
43
 0
          0.787763
          0.276559
         -0.289797
         -0.281022
          -1.15754
          -1.45779
         -0.100758
##################### ACCEPTABLE SUBNET NUMBER: 17  #########################
            1.0962
 4
29
 9
48
47
 2
33
23
           0.60318
            0.4842
         -0.133137
         0.0438451
         -0.150624
         -0.946599
         -0.156166
         -0.783901
         -0.155304
##################### ACCEPTABLE SUBNET NUMBER: 18  #########################
          0.663404
 4
50
 8
40
28
 0
          0.775263
         0.0688002
         -0.330016
          -1.74252
         -0.727105
         -0.562703
         0.0374164
##################### ACCEPTABLE SUBNET NUMBER: 19  #########################
           2.12291
12
34
32
31
35
43
39
38
40
46
28
48
47
 5
33
44
26
16
19
         0.0609428
         -0.788378
         -0.605379
          0.258557
           1.39044
         -0.510903
          0.863535
          0.812055
          0.512115
          0.218447
          0.212643
         -0.529471
         -0.739594
          -1.26848
          0.454135
           1.81602
          0.563661
          0.500776
         -0.137143
          -1.32129
##################### ACCEPTABLE SUBNET NUMBER: 20  #########################
           1.06267
 4
38
37
49
45
 4
11
21
25
 3
           1.06778
          0.587766
         -0.255086
          -0.21628
          -0.21422
          -1.07276
          -1.60196
          -1.97871
         -0.337732
         -0.339489
          -1.60853
##################### ACCEPTABLE SUBNET NUMBER: 21  #########################
          0.546546
 4
 8
17
40
38
 2
20
 7
           1.57129
           1.36635
         -0.158107
         -0.203526
         0.0260152
         -0.487696
         -0.209328
          -0.67683
          -0.53007
##################### ACCEPTABLE SUBNET NUMBER: 22  #########################
           2.09889
 2
22
17
 3
42
23
19
          -1.02525
         -0.924417
          0.244773
         -0.841253
          0.487739
          0.625116
          -0.36836
          -1.25532
##################### ACCEPTABLE SUBNET NUMBER: 23  #########################
           2.59413
 5
40
41
39
47
45
 7
 7
16
 5
33
36
14
21
           1.89955
            1.9921
         -0.191816
          0.989779
          0.622879
           1.14192
         -0.495382
         -0.635798
          0.993074
          0.360815
          -1.12101
           1.18701
         0.0982919
          -0.56917
         -0.400587
##################### ACCEPTABLE SUBNET NUMBER: 24  #########################
           1.22788
 5
43
45
46
47
24
 2
25
 1
          0.706318
          0.716891
          -1.75679
         -0.904395
          0.121068
          -1.87813
         0.0898185
          -1.64767
         0.0468316
         -0.619862
##################### ACCEPTABLE SUBNET NUMBER: 25  #########################
           1.19679
 3
47
41
17
 0
          0.193176
         0.0411215
         -0.129942
         -0.982004
          -1.62836
         0.0507306
##################### ACCEPTABLE SUBNET NUMBER: 26  #########################
           1.89069
 7
 8
48
37
43
29
 9
45
 5
26
36
 4
20
12
           1.39422
           1.50002
           1.62216
          0.241385
         -0.245844
          0.468209
          0.601945
          0.825172
          -0.22039
         -0.342533
           1.68382
          0.602963
         -0.311448
         -0.540095
         -0.767705
##################### ACCEPTABLE SUBNET NUMBER: 27  #########################
           1.11374
12
39
17
49
47
34
37
32
40
30
48
28
15
 5
26
18
 7
13
16
           1.51932
           1.60934
           1.30534
         -0.758563
           1.36253
          0.121216
          0.727279
          0.593487
          -1.23268
            1.3764
         -0.339582
       0.000846253
           1.04809
         -0.385674
          -2.54735
            1.4668
           1.12487
           1.30249
           0.29688
         -0.897781
##################### ACCEPTABLE SUBNET NUMBER: 28  #########################
           1.52157
 7
48
41
32
49
17
50
43
 6
26
33
16
 4
42
23
           1.84754
           1.95105
             1.809
           1.76332
           1.26232
          0.198328
         -0.786326
         -0.943563
         -0.986121
          -1.81225
           1.90099
          0.800321
          0.414449
          -1.22666
          0.652442
          0.431431
##################### ACCEPTABLE SUBNET NUMBER: 29  #########################
          0.889079
 3
47
 9
30
 4
 7
42
 4
 5
       -0.00741735
         -0.117096
        -0.0199887
           0.35557
          0.724001
          -1.25178
          0.223865
          0.568307
         -0.428368
          -0.41089
##################### ACCEPTABLE SUBNET NUMBER: 30  #########################
           1.98148
 7
48
47
46
10
 9
28
22
 3
25
21
13
         0.0118147
        -0.0383066
         -0.474875
          -1.04375
          0.119668
         -0.582328
         -0.392329
         -0.310903
         -0.490746
          -1.52963
         0.0978145
         -0.406757
          -2.47552
##################### ACCEPTABLE SUBNET NUMBER: 31  #########################
           2.39504
 1
43
 1
 4
         -0.420668
         -0.590033
          -1.47112
          0.144742
          0.132692
##################### ACCEPTABLE SUBNET NUMBER: 32  #########################
           1.29466
 3
38
28
39
10
 7
26
19
11
20
16
33
23
 1
 5
           1.57267
            1.6685
           1.18297
           1.21148
          0.297437
         -0.912869
          0.930604
           1.24121
         -0.046319
          0.541809
         -0.607311
        -0.0475786
           1.16088
         0.0256627
         -0.266691
         -0.622896
##################### ACCEPTABLE SUBNET NUMBER: 33  #########################
           1.93269
 4
 9
46
45
43
 4
23
25
21
11
         -0.168374
         -0.591178
         -0.252464
          0.127581
         -0.388277
          -2.37351
         -0.764043
         -0.279153
          -1.89675
         -0.259547
          -1.92093
##################### ACCEPTABLE SUBNET NUMBER: 34  #########################
           2.45052
10
10
41
40
 8
37
39
38
35
43
 9
 5
42
 7
25
36
11
         -0.400527
          -1.08775
         -0.647714
         -0.089506
         -0.455597
         -0.621553
          -1.42177
          -1.49878
          -1.53954
          -2.12089
          -2.11742
          -1.52756
         -0.338982
         -0.317198
         -0.119607
          -1.49439
          -1.52461
         -0.339555
##################### ACCEPTABLE SUBNET NUMBER: 35  #########################
           1.96671
 1
43
 4
26
 7
19
33
           0.88254
          0.873032
           0.12536
         -0.293884
          0.208582
         0.0511493
         -0.680418
         -0.111898
##################### ACCEPTABLE SUBNET NUMBER: 36  #########################
          0.749897
 1
28
 0
           1.06674
          0.835751
          -1.41993
          0.286966
##################### ACCEPTABLE SUBNET NUMBER: 37  #########################
          0.559764
 3
38
17
40
 1
16
           0.84454
          0.472911
         -0.208922
         -0.269222
        -0.0870446
         -0.286713
          -1.91064
##################### ACCEPTABLE SUBNET NUMBER: 38  #########################
          0.761578
 4
28
43
30
 9
 3
 7
12
16
          0.724517
          0.438999
         -0.248882
         -0.460193
         0.0520851
         -0.541831
         -0.234797
         -0.453179
         -0.185348
          -1.85744
##################### ACCEPTABLE SUBNET NUMBER: 39  #########################
          0.994736
 6
22
48
47
38
39
45
 3
25
20
 7
          0.982183
          0.468949
         -0.262271
         -0.159834
         -0.255618
         -0.697454
          -1.59922
         -0.659452
         -0.517014
        -0.0989587
           -1.7094
          -1.21404
##################### ACCEPTABLE SUBNET NUMBER: 40  #########################
           2.32815
 9
34
47
28
49
46
39
 9
 8
45
 8
33
11
 7
19
 3
23
26
25
           1.67613
           1.76943
           1.01263
           1.45647
          -1.46256
           1.84804
          0.576222
          -1.07282
          -0.84644
          0.384209
          -1.65965
          -1.14086
           1.55531
         -0.945105
          -0.48632
         -0.779021
          -1.53587
          -1.54167
         -0.897951
         -0.316334
##################### ACCEPTABLE SUBNET NUMBER: 41  #########################
          0.636915
 3
50
49
28
 2
25
11
           1.35465
         -0.307268
         -0.552365
         -0.914661
         -0.979217
         -0.304513
          -1.10361
         -0.874293
##################### ACCEPTABLE SUBNET NUMBER: 42  #########################
          0.719997
 5
37
17
 9
47
46
 3
36
26
19
           1.38422
           1.32776
         -0.079282
         -0.137727
          0.110326
         -0.995101
        -0.0736036
          -2.15459
         -0.435957
        -0.0594701
          -2.30812
##################### ACCEPTABLE SUBNET NUMBER: 43  #########################
           2.62588
 1
43
 0
         -0.447042
         -0.407481
         -0.303358
          0.186626
##################### ACCEPTABLE SUBNET NUMBER: 44  #########################
           2.94623
 2
 8
46
 1
16
         -0.787222
          -1.08006
         -0.563168
         -0.379554
          0.912433
           1.62601
##################### ACCEPTABLE SUBNET NUMBER: 45  #########################
          0.913831
 1
40
 5
25
21
 5
20
11
            1.2865
          0.866759
         -0.231487
         -0.101438
         -0.259149
        -0.0843045
         -0.521696
         -0.962193
         -0.315086
##################### ACCEPTABLE SUBNET NUMBER: 46  #########################
          0.842577
 6
28
45
48
47
46
34
 2
44
 3
         -0.378813
         -0.639045
         -0.390983
          0.221916
         -0.623939
         -0.752733
          -0.74678
         -0.969595
          -0.28891
         -0.537096
         0.0978179
##################### ACCEPTABLE SUBNET NUMBER: 47  #########################
          0.680373
 4
 9
17
45
43
 0
          0.994122
          0.801319
         -0.151574
        -0.0128362
         0.0140118
         -0.431714
        -0.0874308
##################### ACCEPTABLE SUBNET NUMBER: 48  #########################
          0.599693
 2
49
17
 1
16
           2.18122
           1.19765
         -0.372068
         -0.375982
         -0.310247
          -2.93602
##################### ACCEPTABLE SUBNET NUMBER: 49  #########################
           0.56694
 5
49
47
37
17
43
 2
21
42
           1.45584
           0.82738
         -0.306815
         -0.354558
         -0.395885
          -1.07931
          -1.21664
         -0.142592
         -0.473837
         -0.414995
##################### ACCEPTABLE SUBNET NUMBER: 50  #########################
           2.94896
 9
28
48
46
47
45
43
41
40
39
 1
42
          -1.32693
          -1.08057
          0.153597
          0.205446
          -0.89613
          -1.06846
          -1.04893
           -0.2937
          -1.22155
          -1.16586
        -0.0614274
          -1.15246
          0.439571
----------Number of Acceptable Subnets found: 50 -----------
----------END FOR GENE 27 -----------
--------START FOR GENE 28 -----------
 Values arranged as error, n_ka, gene ids for ka, n_kd, gene ids for kd,
 r0, ea, d, ka_values, kd_values for each subnet. 
##################### ACCEPTABLE SUBNET NUMBER: 1  #########################
          0.649365
12
 8
 1
 2
 5
 6
12
13
14
15
17
35
41
 0
          -1.10406
         -0.622424
          -1.08572
          -0.87927
          -1.12092
          0.192148
         -0.559467
         0.0450056
          -1.39009
         0.0390384
         -0.674541
         -0.454595
           -1.1098
          0.830559
          0.804428
##################### ACCEPTABLE SUBNET NUMBER: 2  #########################
          0.709963
 0
 0
          0.446963
          0.861453
          0.473818
##################### ACCEPTABLE SUBNET NUMBER: 3  #########################
          0.502945
 0
 0
         -0.350958
         -0.496543
         -0.116095
##################### ACCEPTABLE SUBNET NUMBER: 4  #########################
          0.502888
 1
 1
 0
         -0.568875
         -0.493791
        -0.0324056
           -0.9559
##################### ACCEPTABLE SUBNET NUMBER: 5  #########################
          0.709297
 0
 0
       -0.00522791
         0.0949415
       -0.00904933
##################### ACCEPTABLE SUBNET NUMBER: 6  #########################
          0.727303
 0
 0
        0.00491087
          0.142615
        0.00491087
##################### ACCEPTABLE SUBNET NUMBER: 7  #########################
          0.709297
 0
 0
       -0.00522791
         0.0949415
       -0.00904933
##################### ACCEPTABLE SUBNET NUMBER: 8  #########################
          0.727303
 0
 0
        0.00491087
          0.142615
        0.00491087
##################### ACCEPTABLE SUBNET NUMBER: 9  #########################
          0.709297
 0
 0
       -0.00522791
         0.0949415
       -0.00904933
##################### ACCEPTABLE SUBNET NUMBER: 10  #########################
          0.727303
 0
 0
        0.00491087
          0.142615
        0.00491087
##################### ACCEPTABLE SUBNET NUMBER: 11  #########################
          0.709297
 0
 0
       -0.00522791
         0.0949415
       -0.00904933
##################### ACCEPTABLE SUBNET NUMBER: 12  #########################
          0.727303
 0
 0
        0.00491087
          0.142615
        0.00491087
##################### ACCEPTABLE SUBNET NUMBER: 13  #########################
          0.709297
 0
 0
       -0.00522791
         0.0949415
       -0.00904933
##################### ACCEPTABLE SUBNET NUMBER: 14  #########################
          0.727303
 0
 0
        0.00491087
          0.142615
        0.00491087
##################### ACCEPTABLE SUBNET NUMBER: 15  #########################
          0.709297
 0
 0
       -0.00522791
         0.0949415
       -0.00904933
##################### ACCEPTABLE SUBNET NUMBER: 16  #########################
          0.727303
 0
 0
        0.00491087
          0.142615
        0.00491087
##################### ACCEPTABLE SUBNET NUMBER: 17  #########################
          0.709297
 0
 0
       -0.00522791
         0.0949415
       -0.00904933
##################### ACCEPTABLE SUBNET NUMBER: 18  #########################
          0.727303
 0
 0
        0.00491087
          0.142615
        0.00491087
##################### ACCEPTABLE SUBNET NUMBER: 19  #########################
          0.709297
 0
 0
       -0.00522791
         0.0949415
       -0.00904933
##################### ACCEPTABLE SUBNET NUMBER: 20  #########################
          0.727303
 0
 0
        0.00491087
          0.142615
        0.00491087
##################### ACCEPTABLE SUBNET NUMBER: 21  #########################
          0.709297
 0
 0
       -0.00522791
         0.0949415
       -0.00904933
##################### ACCEPTABLE SUBNET NUMBER: 22  #########################
          0.727303
 0
 0
        0.00491087
          0.142615
        0.00491087
##################### ACCEPTABLE SUBNET NUMBER: 23  #########################
          0.709297
 0
 0
       -0.00522791
         0.0949415
       -0.00904933
##################### ACCEPTABLE SUBNET NUMBER: 24  #########################
          0.727303
 0
 0
        0.00491087
          0.142615
        0.00491087
##################### ACCEPTABLE SUBNET NUMBER: 25  #########################
          0.709297
 0
 0
       -0.00522791
         0.0949415
       -0.00904933
##################### ACCEPTABLE SUBNET NUMBER: 26  #########################
          0.727303
 0
 0
        0.00491087
          0.142615
        0.00491087
##################### ACCEPTABLE SUBNET NUMBER: 27  #########################
          0.709297
 0
 0
       -0.00522791
         0.0949415
       -0.00904933
##################### ACCEPTABLE SUBNET NUMBER: 28  #########################
          0.727303
 0
 0
        0.00491087
          0.142615
        0.00491087
##################### ACCEPTABLE SUBNET NUMBER: 29  #########################
          0.709297
 0
 0
       -0.00522791
         0.0949415
       -0.00904933
##################### ACCEPTABLE SUBNET NUMBER: 30  #########################
          0.727303
 0
 0
        0.00491087
          0.142615
        0.00491087
##################### ACCEPTABLE SUBNET NUMBER: 31  #########################
          0.709297
 0
 0
       -0.00522791
         0.0949415
       -0.00904933
##################### ACCEPTABLE SUBNET NUMBER: 32  #########################
          0.727303
 0
 0
        0.00491087
          0.142615
        0.00491087
##################### ACCEPTABLE SUBNET NUMBER: 33  #########################
          0.709297
 0
 0
       -0.00522791
         0.0949415
       -0.00904933
##################### ACCEPTABLE SUBNET NUMBER: 34  #########################
          0.709967
 0
 0
          0.249282
          0.669261
           1.23415
##################### ACCEPTABLE SUBNET NUMBER: 35  #########################
          0.709962
 0
 0
          0.818196
           1.23796
          0.813914
##################### ACCEPTABLE SUBNET NUMBER: 36  #########################
          0.709963
 0
 0
           1.54207
           1.96205
           1.63098
##################### ACCEPTABLE SUBNET NUMBER: 37  #########################
          0.709962
 0
 0
          0.818196
           1.23796
          0.813914
##################### ACCEPTABLE SUBNET NUMBER: 38  #########################
          0.709963
 0
 0
           1.54207
           1.96205
           1.63098
##################### ACCEPTABLE SUBNET NUMBER: 39  #########################
          0.709962
 0
 0
          0.818196
           1.23796
          0.813914
##################### ACCEPTABLE SUBNET NUMBER: 40  #########################
          0.709963
 0
 0
           1.54207
           1.96205
           1.63098
##################### ACCEPTABLE SUBNET NUMBER: 41  #########################
          0.709962
 0
 0
          0.818196
           1.23796
          0.813914
##################### ACCEPTABLE SUBNET NUMBER: 42  #########################
          0.709963
 0
 0
           1.54207
           1.96205
           1.63098
##################### ACCEPTABLE SUBNET NUMBER: 43  #########################
          0.709962
 0
 0
          0.818196
           1.23796
          0.813914
##################### ACCEPTABLE SUBNET NUMBER: 44  #########################
          0.709963
 0
 0
           1.54207
           1.96205
           1.63098
##################### ACCEPTABLE SUBNET NUMBER: 45  #########################
          0.709962
 0
 0
          0.818196
           1.23796
          0.813914
##################### ACCEPTABLE SUBNET NUMBER: 46  #########################
          0.709963
 0
 0
           1.54207
           1.96205
           1.63098
##################### ACCEPTABLE SUBNET NUMBER: 47  #########################
          0.709962
 0
 0
          0.818196
           1.23796
          0.813914
##################### ACCEPTABLE SUBNET NUMBER: 48  #########################
          0.709963
 0
 0
           1.54207
           1.96205
           1.63098
##################### ACCEPTABLE SUBNET NUMBER: 49  #########################
          0.709962
 0
 0
          0.818196
           1.23796
          0.813914
##################### ACCEPTABLE SUBNET NUMBER: 50  #########################
          0.709963
 0
 0
           1.54207
           1.96205
           1.63098
----------Number of Acceptable Subnets found: 50 -----------
----------END FOR GENE 28 -----------
--------START FOR GENE 29 -----------
 Values arranged as error, n_ka, gene ids for ka, n_kd, gene ids for kd,
 r0, ea, d, ka_values, kd_values for each subnet. 
##################### ACCEPTABLE SUBNET NUMBER: 1  #########################
          0.647425
 0
 0
           1.09635
           1.44322
            1.0945
##################### ACCEPTABLE SUBNET NUMBER: 2  #########################
          0.647425
 0
 0
           1.37844
           1.72533
           1.37643
##################### ACCEPTABLE SUBNET NUMBER: 3  #########################
          0.647425
 0
 0
           1.09635
           1.44322
            1.0945
##################### ACCEPTABLE SUBNET NUMBER: 4  #########################
          0.647425
 0
 0
           1.37844
           1.72533
           1.37643
##################### ACCEPTABLE SUBNET NUMBER: 5  #########################
          0.647425
 0
 0
           1.09635
           1.44322
            1.0945
##################### ACCEPTABLE SUBNET NUMBER: 6  #########################
          0.647425
 0
 0
           1.37844
           1.72533
           1.37643
##################### ACCEPTABLE SUBNET NUMBER: 7  #########################
          0.647425
 0
 0
           1.09635
           1.44322
            1.0945
##################### ACCEPTABLE SUBNET NUMBER: 8  #########################
          0.647425
 0
 0
           1.37844
           1.72533
           1.37643
##################### ACCEPTABLE SUBNET NUMBER: 9  #########################
          0.647425
 0
 0
           1.09635
           1.44322
            1.0945
##################### ACCEPTABLE SUBNET NUMBER: 10  #########################
          0.647425
 0
 0
           1.37844
           1.72533
           1.37643
##################### ACCEPTABLE SUBNET NUMBER: 11  #########################
          0.647425
 0
 0
           1.09635
           1.44322
            1.0945
##################### ACCEPTABLE SUBNET NUMBER: 12  #########################
          0.647425
 0
 0
           1.37844
           1.72533
           1.37643
##################### ACCEPTABLE SUBNET NUMBER: 13  #########################
          0.647425
 0
 0
           1.09635
           1.44322
            1.0945
##################### ACCEPTABLE SUBNET NUMBER: 14  #########################
          0.647425
 0
 0
           1.37844
           1.72533
           1.37643
##################### ACCEPTABLE SUBNET NUMBER: 15  #########################
          0.647425
 0
 0
           1.09635
           1.44322
            1.0945
##################### ACCEPTABLE SUBNET NUMBER: 16  #########################
          0.647425
 0
 0
           1.37844
           1.72533
           1.37643
##################### ACCEPTABLE SUBNET NUMBER: 17  #########################
          0.647425
 0
 0
           1.09635
           1.44322
            1.0945
##################### ACCEPTABLE SUBNET NUMBER: 18  #########################
          0.647425
 0
 0
           1.37844
           1.72533
           1.37643
##################### ACCEPTABLE SUBNET NUMBER: 19  #########################
          0.608238
 0
 0
          -1.83378
           -2.2256
          -1.69965
##################### ACCEPTABLE SUBNET NUMBER: 20  #########################
          0.608238
 0
 0
           -1.6571
          -2.22565
          -1.57916
##################### ACCEPTABLE SUBNET NUMBER: 21  #########################
          0.608238
 0
 0
          -1.83378
           -2.2256
          -1.69965
##################### ACCEPTABLE SUBNET NUMBER: 22  #########################
          0.608238
 0
 0
           -1.6571
          -2.22565
          -1.57916
##################### ACCEPTABLE SUBNET NUMBER: 23  #########################
          0.608238
 0
 0
          -1.83378
           -2.2256
          -1.69965
##################### ACCEPTABLE SUBNET NUMBER: 24  #########################
          0.608238
 0
 0
           -1.6571
          -2.22565
          -1.57916
##################### ACCEPTABLE SUBNET NUMBER: 25  #########################
          0.608238
 0
 0
          -1.83378
           -2.2256
          -1.69965
##################### ACCEPTABLE SUBNET NUMBER: 26  #########################
          0.608238
 0
 0
           -1.6571
          -2.22565
          -1.57916
##################### ACCEPTABLE SUBNET NUMBER: 27  #########################
          0.608238
 0
 0
          -1.83378
           -2.2256
          -1.69965
##################### ACCEPTABLE SUBNET NUMBER: 28  #########################
          0.608238
 0
 0
           -1.6571
          -2.22565
          -1.57916
##################### ACCEPTABLE SUBNET NUMBER: 29  #########################
          0.608238
 0
 0
          -1.83378
           -2.2256
          -1.69965
##################### ACCEPTABLE SUBNET NUMBER: 30  #########################
          0.608238
 0
 0
           -1.6571
          -2.22565
          -1.57916
##################### ACCEPTABLE SUBNET NUMBER: 31  #########################
          0.608238
 0
 0
          -1.83378
           -2.2256
          -1.69965
##################### ACCEPTABLE SUBNET NUMBER: 32  #########################
          0.608238
 0
 0
           -1.6571
          -2.22565
          -1.57916
##################### ACCEPTABLE SUBNET NUMBER: 33  #########################
          0.608238
 0
 0
          -1.83378
           -2.2256
          -1.69965
##################### ACCEPTABLE SUBNET NUMBER: 34  #########################
          0.608238
 0
 0
           -1.6571
          -2.22565
          -1.57916
##################### ACCEPTABLE SUBNET NUMBER: 35  #########################
          0.608238
 0
 0
          -1.83378
           -2.2256
          -1.69965
##################### ACCEPTABLE SUBNET NUMBER: 36  #########################
          0.608238
 0
 0
           -1.6571
          -2.22565
          -1.57916
##################### ACCEPTABLE SUBNET NUMBER: 37  #########################
          0.608238
 0
 0
          -1.83378
           -2.2256
          -1.69965
##################### ACCEPTABLE SUBNET NUMBER: 38  #########################
          0.608238
 0
 0
           -1.6571
          -2.22565
          -1.57916
##################### ACCEPTABLE SUBNET NUMBER: 39  #########################
          0.608238
 0
 0
          -1.83378
           -2.2256
          -1.69965
##################### ACCEPTABLE SUBNET NUMBER: 40  #########################
          0.608238
 0
 0
           -1.6571
          -2.22565
          -1.57916
##################### ACCEPTABLE SUBNET NUMBER: 41  #########################
          0.608238
 0
 0
          -1.83378
           -2.2256
          -1.69965
##################### ACCEPTABLE SUBNET NUMBER: 42  #########################
          0.608238
 0
 0
           -1.6571
          -2.22565
          -1.57916
##################### ACCEPTABLE SUBNET NUMBER: 43  #########################
          0.608238
 0
 0
          -1.83378
           -2.2256
          -1.69965
##################### ACCEPTABLE SUBNET NUMBER: 44  #########################
          0.608238
 0
 0
           -1.6571
          -2.22565
          -1.57916
##################### ACCEPTABLE SUBNET NUMBER: 45  #########################
          0.608238
 0
 0
          -1.83378
           -2.2256
          -1.69965
##################### ACCEPTABLE SUBNET NUMBER: 46  #########################
          0.608238
 0
 0
           -1.6571
          -2.22565
          -1.57916
##################### ACCEPTABLE SUBNET NUMBER: 47  #########################
          0.608238
 0
 0
          -1.83378
           -2.2256
          -1.69965
##################### ACCEPTABLE SUBNET NUMBER: 48  #########################
          0.608238
 0
 0
           -1.6571
          -2.22565
          -1.57916
##################### ACCEPTABLE SUBNET NUMBER: 49  #########################
          0.608238
 0
 0
          -1.83378
           -2.2256
          -1.69965
##################### ACCEPTABLE SUBNET NUMBER: 50  #########################
          0.608238
 0
 0
           -1.6571
          -2.22565
          -1.57916
----------Number of Acceptable Subnets found: 50 -----------
----------END FOR GENE 29 -----------
