 0                  1                1                1               1                1                1               1               1               1               1
 1         0.28171463       0.27815868       0.28228251       0.2866244       0.29561331        0.3067928      0.31139573       0.2720791      0.29584104      0.27838118
 2         0.13485595       0.13489014       0.12646803      0.13276377       0.12198565       0.12096225      0.12192038      0.13335972       0.1463546        0.126177
 3         0.14929864       0.12973892       0.14392416      0.11066299       0.14933264       0.12876971      0.13052202      0.13225719      0.13776411      0.13682627
 4         0.15952654       0.13717472       0.15570763      0.13493043       0.16624435       0.16557004       0.1592994      0.14867053      0.14367491      0.14287312
 5         0.12340296       0.11428145       0.13150462      0.12486741        0.1131916       0.12684228       0.1148564      0.13024009       0.1241587      0.11066079
 6        0.057114915      0.055245725      0.059478293     0.064217526      0.047876925       0.05701477     0.043513589     0.065668149     0.064685386     0.049445431
 7        0.021426554      0.016420645      0.020490809      0.02309598      0.017574618       0.02498461     0.016038169     0.020272656     0.020173225     0.018170199
 8       0.0080820157     0.0043632797     0.0069606168    0.0078313019     0.0065484812      0.012729109    0.0075323114    0.0068313588    0.0057900066    0.0071884987
 9       0.0034480355     0.0011141619     0.0026120594    0.0028905113     0.0027256415     0.0081576602    0.0048501489    0.0034749761    0.0018421387     0.003447126
10       0.0017942501    0.00028235943     0.0012037854    0.0012643901     0.0013731975      0.006428585    0.0039369281    0.0026170723   0.00079921897    0.0020988803
11       0.0011513254    7.1817576e-05    0.00071716537   0.00067955738    0.00086167004      0.005768696    0.0035940886    0.0023567626    0.0005295244    0.0015762287
