 0                  1             1             1            1            1            1            1            1            1            1
 1          1.9176774     2.5846223     2.1761612    2.4080304    2.3548059    2.3177291    2.2738808     2.608109    2.5973141    1.8759916
 2          2.8929533     2.8691392     2.8099702    2.7782873    2.6755914     2.854266    2.6789522    2.8897501    2.7197757    2.9612756
 3          3.0854881     3.1446196     3.2400212    2.9469755    3.0546696     3.137476    3.0540279    3.0693718    3.1490813    3.4233998
 4          3.2018775     3.2774836     3.3837857    3.0346213    3.2549043    3.2599124    3.3368258    3.2257266    3.3723285    3.4922615
 5          3.3070276     3.3275894     3.4166786    3.1636143    3.3287462     3.309515    3.5064843     3.333371    3.4262559    3.4676909
 6          3.3493975     3.3533877     3.4242315    3.3092497    3.3572216    3.3290856     3.600042    3.4039369    3.4407866    3.3995064
 7          3.3618361      3.387503     3.4259518    3.4344286    3.3700169    3.3366475    3.6530223    3.4516666    3.4462034    3.3425057
 8          3.3659959     3.4191174      3.426356     3.517104    3.3762412    3.3394914    3.6851002    3.4850624    3.4487221     3.335485
 9          3.3682485     3.4442539     3.4265582    3.5676386    3.3800757    3.3404864     3.705892    3.5089545    3.4499622     3.360741
10          3.3694496     3.4668582     3.4265451    3.5979807    3.3821332    3.3407518    3.7201476    3.5276591    3.4505997    3.3977237
11          3.3701456     3.4820757     3.4265564    3.6166847    3.3835011    3.3406957    3.7307202    3.5429393    3.4508714    3.4288823
