 0                  1              1            1            1            1            1            1            1            1            1
 1          2.1662966      2.0406028    2.1645821    2.2110458    2.1499528    2.1066908    2.1253656    2.0237288     2.226445    2.2306147
 2           2.546283      2.4602629    2.5531418    2.4871573    2.4622453    2.5807748    2.5171931    2.5833615    2.6379647    2.5798957
 3           2.395148      2.3614456    2.2979171    2.3894655    2.4062399     2.363999    2.3515321    2.4298119    2.3487472    2.3302904
 4          1.7320083      1.6277427    1.5282864    1.6244409    1.7062806    1.5570157    1.6078705    1.5800145    1.5496423    1.5098659
 5          1.0316138       1.005712   0.94660002   0.94631293   0.99991309   0.98320508   0.98588924    1.0181723   0.98837239   0.93375538
 6         0.68744147     0.70922559   0.71744253   0.67067903   0.69631773   0.75574013   0.73868884    0.7546156    0.7383553   0.70761695
 7         0.57356987     0.57993831   0.63158685   0.56500637   0.57831006   0.66345632   0.63899916   0.63267258   0.63867517   0.61688816
 8         0.55822482     0.53239957   0.59949088   0.53485737   0.54287327   0.62104518   0.59354748   0.58134592   0.60525386   0.57628464
 9         0.56897528     0.52572039   0.58824174   0.54391143   0.54916301   0.60065007   0.56656088   0.57201995   0.59626709   0.55627862
10         0.58631454     0.54458544   0.58528784   0.57987548   0.58317183   0.58911758   0.54706039   0.59248805   0.59632463   0.54539225
11         0.60016699     0.58367364   0.58493296   0.63875632   0.64079811   0.58236902   0.53217797   0.63852235   0.59897829   0.53887227
