File open successful. It contains: 
Finished reading file, will close now.
File x_dt open successful.
Finished reading file x_dt, will close now.
File sd_d open successful.
Finished reading file sd_d, will close now.
--------START FOR GENE 18 -----------
 Values arranged as error, n_ka, gene ids for ka, n_kd, gene ids for kd,
 r0, ea, d, ka_values, kd_values for each subnet. 
##################### ACCEPTABLE SUBNET NUMBER: 1  #########################
           1.56389
10
29
33
10
50
14
39
40
11
 5
24
21
49
42
31
 6
41
17
37
30
23
44
12
21
 8
43
38
 4
 7
25
 1
26
 2
           1.75896
           1.02994
          0.650436
           1.23568
           1.10888
          0.194269
         -0.656178
          0.306436
         0.0937082
          -1.17991
          -1.63522
         0.0359378
        -0.0934821
           1.24162
          0.285492
         -0.224419
           0.19631
           1.28154
          0.962895
           1.45071
         -0.165802
         -0.812692
           0.58457
        0.00377057
          0.546947
          0.243699
          -1.29333
           1.28494
          0.146016
       -0.00980877
         -0.546192
            1.2434
        -0.0141737
         -0.830311
##################### ACCEPTABLE SUBNET NUMBER: 2  #########################
           1.71364
10
34
25
13
38
49
 6
29
21
 8
10
 6
24
11
 4
14
39
 3
           1.61587
          0.839661
         -0.792089
        -0.0162607
        -0.0493409
          0.165893
         -0.731904
          -1.57052
         -0.491044
         -0.548383
         -0.692636
          -1.32311
         -0.711596
          0.527983
          0.305955
          -1.45194
          0.269401
          -1.46491
        -0.0040997
##################### ACCEPTABLE SUBNET NUMBER: 3  #########################
           1.63827
 7
 4
 7
16
50
12
34
30
 6
 1
44
13
 8
11
22
           1.07706
          0.146345
           0.65427
           1.00933
          0.854935
          0.791208
          0.025085
        -0.0216362
          -1.57495
          -2.18558
           1.43276
           1.34459
          -2.07082
          0.343283
          0.863027
          -1.10668
##################### ACCEPTABLE SUBNET NUMBER: 4  #########################
           2.76269
 4
 6
34
21
 2
 5
 1
30
17
15
27
          0.858997
          0.478497
         -0.531662
          0.518137
         0.0385175
          0.521493
         -0.820171
          0.838907
          0.501711
          0.257808
           -1.6296
          0.524139
##################### ACCEPTABLE SUBNET NUMBER: 5  #########################
           1.21988
 8
19
25
45
 7
 4
 2
15
28
 5
22
26
 1
12
14
           1.31001
          0.282188
         -0.830387
          0.401795
          0.136114
          0.124679
         0.0427662
          0.526772
          0.420249
         -0.445391
         -0.754529
          0.885506
         -0.588334
          0.852195
         -0.222407
         -0.539384
##################### ACCEPTABLE SUBNET NUMBER: 6  #########################
           1.52408
 3
 7
16
50
 4
30
44
47
25
            2.1539
           0.83131
          -1.15084
         -0.172294
         -0.176899
        -0.0128152
          0.158488
          0.435358
          0.255996
         -0.278756
##################### ACCEPTABLE SUBNET NUMBER: 7  #########################
           1.41689
 6
33
 6
10
41
35
43
 2
 8
46
           1.54907
          0.881197
          0.146128
          0.674548
          0.519497
          0.608847
          0.532776
          -1.23753
         -0.818323
          0.856784
          0.921464
##################### ACCEPTABLE SUBNET NUMBER: 8  #########################
           5.48172
 6
29
36
48
50
13
26
 7
43
12
 2
35
 9
34
23
           1.99144
           1.19286
          0.775736
           1.60345
           1.50126
           1.22958
          0.634429
         -0.444051
          0.175419
           1.79589
           1.87968
          -1.46735
           1.19547
         -0.250324
         -0.517265
           -1.5608
##################### ACCEPTABLE SUBNET NUMBER: 9  #########################
             3.939
 4
34
 7
16
 4
 7
41
46
30
11
25
32
 5
           1.99123
           1.93203
          0.934077
           1.78595
         -0.308751
          0.384929
          0.273873
           1.71237
          0.657277
           1.55988
         0.0678973
           1.33117
         -0.987541
          -2.05363
##################### ACCEPTABLE SUBNET NUMBER: 10  #########################
           2.56117
 4
33
13
17
 6
14
11
 2
46
27
31
30
37
43
38
45
35
26
42
 1
           2.02434
           1.16902
         -0.426886
          0.379375
          0.508289
         -0.344314
         -0.685999
          0.684831
           1.32293
        -0.0204308
        -0.0415368
          0.426308
          -1.44811
          0.653521
         -0.327199
         -0.412403
         -0.126884
          -1.47392
         -0.635975
         -0.754173
         -0.103151
##################### ACCEPTABLE SUBNET NUMBER: 11  #########################
           5.19642
 9
49
 3
25
13
 4
44
10
46
24
 3
 1
47
31
          0.844873
         0.0658596
         -0.601575
         -0.093265
         -0.839398
        -0.0535091
         -0.418046
         -0.936661
         -0.121883
         0.0107416
         -0.792758
          -1.21147
          0.383636
           0.21591
         -0.316858
