File open successful. It contains: 
Finished reading file, will close now.
File x_dt open successful.
Finished reading file x_dt, will close now.
File sd_d open successful.
Finished reading file sd_d, will close now.
--------START FOR GENE 19 -----------
 Values arranged as error, n_ka, gene ids for ka, n_kd, gene ids for kd,
 r0, ea, d, ka_values, kd_values for each subnet. 
##################### ACCEPTABLE SUBNET NUMBER: 1  #########################
          0.482371
 6
15
 5
 2
 4
46
14
 3
11
24
49
          0.793284
           0.31283
         -0.468703
         -0.480594
         -0.451361
          0.452732
         -0.547864
         -0.296321
          -1.39452
         -0.637132
         -0.788692
         -0.501532
##################### ACCEPTABLE SUBNET NUMBER: 2  #########################
          0.780227
 6
 2
14
40
39
16
22
 2
 4
32
          0.419129
         -0.151016
          -1.39662
          0.500633
          -1.44394
           -1.8235
          -1.60657
         -0.962624
         -0.655857
          0.182502
         -0.568205
##################### ACCEPTABLE SUBNET NUMBER: 3  #########################
          0.665799
 2
 2
31
 6
30
32
 5
50
 6
15
          0.490332
         -0.111053
          0.373213
           1.08226
         -0.906247
         -0.155967
          0.722275
          0.809784
         -0.264719
          0.363472
           0.32182
##################### ACCEPTABLE SUBNET NUMBER: 4  #########################
           2.92591
 1
10
 4
 7
30
28
 9
          0.692086
         -0.252833
         -0.847881
           0.28721
          0.603876
          -1.24852
            -0.545
          -0.54082
##################### ACCEPTABLE SUBNET NUMBER: 5  #########################
           2.29712
 5
44
48
25
22
28
 3
38
50
39
           1.96151
         -0.386171
          0.485396
          0.782083
          0.648581
         -0.124653
          -2.43488
          -2.43769
           1.57103
         -0.123576
         -0.197084
##################### ACCEPTABLE SUBNET NUMBER: 6  #########################
          0.666986
 6
11
 7
10
14
 2
45
 3
 1
33
 4
            1.4661
          0.746724
         -0.348886
         -0.590209
          -2.17715
         -0.217866
          -1.07103
          0.403306
          -1.44118
         -0.349415
        -0.0127609
         -0.817844
##################### ACCEPTABLE SUBNET NUMBER: 7  #########################
           0.73158
 8
38
 5
23
12
27
 2
 9
42
 2
48
37
          0.971019
          0.509266
          -0.35099
          -0.75487
          -1.79209
          -1.07437
          -1.07347
          -0.56307
          0.500232
         -0.590185
         -0.683676
         -0.073722
         -0.311251
##################### ACCEPTABLE SUBNET NUMBER: 8  #########################
          0.734967
 5
40
43
 2
 4
42
 2
44
11
           1.41195
          0.501565
         -0.472912
         -0.632248
         -0.350566
          0.340011
          -1.08602
         -0.623711
         -0.490946
         -0.197112
##################### ACCEPTABLE SUBNET NUMBER: 9  #########################
          0.800499
 4
43
 2
21
24
 2
33
26
           1.50016
          0.704467
         -0.400675
         -0.398753
          0.378638
         -0.820139
           -0.8138
         -0.622743
         -0.159713
##################### ACCEPTABLE SUBNET NUMBER: 10  #########################
          0.707086
 3
 2
40
33
 0
          0.851784
          0.172931
         -0.350935
          0.350451
          -1.49252
          -0.75554
##################### ACCEPTABLE SUBNET NUMBER: 11  #########################
           1.34574
 5
45
15
30
39
23
 6
 1
25
33
18
12
40
          0.351337
         -0.180452
          -1.00476
       -0.00148306
         0.0700491
          -2.40912
         -0.134236
         -0.143101
          0.641459
         0.0609458
          0.125555
          -2.55545
         -0.643771
         -0.448693
##################### ACCEPTABLE SUBNET NUMBER: 12  #########################
           1.20855
 9
13
32
22
 9
14
27
 2
 7
 8
 5
 1
42
 6
23
26
            1.0073
          0.401161
         -0.464797
         -0.333582
         -0.187894
         -0.318665
          0.337557
         -0.435442
         0.0395017
           -1.0354
         -0.846895
         0.0243121
          0.368714
           0.34811
         0.0233276
          -1.04166
          -1.33768
##################### ACCEPTABLE SUBNET NUMBER: 13  #########################
          0.697184
 5
34
42
 9
18
16
12
48
39
24
 1
33
40
28
45
23
50
15
 3
           1.99688
           1.28256
          0.626071
          0.585655
          0.572787
           1.07605
          0.594939
          0.329039
           1.01234
           1.01992
         0.0404851
           1.10883
         -0.856106
         -0.916491
          0.151102
        -0.0329112
         -0.566336
          0.457199
          0.503115
         -0.345108
##################### ACCEPTABLE SUBNET NUMBER: 14  #########################
           2.53945
 2
14
34
 3
48
35
37
           1.07981
         0.0529197
         -0.320106
         0.0344224
          -1.35518
          0.114431
          0.232366
          -1.73823
##################### ACCEPTABLE SUBNET NUMBER: 15  #########################
          0.376117
 6
 9
23
28
 2
18
46
 0
          0.801138
         -0.131783
          -1.32544
          -2.05391
          -2.49749
          -1.19917
          0.167937
         -0.344862
         -0.343502
##################### ACCEPTABLE SUBNET NUMBER: 16  #########################
          0.801025
 6
14
 7
21
46
41
16
 3
 6
18
24
           1.29144
          0.491752
          -1.00191
        -0.0110871
         -0.404102
          -0.19104
         -0.310209
         -0.642283
          -1.24969
           0.15357
         -0.353106
          -0.43846
##################### ACCEPTABLE SUBNET NUMBER: 17  #########################
           1.26914
 1
28
 6
 5
25
34
26
 2
 6
           1.48532
          0.444707
           -1.1696
          0.133274
         0.0838222
          0.118881
          -0.03611
       -0.00358504
          0.030842
         -0.426595
##################### ACCEPTABLE SUBNET NUMBER: 18  #########################
            1.0218
 2
 2
12
10
32
14
27
33
30
21
36
29
11
16
          0.533373
        -0.0947845
       -0.00532627
           1.65631
         -0.960641
           1.18993
         -0.703526
           1.35758
          -1.28726
          -1.22812
          -2.83238
          -2.03999
         -0.241944
         -0.638351
         -0.627717
##################### ACCEPTABLE SUBNET NUMBER: 19  #########################
           2.96599
13
 8
45
32
37
16
14
44
22
31
35
12
 2
47
 6
30
25
18
 3
38
 5
           0.82031
         -0.120383
          0.605837
         -0.101471
           1.33046
           1.17989
          -1.50537
          0.599844
           -1.4554
          -1.55553
          -1.18045
         -0.957531
         -0.669437
          -1.34331
          -0.27802
         -0.455492
           1.96525
            1.5843
         -0.201132
         -0.918009
         0.0427099
         -0.472219
##################### ACCEPTABLE SUBNET NUMBER: 20  #########################
           1.96143
 3
 7
30
46
 7
 6
33
32
18
 2
26
 1
           1.95879
           1.10305
          0.268304
          0.143408
         -0.758338
         -0.587673
          0.569718
          0.446335
          0.643165
        -0.0773149
           0.20329
          -1.79019
         -0.349539
##################### ACCEPTABLE SUBNET NUMBER: 21  #########################
           2.35405
 4
40
25
 8
10
13
18
 5
21
27
33
32
13
15
 9
35
26
45
20
          0.800425
          -0.45853
         -0.446166
          0.702982
           0.91804
          0.423375
          -1.01867
           1.06526
           1.66306
          -1.42547
         -0.814316
          0.722292
          0.472846
          -1.00874
         -0.828626
           -2.6746
          0.321495
          -1.17698
          -1.45947
           -1.5359
##################### ACCEPTABLE SUBNET NUMBER: 22  #########################
           1.91079
 9
 2
20
17
10
43
42
11
 5
33
 4
45
39
 4
47
           0.23667
         -0.307884
         -0.763907
           1.32249
         -0.359908
          -1.29434
          -1.32658
          -1.00018
         -0.131277
          0.638334
          0.123356
          -1.85174
           1.09531
          0.203089
          0.112245
         -0.648682
##################### ACCEPTABLE SUBNET NUMBER: 23  #########################
          0.691388
 9
45
28
39
 8
 4
14
26
36
10
 7
42
18
33
 1
31
27
22
           1.96857
           1.60202
         -0.541615
          0.800419
           0.12518
          0.438059
          0.918445
          -0.05325
          -1.68902
         -0.405473
         -0.652447
          0.534421
          0.954326
          0.510461
          0.787562
           1.11426
          -1.34221
        -0.0783939
          -1.44479
##################### ACCEPTABLE SUBNET NUMBER: 24  #########################
          0.732998
 3
44
46
 8
 3
 1
45
 7
          0.818988
        -0.0732697
         -0.864632
         -0.166307
         -0.374594
       -0.00640607
          0.424327
         -0.289005
         -0.448443
##################### ACCEPTABLE SUBNET NUMBER: 25  #########################
           2.19798
 4
10
17
28
32
 5
50
21
 8
23
47
           1.30624
          0.242384
         -0.668743
         -0.311038
         -0.866523
       -0.00682703
          -1.43115
          -1.51417
        -0.0604493
         -0.380123
         -0.450299
         -0.711654
##################### ACCEPTABLE SUBNET NUMBER: 26  #########################
           2.41685
 2
28
10
 8
46
 6
32
26
 1
24
50
 3
          0.968994
         -0.152984
           1.12991
           1.44663
         -0.752273
            1.6707
           1.74755
          0.438348
         -0.424599
         -0.431661
           1.27931
            0.4731
         -0.742449
##################### ACCEPTABLE SUBNET NUMBER: 27  #########################
           1.32973
 5
14
28
44
46
10
 2
 1
33
          0.275292
         -0.281534
         -0.823293
          -2.00294
          0.137018
          -1.17141
         -0.331958
         -0.767257
          0.438763
          -1.38831
##################### ACCEPTABLE SUBNET NUMBER: 28  #########################
          0.714245
 3
17
 7
 2
 1
31
           1.12712
          0.301489
         -0.401022
         -0.544738
         -0.573592
          0.333064
         -0.383997
##################### ACCEPTABLE SUBNET NUMBER: 29  #########################
          0.714141
 1
 2
 1
50
           1.12756
          0.314452
         -0.396434
          0.338936
          -1.20062
##################### ACCEPTABLE SUBNET NUMBER: 30  #########################
           2.31312
10
45
27
17
48
43
49
12
30
46
18
 7
41
42
 6
32
 7
 9
25
           1.48158
          0.133016
          0.950455
           0.96758
          0.327347
          0.459697
          0.297353
           0.31665
          0.367598
          -0.31734
           0.44825
         -0.650703
         -0.112425
           1.44196
           1.58192
          -0.48005
          -1.73228
            1.2776
         -0.323292
         -0.258319
##################### ACCEPTABLE SUBNET NUMBER: 31  #########################
           2.69295
 3
43
15
41
 4
 6
25
12
37
           2.81408
          0.988801
         -0.768005
         -0.374817
         -0.708218
         -0.680774
         -0.028646
          -0.50379
          -1.07508
          -1.32464
##################### ACCEPTABLE SUBNET NUMBER: 32  #########################
           0.84396
 4
28
41
46
36
 3
32
30
22
          0.980731
         -0.085641
         -0.992663
         0.0292171
         -0.260404
          -0.25178
          -1.39938
          0.121206
          0.435986
         -0.551654
##################### ACCEPTABLE SUBNET NUMBER: 33  #########################
          0.776086
 2
 8
28
 3
42
 1
10
           2.73821
           1.00615
         -0.727166
         -0.417403
         -0.118701
          0.150486
          -1.11025
          -0.67916
##################### ACCEPTABLE SUBNET NUMBER: 34  #########################
           1.15182
 4
 7
26
 2
31
 8
 6
30
38
48
33
21
10
27
           0.45104
         -0.141709
         -0.157049
         -0.132912
           -1.3024
          0.371131
         -0.927373
          0.171289
          0.385471
          -1.89668
         -0.420227
          0.181774
          -1.03312
         -0.192282
         -0.500653
##################### ACCEPTABLE SUBNET NUMBER: 35  #########################
          0.953617
 4
23
10
27
30
 5
 1
43
 7
48
11
            1.0465
          0.228005
          -0.54914
         -0.514652
         -0.208366
         -0.109188
        -0.0246788
          0.337088
          -0.23509
         -0.770276
          -0.56501
          -0.50702
##################### ACCEPTABLE SUBNET NUMBER: 36  #########################
           1.80659
 2
20
 7
 4
15
25
49
23
           1.58401
          0.403717
         -0.434113
        -0.0644648
           -2.0648
         0.0814281
         0.0473083
          -0.63463
          -2.90631
##################### ACCEPTABLE SUBNET NUMBER: 37  #########################
          0.509426
 4
 2
24
30
40
 2
22
45
          0.368541
          -0.10837
          -2.11549
          0.555979
         -0.806728
         -0.131933
         -0.878385
          -1.47476
          0.164908
##################### ACCEPTABLE SUBNET NUMBER: 38  #########################
           2.83937
 6
45
41
26
22
30
48
10
32
44
 6
40
17
 5
50
47
37
14
           1.83191
           1.33516
           0.64441
          0.554407
          0.584098
        -0.0548671
          -1.77043
           -0.6143
          0.193499
          0.958622
          0.263493
          0.877517
          -1.45474
          0.351743
         -0.637169
          0.364746
         -0.824637
         0.0304534
        0.00915125
##################### ACCEPTABLE SUBNET NUMBER: 39  #########################
           1.23991
10
40
20
43
46
 7
29
32
11
36
45
 8
42
 1
28
39
38
 2
47
16
          0.108686
         -0.258624
         -0.825546
          0.216322
          0.387342
          0.171681
          -1.09566
          -1.18032
          -1.22734
          -3.02595
          -3.02588
         -0.959709
          -0.24548
           0.45779
          0.842098
         -0.458128
         -0.761186
         -0.781359
          0.168011
          -1.22474
          -1.92267
##################### ACCEPTABLE SUBNET NUMBER: 40  #########################
           1.35148
 2
28
37
 4
39
 1
12
48
           1.69357
         -0.163762
         -0.221337
          -1.44463
          -1.41413
          0.446135
          0.710694
          -1.06745
         -0.514394
##################### ACCEPTABLE SUBNET NUMBER: 41  #########################
           1.64715
 3
10
28
33
 1
18
           1.42715
          0.414829
         -0.896487
         -0.181799
         0.0140546
         -0.584413
          0.140473
##################### ACCEPTABLE SUBNET NUMBER: 42  #########################
           2.66139
 7
 8
24
15
14
37
 3
23
 9
39
42
16
26
46
17
22
12
49
           2.06583
           1.74794
           1.39309
           1.45824
          0.128013
        -0.0561788
           1.16308
          -1.70624
          0.293504
         0.0509028
           1.51866
           1.64786
           1.43592
            1.5472
          0.335097
         -0.991666
          0.629269
            0.4247
          -1.35973
##################### ACCEPTABLE SUBNET NUMBER: 43  #########################
            2.5819
 6
 7
31
39
44
25
42
 5
33
 1
30
 9
 6
           0.32487
         -0.161031
          0.721873
          -2.21961
         -0.879855
          0.359527
          0.198238
          -1.29476
          0.155698
           1.07723
           1.25938
          0.834459
          -1.09556
          -1.09331
##################### ACCEPTABLE SUBNET NUMBER: 44  #########################
           2.91114
 0
 0
         -0.367343
          -1.19286
         -0.367343
##################### ACCEPTABLE SUBNET NUMBER: 45  #########################
           2.96506
 3
23
46
38
 2
 5
47
          0.919905
         -0.426529
         -0.676683
          0.144535
         -0.614398
         -0.914472
          0.817633
         -0.671804
##################### ACCEPTABLE SUBNET NUMBER: 46  #########################
           2.41602
 7
 9
33
 7
18
25
42
14
12
11
37
26
45
23
40
36
39
17
47
28
50
          0.688205
         -0.437751
          0.129414
           1.65215
          0.755953
          -2.03532
         -0.791554
         -0.453626
          0.425416
           0.42306
           2.04052
         -0.484801
          0.925052
          0.357295
          0.750182
          0.462716
          0.192597
          0.846565
          0.122916
          0.489926
          -2.07028
         -0.771064
##################### ACCEPTABLE SUBNET NUMBER: 47  #########################
           2.15059
 3
14
 9
25
 3
 6
49
30
           1.36018
            0.1827
         -0.446849
         -0.161048
          -1.12326
          -2.23323
          0.123529
         -0.897079
          -2.23371
##################### ACCEPTABLE SUBNET NUMBER: 48  #########################
           0.71464
 4
12
27
 3
 2
 2
33
47
           0.89763
          0.432047
         -0.338242
         -0.518128
         -0.622207
          -1.11297
          0.493052
         -0.120409
         -0.212403
##################### ACCEPTABLE SUBNET NUMBER: 49  #########################
           1.42867
 3
15
42
36
 2
16
 1
          0.550553
        -0.0394357
         -0.285787
         0.0018085
         -0.805293
         -0.391912
          -1.82379
          0.470324
##################### ACCEPTABLE SUBNET NUMBER: 50  #########################
           1.07253
 3
26
12
11
 3
 1
24
48
          0.924685
         -0.169201
          -1.66406
         -0.347516
        -0.0684926
        -0.0885466
          0.704581
         -0.420694
         0.0569304
##################### ACCEPTABLE SUBNET NUMBER: 51  #########################
          0.669383
 2
 2
10
 1
11
          0.781819
          0.184417
         -0.350913
          0.406211
         -0.717282
         -0.198976
##################### ACCEPTABLE SUBNET NUMBER: 52  #########################
           2.22675
 2
33
13
 5
18
32
 9
 7
30
           1.01173
          0.327848
          0.309749
          0.645053
          -0.11696
          0.996938
           0.89945
        -0.0599703
         -0.669421
           -2.5326
##################### ACCEPTABLE SUBNET NUMBER: 53  #########################
           1.20981
 4
44
46
43
12
 4
25
41
 6
29
           1.27975
           0.27347
         -0.842733
        -0.0401147
         -0.120431
         -0.245219
          -1.39606
          0.237383
          0.288396
          0.232662
          -1.40619
##################### ACCEPTABLE SUBNET NUMBER: 54  #########################
          0.904976
 3
 2
44
22
 2
47
46
           1.11917
           0.51381
         -0.382606
          0.429664
         -0.378193
          -1.58928
          -1.10192
          -1.95094
##################### ACCEPTABLE SUBNET NUMBER: 55  #########################
           2.40615
13
 6
20
14
23
35
36
 8
38
16
29
49
11
 9
11
 1
26
42
46
39
17
43
31
 3
32
 7
          0.830519
          0.437792
           1.41195
           1.70024
          0.929738
          0.538499
         0.0906662
          0.839208
         -0.180825
          0.245154
          0.563619
         -0.224944
           1.20244
         -0.602479
          0.989253
        -0.0591421
           1.97285
          0.953954
           1.66621
           1.59187
           1.62201
           1.16434
          0.529935
          0.661366
         -0.708255
        -0.0706443
        -0.0158123
##################### ACCEPTABLE SUBNET NUMBER: 56  #########################
           1.42829
 1
28
 2
26
 6
           1.97348
         -0.210473
         -0.791633
         -0.302961
           -1.2447
          0.222368
##################### ACCEPTABLE SUBNET NUMBER: 57  #########################
          0.815033
 1
 2
 1
12
          0.505699
         -0.155663
          -1.12109
          0.482355
          0.197938
##################### ACCEPTABLE SUBNET NUMBER: 58  #########################
           2.40387
 2
 9
17
13
42
 7
45
49
41
48
 1
 5
28
33
46
39
13
           1.57123
         0.0114781
          0.357673
          0.442131
          -1.48462
          0.981184
         -0.232816
          0.159212
          -1.96478
          -1.54773
          -1.23031
          0.519753
          -1.43134
         -0.869058
         -0.489638
         -0.102269
          0.922102
         -0.289708
##################### ACCEPTABLE SUBNET NUMBER: 59  #########################
           2.36339
 4
43
34
24
12
 5
48
15
42
44
21
           1.10183
          0.230327
         -0.368653
         -0.115567
          -1.22752
         -0.238957
          -1.10093
          -1.22367
         -0.642531
          0.188723
         -0.592105
         -0.857189
##################### ACCEPTABLE SUBNET NUMBER: 60  #########################
           1.44632
 4
14
 8
28
16
 4
42
41
 7
49
           1.21857
          0.185222
        0.00850916
         0.0765993
         0.0707892
         -0.133066
         -0.618466
          0.550595
          0.412246
          0.233679
         -0.514767
##################### ACCEPTABLE SUBNET NUMBER: 61  #########################
           1.27765
 1
28
 2
25
 4
           1.83396
          0.321716
         -0.863763
        -0.0665329
         0.0355549
        -0.0371356
##################### ACCEPTABLE SUBNET NUMBER: 62  #########################
           0.86414
 6
32
 2
10
34
 8
25
 5
46
39
24
 5
44
           1.22191
         -0.169058
           -1.0574
          0.226269
          0.425781
          0.297671
          0.127681
         -0.138564
          -1.66601
          0.691086
          0.720037
          0.408221
          -1.64822
          -1.17604
##################### ACCEPTABLE SUBNET NUMBER: 63  #########################
          0.719845
 2
36
 2
 0
          0.912372
          0.128105
          -0.37253
         -0.717786
          0.302285
##################### ACCEPTABLE SUBNET NUMBER: 64  #########################
           2.82956
 9
49
 9
50
48
32
34
26
39
16
 2
42
 6
          0.980017
          0.261695
          -1.50956
          0.942666
         -0.549004
          0.488891
        -0.0372758
         -0.664434
          0.610965
         -0.658415
        -0.0633922
          0.775176
           1.32338
           -1.0027
##################### ACCEPTABLE SUBNET NUMBER: 65  #########################
          0.630307
 5
10
 2
28
32
13
 1
18
          0.723013
          0.133721
         -0.350652
         -0.233855
          0.374173
          -1.60741
         -0.650469
         -0.528953
         -0.638821
##################### ACCEPTABLE SUBNET NUMBER: 66  #########################
           1.54602
 2
28
33
 5
48
31
22
39
35
           1.83894
          0.794187
         -0.627468
         0.0705172
         -0.553119
         0.0529428
         -0.331912
         -0.999492
          -0.12375
        -0.0809876
##################### ACCEPTABLE SUBNET NUMBER: 67  #########################
           1.38013
 5
20
33
41
26
 2
 4
16
47
50
42
           1.80186
           0.93866
          -0.65497
        -0.0695136
         -0.448025
         -0.594131
          -0.34204
         -0.300541
        -0.0255218
         -0.254468
         -0.779629
         -0.295111
##################### ACCEPTABLE SUBNET NUMBER: 68  #########################
           2.09908
 1
14
 8
42
 7
26
 9
29
 8
15
34
            0.4378
        -0.0378737
          0.426015
          0.510177
           0.83122
          0.522474
          0.630227
         -0.346893
         -0.303568
          0.229842
          -1.63084
          0.341735
##################### ACCEPTABLE SUBNET NUMBER: 69  #########################
            2.9291
 4
20
23
50
 7
14
48
46
 3
18
15
38
14
11
25
 2
40
49
42
29
          0.827314
          0.398495
          0.530583
          0.803539
          -1.06058
          -2.45979
         -0.926131
          0.767912
          0.767483
         -0.576512
          0.728409
          0.403306
          0.751612
        -0.0457374
            -1.033
         -0.685994
         -0.503739
          0.503997
          0.540856
         0.0798083
         -0.499241
##################### ACCEPTABLE SUBNET NUMBER: 70  #########################
          0.994947
 2
28
39
 2
25
18
           1.69932
           0.20936
          -1.60866
         -0.120993
         -0.467883
          0.045523
         0.0805967
##################### ACCEPTABLE SUBNET NUMBER: 71  #########################
          0.660361
 3
45
 2
 9
 1
46
           1.16639
          0.454184
         -0.408089
         -0.613272
          0.390162
         -0.180805
          -2.87262
##################### ACCEPTABLE SUBNET NUMBER: 72  #########################
          0.942087
 0
 3
 1
32
 3
           2.00298
         -0.211404
         -0.340872
          0.737698
          0.368943
         -0.122045
##################### ACCEPTABLE SUBNET NUMBER: 73  #########################
           2.96681
 5
20
33
30
 8
14
 4
39
 4
 5
44
           1.37782
          0.205316
         -0.481733
         -0.166913
         -0.366477
          -1.40092
          -1.54297
         -0.865863
         0.0451081
        -0.0966745
         -0.626057
         -0.510838
##################### ACCEPTABLE SUBNET NUMBER: 74  #########################
           2.09342
 3
14
28
 2
 5
42
13
34
40
 1
           2.14764
           0.29094
         -0.578868
         -0.378656
         -0.463046
          -1.22949
          0.120487
         -0.480358
          -1.22876
         -0.189228
         -0.372217
##################### ACCEPTABLE SUBNET NUMBER: 75  #########################
          0.277143
 4
30
 8
10
50
 4
33
41
 1
46
           1.46654
          0.715349
           1.07991
         -0.324108
           1.57788
          0.175352
           1.23017
           1.48213
          -0.10049
           1.87388
           1.43513
##################### ACCEPTABLE SUBNET NUMBER: 76  #########################
            1.2643
 6
14
 9
22
48
17
50
 5
40
 1
47
34
16
           0.88289
         -0.149912
          0.457443
           1.13108
           1.07227
         -0.587212
         -0.200075
         -0.204162
          0.675426
           1.30028
           1.63449
         -0.875241
         -0.163382
          -1.31385
##################### ACCEPTABLE SUBNET NUMBER: 77  #########################
           1.03654
 4
20
 2
 6
25
 5
49
42
24
41
34
           1.02393
         0.0429878
          0.856304
            1.5028
           1.78556
          0.755634
         -0.503837
            1.6146
           1.54726
           1.75748
          0.155131
         -0.792525
##################### ACCEPTABLE SUBNET NUMBER: 78  #########################
           1.41746
 3
 7
20
11
 3
 1
44
 6
          0.875802
         -0.307259
         -0.920277
          0.274882
           0.79462
          0.408022
           1.51531
          0.914893
           1.06384
##################### ACCEPTABLE SUBNET NUMBER: 79  #########################
           1.77951
 6
29
30
48
28
 2
36
 2
25
31
            1.3637
           0.19096
         -0.525853
          -1.33432
         -0.578819
         -0.503856
        -0.0568287
          -0.41419
          -2.34209
         0.0559443
          -2.17014
##################### ACCEPTABLE SUBNET NUMBER: 80  #########################
           2.67314
 3
28
32
 3
 1
49
           4.74447
           1.93467
          -2.97233
         -0.429355
          -1.21396
          -1.98823
         -0.700213
##################### ACCEPTABLE SUBNET NUMBER: 81  #########################
           1.99832
 2
28
26
 2
 7
25
           2.38105
           1.39517
         -0.550172
         0.0332891
          -1.55119
         -0.367784
        -0.0477838
##################### ACCEPTABLE SUBNET NUMBER: 82  #########################
           2.23328
 4
 7
36
12
33
 8
 6
16
 9
10
46
 4
49
39
           1.06066
          0.345371
          0.383733
          0.375485
         -0.023304
          0.189676
         -0.606417
          0.685352
           0.77942
          0.180894
            0.9292
         -0.240282
          -1.41944
         -0.387375
          -0.65727
##################### ACCEPTABLE SUBNET NUMBER: 83  #########################
            2.3312
12
28
 2
30
42
 7
14
27
25
41
 8
10
20
 5
39
48
26
47
 1
            1.5027
          0.918441
          0.779077
           1.58164
         -0.325697
          0.354719
          -1.40495
          0.141559
         -0.926334
         -0.109623
         -0.456335
         -0.292095
          -1.53811
         -0.349995
         -0.125818
           1.44761
         -0.688074
           1.27423
           1.44135
           1.31108
##################### ACCEPTABLE SUBNET NUMBER: 84  #########################
           2.94488
 0
 5
39
42
 1
24
 6
           1.09953
          0.158228
         0.0294236
          0.442456
           0.45889
         -0.617745
         -0.265164
         -0.624114
##################### ACCEPTABLE SUBNET NUMBER: 85  #########################
           1.21027
 3
35
15
31
 2
 1
26
          0.590392
        -0.0938612
         -0.316654
        -0.0731375
         -0.117982
         -0.272755
          0.512698
        -0.0933385
##################### ACCEPTABLE SUBNET NUMBER: 86  #########################
           2.25273
 2
44
23
 4
39
 6
 2
20
          0.955699
         0.0135516
            0.3744
          -1.05121
         0.0754647
          0.819502
          0.749226
          0.136098
          0.111112
##################### ACCEPTABLE SUBNET NUMBER: 87  #########################
          0.653311
 2
 2
 9
 2
 5
24
           1.73746
          0.630334
         -0.516971
          0.296564
         -0.243124
          -0.55505
         -0.338476
##################### ACCEPTABLE SUBNET NUMBER: 88  #########################
           1.45115
 7
10
40
15
21
50
30
44
 6
46
 1
16
22
31
48
            1.0279
        -0.0980031
           1.23279
           1.39779
        -0.0312137
         -0.495728
         -0.499973
         0.0460237
           0.23347
         -0.381046
           1.75903
           1.87942
          0.370592
          -2.35677
          0.591907
           1.18232
##################### ACCEPTABLE SUBNET NUMBER: 89  #########################
           1.89812
 2
17
42
 6
39
22
 6
25
48
30
          0.755702
         -0.153978
         -0.153189
         0.0734175
          -1.09019
          0.276421
         0.0530658
          0.444086
         -0.389263
         -0.653579
         -0.655288
##################### ACCEPTABLE SUBNET NUMBER: 90  #########################
           1.22631
 1
28
 1
 1
          0.571315
         -0.260202
         -0.456027
         0.0595612
          0.509696
##################### ACCEPTABLE SUBNET NUMBER: 91  #########################
           2.22267
 5
26
27
45
21
43
 7
16
30
20
33
 2
35
 9
           1.34066
         -0.103408
         -0.291503
         -0.143624
        -0.0216003
         -0.276176
         -0.904112
         -0.331269
          0.270736
          0.762887
         -0.615177
           -1.3004
          -1.27063
         -0.892299
          -1.24147
##################### ACCEPTABLE SUBNET NUMBER: 92  #########################
           2.34025
 3
32
46
44
 5
26
48
33
25
 8
           2.00898
            1.7499
           1.49471
           1.63171
           1.75478
         -0.112362
           1.96277
          0.971328
           1.13712
           1.88012
          0.492761
##################### ACCEPTABLE SUBNET NUMBER: 93  #########################
           2.26625
10
18
24
45
36
14
25
17
40
 2
10
11
39
16
 6
41
 9
11
33
20
48
29
 1
           1.34751
           0.87345
           1.25446
           1.33046
           1.44623
         -0.321849
          -0.82967
           1.08922
        -0.0790432
           0.62102
          -1.44627
           1.59034
         -0.369826
           1.60431
        -0.0531862
           1.53832
          0.163614
         -0.593292
          0.694262
         -0.383414
          -2.04258
         -0.600768
         -0.218946
          0.724011
