File open successful. It contains: 
Finished reading file, will close now.
File x_dt open successful.
Finished reading file x_dt, will close now.
File sd_d open successful.
Finished reading file sd_d, will close now.
--------START FOR GENE 1 -----------
 Values arranged as error, n_ka, gene ids for ka, n_kd, gene ids for kd,
 r0, ea, d, ka_values, kd_values for each subnet. 
##################### ACCEPTABLE SUBNET NUMBER: 1  #########################
          0.823464
 2
 5
16
 4
44
33
36
49
           2.35222
         0.0685859
         -0.722234
         -0.455092
         -0.514421
          0.151666
          0.387256
           -2.1707
         -0.928607
##################### ACCEPTABLE SUBNET NUMBER: 2  #########################
           1.46188
 7
42
38
47
21
 3
26
34
 4
32
24
39
 2
           1.69517
        -0.0907997
         -0.264887
         -0.849074
       -0.00420956
         -0.627164
          -1.56518
         -0.266473
         -0.591685
          -1.00269
          0.585265
          0.616181
          0.559196
          0.262273
##################### ACCEPTABLE SUBNET NUMBER: 3  #########################
            1.0781
 4
 4
 9
42
39
 3
46
17
31
          0.677018
          0.119027
          0.414411
          0.665524
          0.316241
          0.243633
         -0.893804
          0.886506
          0.848444
          0.135281
##################### ACCEPTABLE SUBNET NUMBER: 4  #########################
           2.06694
 2
29
46
 2
24
20
          0.489859
          -0.14851
         -0.466795
         -0.102625
          -1.10701
        0.00517593
       -0.00877127
##################### ACCEPTABLE SUBNET NUMBER: 5  #########################
            2.2563
 1
 6
11
16
21
24
26
44
40
 8
49
42
25
 9
          0.879793
         0.0570516
            1.2521
         -0.470364
           1.32058
          0.504613
           1.61134
            1.7737
           1.22271
          -0.10061
         -0.138568
          0.348696
          0.803575
          0.156868
          0.321187
##################### ACCEPTABLE SUBNET NUMBER: 6  #########################
            1.3112
11
 3
39
 7
 5
11
27
20
 2
38
29
40
 6
35
44
 4
30
22
 9
           1.21067
          0.705364
          0.166264
          0.843689
           0.26452
          0.204587
          0.502045
         -0.380048
          -1.11001
         -0.319033
          -1.08515
         -0.104435
          0.102137
        -0.0990267
          0.843117
          0.979137
          0.434777
          -0.78615
          0.564821
          -1.05246
##################### ACCEPTABLE SUBNET NUMBER: 7  #########################
           1.67676
 2
19
 4
 8
 8
30
41
 2
17
15
14
27
          0.426689
         0.0100764
         -0.414594
         0.0925259
         -0.783165
          0.154302
         -0.725162
          -1.17724
          -1.08656
         -0.263085
          -1.26914
          0.207409
          -1.09172
##################### ACCEPTABLE SUBNET NUMBER: 8  #########################
           2.18835
 1
50
 3
26
 8
18
          0.548327
         -0.245231
          -1.06019
         -0.135965
          0.134821
           0.15254
        -0.0273427
##################### ACCEPTABLE SUBNET NUMBER: 9  #########################
          0.743956
 3
 5
30
39
 8
16
14
24
45
20
33
34
19
           1.39054
         0.0935073
         -0.706835
        -0.0588459
          -2.21059
          -0.53725
          0.382656
          0.186399
          0.344514
          -1.55815
          0.266185
         -0.675104
          -0.16494
          -1.61987
##################### ACCEPTABLE SUBNET NUMBER: 10  #########################
           1.84659
 1
38
 1
39
           1.21479
        -0.0710714
          -1.51599
         -0.316943
          0.155535
##################### ACCEPTABLE SUBNET NUMBER: 11  #########################
            2.2501
 3
29
25
39
 1
26
          0.366165
          0.107439
          -0.38713
        -0.0209267
         -0.217978
         -0.397874
         0.0379385
##################### ACCEPTABLE SUBNET NUMBER: 12  #########################
           2.52771
 2
13
43
 1
32
          0.400717
         -0.394943
         -0.480558
          0.938767
          0.839849
           1.86737
##################### ACCEPTABLE SUBNET NUMBER: 13  #########################
           2.70292
 0
 2
32
20
           1.50653
         -0.336843
         -0.328341
          0.829917
         -0.908134
##################### ACCEPTABLE SUBNET NUMBER: 14  #########################
          0.710554
 3
42
 7
39
 2
33
40
           1.14509
           0.66732
         -0.195414
           1.33656
          -1.14088
           1.24264
           1.69103
           1.25891
##################### ACCEPTABLE SUBNET NUMBER: 15  #########################
           2.58573
 9
29
47
13
25
35
18
 3
30
26
 2
41
 6
           1.00508
           1.05601
           1.36509
            1.9303
          0.215315
          0.838415
           1.47213
        -0.0845594
           1.24002
         -0.135839
          -2.03284
          -1.15738
           1.92775
          -1.97194
##################### ACCEPTABLE SUBNET NUMBER: 16  #########################
           2.53009
12
37
25
21
 9
27
 7
19
48
33
 6
44
28
 7
26
10
 3
17
29
23
16
           1.43925
           1.51425
           1.01772
            1.1239
          0.997029
         -0.553592
            1.1195
        -0.0370704
          0.162024
         -0.106279
          0.766122
          0.234208
           -1.3441
          0.182055
          0.146339
           1.28754
           1.45888
          0.312586
         -0.452774
          0.238497
          -0.26877
          0.428913
##################### ACCEPTABLE SUBNET NUMBER: 17  #########################
           1.12139
 4
40
24
 8
14
 2
10
28
           1.21373
          0.265296
          0.324764
         -0.643285
          -0.17054
          -0.21911
          -2.20245
           1.43055
         -0.175769
##################### ACCEPTABLE SUBNET NUMBER: 18  #########################
           2.03481
 5
 4
 5
18
34
 2
 6
28
13
 9
14
24
30
           0.38283
        -0.0493415
           -1.3881
         -0.121132
         -0.197472
         -0.266171
          -0.76332
         -0.293369
         -0.211147
         -0.448736
         -0.886004
         -0.886598
         -0.600167
          -1.30818
##################### ACCEPTABLE SUBNET NUMBER: 19  #########################
          0.454727
 4
16
38
45
46
 3
32
48
20
           1.85098
        0.00811542
          0.146013
          0.648033
          0.219776
          -2.92647
          -2.11258
           1.35221
          -3.19725
          0.823024
##################### ACCEPTABLE SUBNET NUMBER: 20  #########################
           2.41236
 6
11
42
16
50
38
25
 6
39
48
10
 2
 7
43
          0.186541
         -0.222318
         -0.235858
           -2.8497
          -1.43351
        -0.0957952
        -0.0584885
         -0.304572
         -0.741115
          0.330246
         -0.983255
        -0.0394637
          -1.65199
          -1.65384
         -0.951642
##################### ACCEPTABLE SUBNET NUMBER: 21  #########################
           1.05226
 3
40
 2
23
 6
44
33
48
31
19
 7
           1.73514
           1.06066
         -0.526729
         0.0248379
           -1.0215
          -1.16597
          0.241744
          0.275919
         -0.523235
          -1.01374
          -1.36112
          -1.99215
##################### ACCEPTABLE SUBNET NUMBER: 22  #########################
          0.781283
 4
40
47
50
37
18
34
28
44
48
 6
 2
41
25
18
15
 7
22
26
24
35
43
38
42
           1.88146
           1.34006
           0.16988
          0.513643
         0.0645466
         -0.073162
          0.193791
          0.906163
          0.511369
          0.219228
          0.706315
        -0.0336206
           1.22641
         -0.683597
          -1.06663
        -0.0509577
         -0.395031
           0.81593
         -0.194121
          -1.21685
          -1.01274
          -1.16534
          -0.27717
          -1.24199
         -0.359086
##################### ACCEPTABLE SUBNET NUMBER: 23  #########################
           1.59704
11
 6
 9
47
12
36
40
48
16
10
25
42
 5
33
34
46
 7
21
           2.06916
           1.35772
          0.609908
          0.778993
          0.800091
          0.631741
          -1.23764
         -0.692304
          -1.93436
          0.419501
         -0.742182
          -1.63275
         -0.575928
          -1.42836
           1.11051
           1.34804
          0.634509
         -0.780288
          -1.65224
##################### ACCEPTABLE SUBNET NUMBER: 24  #########################
           2.61132
 8
28
 4
44
 3
 7
14
40
38
11
41
46
 9
23
42
21
48
47
31
16
26
          0.915245
          0.958346
           -1.5581
           1.48237
           1.40781
          0.225539
          0.517401
          0.548096
         -0.908931
          0.469216
         -0.269246
           1.45443
         0.0976465
          0.300169
           0.24088
          0.510035
          0.843877
        -0.0675618
          0.482771
          -0.12428
          0.122066
          -1.20736
##################### ACCEPTABLE SUBNET NUMBER: 25  #########################
           2.06583
 2
11
50
 3
30
39
20
           0.68917
         0.0197377
         -0.784772
         -0.205454
         -0.269471
        -0.0823979
         -0.197973
         -0.616819
##################### ACCEPTABLE SUBNET NUMBER: 26  #########################
          0.700926
 7
37
12
11
 4
29
31
25
 9
47
26
28
33
40
49
10
17
20
          0.795691
          0.121361
          0.375098
          -1.10352
          -1.08458
         -0.358609
           0.38865
         0.0834298
         -0.855018
         -0.934136
         -0.106393
          0.367891
          0.283318
          -1.56152
         -0.053401
          0.105034
           1.46997
         -0.438183
         0.0227432
##################### ACCEPTABLE SUBNET NUMBER: 27  #########################
           2.58646
 4
 4
25
34
49
 6
47
24
 7
35
37
48
          0.839144
          0.889784
         -0.146964
           2.02147
           1.15731
         -0.698052
         -0.339786
           1.42345
           1.69027
          0.668065
          0.975522
           1.69926
          -1.40576
##################### ACCEPTABLE SUBNET NUMBER: 28  #########################
          0.311377
 3
18
39
14
 1
10
           1.24861
          0.316338
         0.0473826
          0.328582
         -0.582151
         0.0656949
           1.19889
##################### ACCEPTABLE SUBNET NUMBER: 29  #########################
           1.19032
 3
38
16
 6
 5
46
 5
20
43
19
           1.80957
       -0.00826878
            -1.191
         -0.468217
          -1.83306
         -0.492253
           0.19628
          -1.03214
          -1.33463
         -0.492209
         -0.683028
##################### ACCEPTABLE SUBNET NUMBER: 30  #########################
           2.45544
 3
35
48
47
 5
10
40
42
30
24
           1.52776
           1.55786
           1.04689
           1.55541
           1.35438
          -1.06809
           2.20215
          -1.30394
         -0.129318
          -1.74521
          -1.11745
##################### ACCEPTABLE SUBNET NUMBER: 31  #########################
           2.73077
 4
27
48
37
42
 9
26
14
33
50
22
15
25
24
36
           1.35247
           1.36522
         -0.359324
          0.241191
         -0.129021
          -1.01154
         -0.557793
          0.061837
          -1.03733
         0.0849749
         -0.480454
          -0.64446
          -1.80174
          -1.57112
          -0.07141
          -1.02555
##################### ACCEPTABLE SUBNET NUMBER: 32  #########################
           1.56251
 1
38
 5
32
44
24
34
17
           1.75321
           1.10245
           0.54414
         -0.236969
           1.00135
          0.756131
          0.644266
         0.0906389
          -1.13363
##################### ACCEPTABLE SUBNET NUMBER: 33  #########################
          0.668471
 6
43
31
27
12
 3
50
 4
28
32
33
19
           1.68511
          0.823658
         -0.651715
         -0.219346
         -0.205583
         -0.710427
          -1.70556
         -0.144816
         -0.301839
            0.4251
         -0.546986
          -1.16238
         -0.407765
##################### ACCEPTABLE SUBNET NUMBER: 34  #########################
           2.35508
 2
 3
38
 0
          0.655607
        -0.0793002
         -0.839387
         -0.212292
         -0.324494
##################### ACCEPTABLE SUBNET NUMBER: 35  #########################
           2.16754
 2
 4
48
 0
          0.508027
        -0.0606085
         -0.536211
         -0.127608
         -0.387386
##################### ACCEPTABLE SUBNET NUMBER: 36  #########################
           2.23972
 5
50
10
23
11
42
 2
39
20
          0.893782
        -0.0223355
         -0.835536
         -0.320955
          -1.31539
         -0.295666
         -0.759882
         -0.354007
        0.00128388
         -0.153099
##################### ACCEPTABLE SUBNET NUMBER: 37  #########################
           2.74457
 0
 2
26
20
          0.234573
           0.30655
          0.730541
           1.00062
          0.382319
##################### ACCEPTABLE SUBNET NUMBER: 38  #########################
          0.497118
 4
 4
25
 7
43
 6
40
32
34
 2
20
31
            1.2313
           1.14026
          0.350047
          0.886688
          0.572523
           0.12908
          0.682558
          0.614633
          0.800276
          0.455934
           1.46214
          0.184391
          0.105175
##################### ACCEPTABLE SUBNET NUMBER: 39  #########################
           1.87736
 4
13
31
24
 4
 2
27
25
           1.58567
           1.12525
         -0.679304
          0.069545
        -0.0447621
         -0.335944
          -1.00818
          0.213848
         -0.699134
##################### ACCEPTABLE SUBNET NUMBER: 40  #########################
          0.885699
 5
22
11
25
13
23
 8
36
20
43
34
12
 7
 8
31
           1.40681
          0.820917
          -1.14009
          0.193338
        -0.0280322
          -1.18993
         -0.909035
         -0.334336
          0.303738
           0.41506
         0.0627574
         -0.551018
         -0.964551
         -0.263052
         -0.248247
        -0.0970329
##################### ACCEPTABLE SUBNET NUMBER: 41  #########################
           2.75586
 1
 4
 3
46
39
10
           2.10257
          -0.22698
          0.672951
         -0.910651
           1.60583
         -0.154624
         -0.624758
##################### ACCEPTABLE SUBNET NUMBER: 42  #########################
          0.951192
 1
13
 4
 7
17
35
22
           1.54576
          0.847844
          0.107245
          0.600379
           1.22239
          0.839734
          0.118558
         -0.236072
##################### ACCEPTABLE SUBNET NUMBER: 43  #########################
          0.525569
 4
37
 4
30
13
 5
20
41
26
35
 7
           1.56632
           0.70474
           1.23851
         -0.126183
          0.657105
          0.589505
          0.934943
           1.62825
         -0.215419
           1.74814
          0.318162
           1.70231
##################### ACCEPTABLE SUBNET NUMBER: 44  #########################
           2.58731
10
35
21
32
46
20
29
30
24
 6
31
 9
41
39
44
19
28
48
49
34
12
           1.78558
           1.75893
          0.975843
           1.18854
          0.730514
          0.733029
          0.168956
          -1.09151
          -0.26375
          -2.17949
          -1.33026
          0.381956
          0.439183
           1.35439
            1.1797
          0.312466
          0.414349
          0.861351
           -0.7711
          0.485161
          0.346399
          -1.35251
##################### ACCEPTABLE SUBNET NUMBER: 45  #########################
           1.80553
11
42
 5
38
 6
33
41
 7
29
49
39
43
10
46
24
28
14
35
 2
31
 3
10
44
          0.416951
         -0.227325
           1.37041
           1.50228
           1.48229
         -0.286065
          -0.52856
          0.955336
          -0.22879
        -0.0905246
           1.01239
          0.338443
           -0.1919
          0.687309
           2.00412
          0.907534
          -1.37027
         -0.151612
         -0.809047
         -0.752396
          -1.26502
           0.98648
            -1.255
          -1.11142
##################### ACCEPTABLE SUBNET NUMBER: 46  #########################
          0.270429
 5
24
38
13
12
 9
 3
 2
17
26
          0.812362
          0.683344
         -0.498257
         -0.254466
         0.0310161
          0.392723
          -1.68652
         -0.172614
          0.972515
         -0.883563
         -0.604346
##################### ACCEPTABLE SUBNET NUMBER: 47  #########################
          0.469033
 2
42
46
10
 4
14
20
45
26
27
47
24
50
 2
          0.958702
          0.703467
          0.234627
          0.083406
        -0.0659879
         -0.213168
          -1.11807
         -0.104584
         -0.979763
          0.602487
        -0.0280136
         -0.369058
         -0.984716
          -2.02035
          0.873195
##################### ACCEPTABLE SUBNET NUMBER: 48  #########################
           1.18374
 3
14
30
16
 2
46
10
           1.17299
          0.424704
            1.0275
          -1.04617
           1.34676
           1.01266
           1.61395
           1.45153
##################### ACCEPTABLE SUBNET NUMBER: 49  #########################
          0.737927
 3
19
32
28
 3
20
 2
16
          0.772013
          0.305172
         -0.380423
        0.00353726
          -1.01928
        -0.0890011
         0.0533211
          0.631273
          -1.10477
##################### ACCEPTABLE SUBNET NUMBER: 50  #########################
          0.744614
 2
23
47
 2
43
50
           1.27269
          0.394243
           -1.0255
       -0.00598933
         -0.295952
          0.296573
          -1.15117
----------Number of Acceptable Subnets found: 50 -----------
----------END FOR GENE 1 -----------
--------START FOR GENE 2 -----------
 Values arranged as error, n_ka, gene ids for ka, n_kd, gene ids for kd,
 r0, ea, d, ka_values, kd_values for each subnet. 
##################### ACCEPTABLE SUBNET NUMBER: 1  #########################
          0.373618
 0
 1
41
          -1.70586
          -0.66416
           0.26517
        -0.0356732
##################### ACCEPTABLE SUBNET NUMBER: 2  #########################
         0.0145784
 0
 0
          0.768484
           1.54716
          0.765309
##################### ACCEPTABLE SUBNET NUMBER: 3  #########################
         0.0145822
 0
 0
          0.184016
          0.889265
          0.184016
##################### ACCEPTABLE SUBNET NUMBER: 4  #########################
         0.0145784
 0
 0
          0.768484
           1.54716
          0.765309
##################### ACCEPTABLE SUBNET NUMBER: 5  #########################
         0.0145822
 0
 0
          0.184016
          0.889265
          0.184016
##################### ACCEPTABLE SUBNET NUMBER: 6  #########################
         0.0145784
 0
 0
          0.768484
           1.54716
          0.765309
##################### ACCEPTABLE SUBNET NUMBER: 7  #########################
         0.0145822
 0
 0
          0.184016
          0.889265
          0.184016
##################### ACCEPTABLE SUBNET NUMBER: 8  #########################
         0.0145784
 0
 0
          0.768484
           1.54716
          0.765309
##################### ACCEPTABLE SUBNET NUMBER: 9  #########################
         0.0145822
 0
 0
          0.184016
          0.889265
          0.184016
##################### ACCEPTABLE SUBNET NUMBER: 10  #########################
         0.0145784
 0
 0
          0.768484
           1.54716
          0.765309
##################### ACCEPTABLE SUBNET NUMBER: 11  #########################
         0.0350256
 0
 1
38
           3.42265
          -0.36759
          -1.16017
          -3.52805
##################### ACCEPTABLE SUBNET NUMBER: 12  #########################
          0.592774
 0
 1
38
         -0.930172
         -0.734292
         -0.232449
         -0.856755
##################### ACCEPTABLE SUBNET NUMBER: 13  #########################
          0.592774
 0
 1
38
         -0.930172
         -0.734292
         -0.232449
         -0.856755
##################### ACCEPTABLE SUBNET NUMBER: 14  #########################
          0.592774
 0
 1
38
         -0.930172
         -0.734292
         -0.232449
         -0.856755
##################### ACCEPTABLE SUBNET NUMBER: 15  #########################
         0.0145784
 0
 0
           1.22448
           2.00356
           1.41864
##################### ACCEPTABLE SUBNET NUMBER: 16  #########################
         0.0758655
 0
 0
          0.325196
           1.01253
          0.325196
##################### ACCEPTABLE SUBNET NUMBER: 17  #########################
         0.0145784
 0
 0
           1.22448
           2.00356
           1.41864
##################### ACCEPTABLE SUBNET NUMBER: 18  #########################
         0.0758655
 0
 0
          0.325196
           1.01253
          0.325196
##################### ACCEPTABLE SUBNET NUMBER: 19  #########################
         0.0145784
 0
 0
           1.22448
           2.00356
           1.41864
##################### ACCEPTABLE SUBNET NUMBER: 20  #########################
         0.0758655
 0
 0
          0.325196
           1.01253
          0.325196
##################### ACCEPTABLE SUBNET NUMBER: 21  #########################
         0.0145784
 0
 0
           1.22448
           2.00356
           1.41864
##################### ACCEPTABLE SUBNET NUMBER: 22  #########################
         0.0758655
 0
 0
          0.325196
           1.01253
          0.325196
##################### ACCEPTABLE SUBNET NUMBER: 23  #########################
         0.0145784
 0
 0
           1.22448
           2.00356
           1.41864
##################### ACCEPTABLE SUBNET NUMBER: 24  #########################
         0.0758655
 0
 0
          0.325196
           1.01253
          0.325196
##################### ACCEPTABLE SUBNET NUMBER: 25  #########################
         0.0145784
 0
 0
           1.22448
           2.00356
           1.41864
##################### ACCEPTABLE SUBNET NUMBER: 26  #########################
         0.0145797
 0
 0
         -0.015486
          0.432876
         -0.014486
##################### ACCEPTABLE SUBNET NUMBER: 27  #########################
          0.014593
 0
 0
        -0.0648321
          0.228168
        -0.0780939
##################### ACCEPTABLE SUBNET NUMBER: 28  #########################
         0.0145797
 0
 0
         -0.015486
          0.432876
         -0.014486
##################### ACCEPTABLE SUBNET NUMBER: 29  #########################
          0.014593
 0
 0
        -0.0648321
          0.228168
        -0.0780939
##################### ACCEPTABLE SUBNET NUMBER: 30  #########################
         0.0145797
 0
 0
         -0.015486
          0.432876
         -0.014486
##################### ACCEPTABLE SUBNET NUMBER: 31  #########################
          0.014593
 0
 0
        -0.0648321
          0.228168
        -0.0780939
##################### ACCEPTABLE SUBNET NUMBER: 32  #########################
         0.0145797
 0
 0
         -0.015486
          0.432876
         -0.014486
##################### ACCEPTABLE SUBNET NUMBER: 33  #########################
          0.014593
 0
 0
        -0.0648321
          0.228168
        -0.0780939
##################### ACCEPTABLE SUBNET NUMBER: 34  #########################
         0.0145797
 0
 0
         -0.015486
          0.432876
         -0.014486
##################### ACCEPTABLE SUBNET NUMBER: 35  #########################
          0.014593
 0
 0
        -0.0648321
          0.228168
        -0.0780939
##################### ACCEPTABLE SUBNET NUMBER: 36  #########################
         0.0145797
 0
 0
         -0.015486
          0.432876
         -0.014486
##################### ACCEPTABLE SUBNET NUMBER: 37  #########################
          0.014593
 0
 0
        -0.0648321
          0.228168
        -0.0780939
##################### ACCEPTABLE SUBNET NUMBER: 38  #########################
         0.0145797
 0
 0
         -0.015486
          0.432876
         -0.014486
##################### ACCEPTABLE SUBNET NUMBER: 39  #########################
         0.0145784
 0
 0
          0.405332
            1.1842
          0.819436
##################### ACCEPTABLE SUBNET NUMBER: 40  #########################
         0.0145784
 0
 0
           1.40457
           2.18368
           1.94379
##################### ACCEPTABLE SUBNET NUMBER: 41  #########################
         0.0145784
 0
 0
          0.405332
            1.1842
          0.819436
##################### ACCEPTABLE SUBNET NUMBER: 42  #########################
         0.0145784
 0
 0
           1.40457
           2.18368
           1.94379
##################### ACCEPTABLE SUBNET NUMBER: 43  #########################
         0.0145784
 0
 0
          0.405332
            1.1842
          0.819436
##################### ACCEPTABLE SUBNET NUMBER: 44  #########################
         0.0145784
 0
 0
           1.40457
           2.18368
           1.94379
##################### ACCEPTABLE SUBNET NUMBER: 45  #########################
         0.0145784
 0
 0
          0.405332
            1.1842
          0.819436
##################### ACCEPTABLE SUBNET NUMBER: 46  #########################
         0.0145784
 0
 0
           1.40457
           2.18368
           1.94379
##################### ACCEPTABLE SUBNET NUMBER: 47  #########################
         0.0145784
 0
 0
          0.405332
            1.1842
          0.819436
##################### ACCEPTABLE SUBNET NUMBER: 48  #########################
          0.014514
 0
 0
         -0.131209
         0.0750271
         -0.109434
##################### ACCEPTABLE SUBNET NUMBER: 49  #########################
         0.0142541
 0
 0
         -0.100619
        -0.0226361
         -0.151491
##################### ACCEPTABLE SUBNET NUMBER: 50  #########################
          0.014514
 0
 0
         -0.131209
         0.0750271
         -0.109434
----------Number of Acceptable Subnets found: 50 -----------
----------END FOR GENE 2 -----------
--------START FOR GENE 3 -----------
 Values arranged as error, n_ka, gene ids for ka, n_kd, gene ids for kd,
 r0, ea, d, ka_values, kd_values for each subnet. 
##################### ACCEPTABLE SUBNET NUMBER: 1  #########################
          0.686205
 3
 4
13
29
 1
10
           1.17511
          0.717526
         -0.325903
         -0.858928
         -0.841449
         -0.108308
        -0.0621799
##################### ACCEPTABLE SUBNET NUMBER: 2  #########################
          0.640669
 4
13
19
23
29
 0
           1.59461
          0.902237
         -0.385526
           -0.5327
         -0.196828
         -0.999741
         -0.706215
##################### ACCEPTABLE SUBNET NUMBER: 3  #########################
            0.7405
 5
 4
13
19
23
29
 2
15
34
           0.92428
           0.68541
         -0.261435
         -0.507784
         -0.322123
        -0.0339545
         -0.422945
         -0.634338
          -2.11893
          -2.59881
##################### ACCEPTABLE SUBNET NUMBER: 4  #########################
           1.40175
12
19
48
24
36
 5
26
45
30
39
 7
27
 6
 4
32
22
42
12
            1.6207
           1.69879
           1.78234
         0.0525799
          -1.38901
         -0.998677
            0.7824
          0.320501
          0.622105
         -0.576719
          0.343705
          0.650222
           1.02957
         -0.650693
          0.187294
           2.11583
         -0.914019
           1.37744
          0.781999
##################### ACCEPTABLE SUBNET NUMBER: 5  #########################
          0.660902
 1
13
 0
           2.00454
          0.759195
         -0.514304
         -0.349041
##################### ACCEPTABLE SUBNET NUMBER: 6  #########################
          0.748347
 4
 4
47
19
 6
 6
48
34
14
33
39
50
           1.63451
           1.08522
          0.853874
          0.933754
        -0.0336248
         -0.560763
        -0.0311922
            1.3262
          -1.01691
         -0.698353
         -0.136256
            1.1605
          0.350619
##################### ACCEPTABLE SUBNET NUMBER: 7  #########################
          0.734393
 4
 4
13
19
29
 1
10
           1.79887
           1.74572
         -0.207245
        0.00680435
         -0.429079
        -0.0331333
         -0.113619
            0.1489
##################### ACCEPTABLE SUBNET NUMBER: 8  #########################
          0.649324
 1
23
 0
           1.97918
           1.43319
         -0.350531
         -0.144675
##################### ACCEPTABLE SUBNET NUMBER: 9  #########################
          0.746241
 6
13
19
23
29
45
 5
 1
10
           1.07335
            0.6776
         -0.316402
         -0.115688
         -0.789596
         -0.272222
         -0.681342
          -2.53112
          -1.19374
         -0.321688
##################### ACCEPTABLE SUBNET NUMBER: 10  #########################
          0.659242
 2
13
19
 0
           1.25624
           0.84229
         -0.305043
          -1.23193
         -0.101797
##################### ACCEPTABLE SUBNET NUMBER: 11  #########################
           0.67546
 6
 4
13
19
23
29
40
 0
           1.13763
          0.855853
          -0.27926
          -0.13698
         -0.739014
         -0.541884
         -0.735101
         -0.111144
         -0.554936
##################### ACCEPTABLE SUBNET NUMBER: 12  #########################
          0.640894
 1
29
 3
12
43
15
           1.52815
           1.45698
          -1.92897
          0.244836
          -1.04941
         -0.131833
          0.109391
##################### ACCEPTABLE SUBNET NUMBER: 13  #########################
          0.665906
 5
 4
13
19
23
29
 2
43
18
           1.10545
          0.946126
         -0.249504
         -0.186034
         -0.167122
         -0.169539
         -0.417206
        -0.0619914
         -0.504479
          -0.35928
##################### ACCEPTABLE SUBNET NUMBER: 14  #########################
           1.13448
11
 4
19
23
29
20
41
 6
46
44
35
22
 4
45
16
32
18
           1.61714
           1.40828
          -1.07201
           1.48949
           2.08029
         -0.324478
          -2.13808
          0.385704
          0.768388
          -1.06234
          0.286171
          0.204465
          0.356977
          0.537967
           2.08147
         0.0667839
          -0.95935
         -0.659835
##################### ACCEPTABLE SUBNET NUMBER: 15  #########################
           0.72725
 9
 4
13
19
23
29
44
 9
20
26
 1
36
           1.42135
           1.29011
          -1.22558
         0.0443808
          -0.21569
          0.355398
          -1.79949
          -1.31703
          -1.08628
         -0.532433
          0.299058
          -1.05399
          0.363359
##################### ACCEPTABLE SUBNET NUMBER: 16  #########################
            1.4371
 3
20
45
26
 7
18
 5
24
34
39
31
46
         0.0172477
         -0.327214
          0.311072
           1.50491
         -0.415874
         -0.508572
           2.06627
           1.40761
           0.46265
          0.410324
          0.453783
         -0.378692
          -1.84461
##################### ACCEPTABLE SUBNET NUMBER: 17  #########################
          0.656528
 4
13
47
20
 5
 2
22
 9
           1.33168
          0.851953
          -1.34752
          0.249218
          -0.83544
          0.190022
         -0.561161
          0.352037
          0.535237
##################### ACCEPTABLE SUBNET NUMBER: 18  #########################
           0.70254
 5
23
18
27
43
14
 0
           1.37152
           1.03036
         -0.305067
         -0.078517
         -0.938042
          -1.26882
          -0.32113
          -1.49715
##################### ACCEPTABLE SUBNET NUMBER: 19  #########################
          0.581787
 5
13
23
29
25
36
 2
38
30
          0.308664
          0.337213
         -0.615368
         0.0598699
          0.204864
          0.424562
          -0.37232
         -0.128482
         -0.349241
          0.553823
##################### ACCEPTABLE SUBNET NUMBER: 20  #########################
          0.720726
 2
 4
 7
 1
 5
           1.15385
          0.970931
         -0.268803
         0.0132654
         -0.255063
         -0.436522
##################### ACCEPTABLE SUBNET NUMBER: 21  #########################
           1.32195
 6
23
20
17
47
34
44
 4
 7
11
14
31
           2.85006
           1.81316
         -0.417452
            1.5834
           1.13127
           1.18234
          0.597441
         -0.456957
         -0.722612
           2.37258
           1.84486
          0.546705
          0.556655
##################### ACCEPTABLE SUBNET NUMBER: 22  #########################
          0.697649
 5
 4
13
19
23
29
 0
           1.07223
          0.724833
         -0.303334
         -0.333611
         -0.179749
         -0.196833
         -0.462472
          -0.22518
##################### ACCEPTABLE SUBNET NUMBER: 23  #########################
          0.747955
 3
19
23
29
 1
10
           1.24672
           0.80601
         -0.329463
          -1.36956
         -0.106696
          -1.12544
          -0.20823
##################### ACCEPTABLE SUBNET NUMBER: 24  #########################
          0.695942
 4
 4
13
23
29
 0
            1.1615
           1.07115
         -0.221068
         0.0322211
         -0.279041
         -0.136488
         -0.249832
##################### ACCEPTABLE SUBNET NUMBER: 25  #########################
          0.664546
 2
 4
19
 1
24
           1.11658
          0.774414
         -0.282205
         -0.540247
        -0.0669655
         -0.229728
##################### ACCEPTABLE SUBNET NUMBER: 26  #########################
          0.737073
 5
13
23
40
46
 8
 3
32
50
 1
         0.0196976
         -0.222081
         -0.266098
          0.109905
         -0.624323
         -0.375944
         -0.647609
         -0.148932
         -0.904407
         -0.187711
          0.455013
##################### ACCEPTABLE SUBNET NUMBER: 27  #########################
          0.670501
 5
 4
13
19
23
29
 0
           1.51806
           1.48905
         -0.216045
         -0.360376
        -0.0386492
         0.0798872
         -0.201755
         -0.437291
##################### ACCEPTABLE SUBNET NUMBER: 28  #########################
          0.622539
 2
13
29
 0
           1.52775
            1.2288
         -0.274002
        -0.0501519
          -1.32089
##################### ACCEPTABLE SUBNET NUMBER: 29  #########################
          0.741588
 4
13
19
23
29
 5
26
36
37
28
31
          0.904182
          0.629277
         0.0997141
          0.581301
           1.73092
          0.796298
           1.23487
          0.318453
          0.156405
           1.76172
         -0.237526
          -1.70241
##################### ACCEPTABLE SUBNET NUMBER: 30  #########################
          0.649575
 2
19
29
 1
27
           1.19209
          0.886004
         -0.280041
         -0.121627
         -0.133946
          -1.72746
##################### ACCEPTABLE SUBNET NUMBER: 31  #########################
          0.725924
 6
 4
19
29
20
48
37
 0
           1.04432
          0.762915
         -0.292791
         -0.844677
         -0.796589
         -0.028444
           -1.2984
          -0.61653
         -0.982294
##################### ACCEPTABLE SUBNET NUMBER: 32  #########################
          0.659169
 4
 4
13
23
29
 0
           1.87615
          0.932218
          -0.46347
          -1.30677
         -0.312294
         -0.476186
         -0.412061
##################### ACCEPTABLE SUBNET NUMBER: 33  #########################
          0.323255
 4
 4
13
19
29
 1
 1
           1.30227
           1.24923
         -0.280382
          0.511871
         -0.204957
        -0.0456263
          0.161222
          0.623219
##################### ACCEPTABLE SUBNET NUMBER: 34  #########################
          0.506202
 4
13
31
14
20
 1
 1
           1.64441
          0.589015
         -0.648217
          -1.54603
         -0.190086
         -0.561304
         -0.418875
          0.271789
##################### ACCEPTABLE SUBNET NUMBER: 35  #########################
          0.804045
 8
 4
49
48
41
 1
10
26
11
 7
18
 6
47
17
33
21
 7
           1.88225
           1.63898
          0.749023
           1.67694
          0.426114
         -0.641657
           1.50901
          0.873364
           1.18852
        0.00687162
         -0.355271
           2.14314
           0.21998
         0.0428242
          0.619364
          -1.16198
         -0.919554
          0.928993
##################### ACCEPTABLE SUBNET NUMBER: 36  #########################
          0.735414
 4
23
29
46
50
 3
17
 5
44
           1.59519
           1.53065
          -1.45897
         -0.280314
         0.0946156
         -0.253509
        -0.0964432
        -0.0998269
          -2.00089
          -2.39804
##################### ACCEPTABLE SUBNET NUMBER: 37  #########################
          0.744497
 5
23
44
28
39
13
 0
           1.29647
         0.0521227
          -2.08727
          -1.65824
           -1.1169
        -0.0828887
          -1.57584
          -0.82899
##################### ACCEPTABLE SUBNET NUMBER: 38  #########################
          0.731714
 3
19
18
12
 1
37
          0.928319
          0.740508
         -0.398874
          0.511772
          -1.31829
         -0.714662
          0.493406
##################### ACCEPTABLE SUBNET NUMBER: 39  #########################
          0.468509
 6
 4
13
45
42
12
20
 8
14
30
 8
49
11
38
 7
43
           1.99181
           1.37035
           1.00804
         -0.660988
           1.49466
          0.515361
         -0.151399
         -0.535698
           1.50152
          -1.13569
         -0.737406
            -1.009
            1.6714
         -0.927101
          0.324155
          0.832428
          -0.60728
##################### ACCEPTABLE SUBNET NUMBER: 40  #########################
          0.209718
 2
19
31
 2
42
48
           1.76304
           1.20877
           1.23505
          0.620365
           1.61302
            1.9118
           0.50636
##################### ACCEPTABLE SUBNET NUMBER: 41  #########################
          0.631286
 3
 4
11
16
 5
32
38
19
39
33
           1.60827
           1.68725
           1.30049
           1.63437
          -1.16285
           1.19053
          -1.09052
          -1.51264
           -1.3511
           1.54626
          -1.50256
##################### ACCEPTABLE SUBNET NUMBER: 42  #########################
          0.549645
 5
32
47
21
14
23
 7
17
10
36
45
 6
16
30
          0.953239
          0.565013
          0.472406
          0.360761
          -1.28357
          0.462653
          0.922925
           1.19161
           0.97167
          0.972802
          -1.03451
            1.1966
            1.2656
           1.10366
            -1.554
##################### ACCEPTABLE SUBNET NUMBER: 43  #########################
          0.602393
 5
 4
13
19
23
29
 1
35
          0.997928
          0.686115
         -0.691638
          0.303369
          0.272529
          0.536832
          0.232106
          0.327264
           0.61979
##################### ACCEPTABLE SUBNET NUMBER: 44  #########################
          0.743596
 7
 4
13
19
23
29
 7
36
 4
40
27
10
39
          0.863162
          0.665711
         -0.113502
         -0.162854
         0.0710304
          0.202142
          0.163818
          0.162496
         -0.714269
          -1.01142
           0.30108
          -0.87945
          -0.68574
          0.179781
##################### ACCEPTABLE SUBNET NUMBER: 45  #########################
          0.715975
 5
 4
19
23
29
15
 0
           1.08854
          0.745185
         -0.313449
         -0.278963
         -0.542627
         -0.270819
         -0.100528
          -1.00294
##################### ACCEPTABLE SUBNET NUMBER: 46  #########################
          0.710779
 2
29
10
 0
           1.64603
          0.647387
         -0.458141
         -0.281949
          -2.57674
##################### ACCEPTABLE SUBNET NUMBER: 47  #########################
          0.957622
11
23
13
27
26
32
45
17
15
19
 8
 1
12
16
30
24
18
 9
42
20
34
37
21
11
49
          0.852407
          0.489279
         -0.617461
          0.894279
         -0.592847
           1.14811
           1.13341
         -0.045833
         -0.626038
         -0.226748
           -0.1725
          -2.53452
         -0.617008
         -0.990845
           1.99881
           0.96347
         -0.229086
        -0.0197488
          0.321422
          -0.66418
          0.199763
         -0.339832
         -0.678536
          -0.30665
         -0.294801
         -0.512898
##################### ACCEPTABLE SUBNET NUMBER: 48  #########################
          0.651859
 1
 4
 2
24
37
           1.20335
          0.911298
         -0.264483
         0.0316962
          -1.37883
      -0.000266942
##################### ACCEPTABLE SUBNET NUMBER: 49  #########################
          0.670688
 3
 4
13
29
 1
30
           1.00384
          0.800445
         -0.252572
         -0.362435
        -0.0931189
        -0.0736573
         -0.256321
##################### ACCEPTABLE SUBNET NUMBER: 50  #########################
          0.683668
 4
 4
23
29
33
 1
31
           1.26411
          0.870637
         -0.328561
         -0.686467
          -1.46174
        -0.0948139
         -0.603512
          -1.22411
----------Number of Acceptable Subnets found: 50 -----------
----------END FOR GENE 3 -----------
--------START FOR GENE 4 -----------
 Values arranged as error, n_ka, gene ids for ka, n_kd, gene ids for kd,
 r0, ea, d, ka_values, kd_values for each subnet. 
##################### ACCEPTABLE SUBNET NUMBER: 1  #########################
           2.57238
 6
44
 2
34
33
27
11
 9
26
32
 9
12
31
49
10
24
37
           1.70626
           1.74112
           1.71306
           1.54581
          0.527034
           1.36058
          0.283956
         -0.572368
          0.547374
           1.97102
           1.46281
         -0.789593
           1.56978
         -0.473414
         -0.559412
          0.283218
          0.334342
          0.433319
##################### ACCEPTABLE SUBNET NUMBER: 2  #########################
           0.97335
 7
27
17
42
14
38
 8
41
 6
 6
44
29
39
 1
 7
          0.607574
         -0.225736
          -1.84091
         -0.507734
        -0.0255098
          -1.66784
          -1.68043
         -0.901011
         -0.913083
         -0.913083
          0.310227
         -0.933635
          -1.68234
         -0.774026
          -1.06969
         -0.657033
##################### ACCEPTABLE SUBNET NUMBER: 3  #########################
          0.714094
 3
23
27
44
 3
26
32
 1
          0.215637
          0.136402
          0.111705
        -0.0226795
           0.39973
        -0.0554859
          0.425608
        -0.0649022
          0.631742
##################### ACCEPTABLE SUBNET NUMBER: 4  #########################
           2.60644
 4
28
25
30
35
 6
26
32
43
16
 3
36
           1.28413
           1.41593
           1.64565
          0.256274
         0.0687191
          0.225661
          -1.97934
           1.87353
           1.12984
         -0.155976
          0.648321
          -1.12315
          -1.44603
##################### ACCEPTABLE SUBNET NUMBER: 5  #########################
           1.39988
 5
17
48
41
 1
33
10
26
38
 8
19
37
50
 9
42
12
18
           1.23453
          0.681726
          0.121062
          0.527002
          0.162442
         -0.925417
            -1.312
         -0.594923
          0.594613
          0.591466
          0.209263
          0.393102
         -0.686844
          -1.13547
          0.417876
         -0.974739
        -0.0998736
         -0.280799
##################### ACCEPTABLE SUBNET NUMBER: 6  #########################
           1.35451
 1
44
 2
 1
39
           2.05199
          0.414235
          -1.22231
         -0.376424
         -0.751858
         -0.722272
##################### ACCEPTABLE SUBNET NUMBER: 7  #########################
           2.60179
 8
48
37
 8
44
43
20
41
12
 6
26
32
33
30
 5
36
           1.28795
            1.4203
            1.4257
           1.20119
          -0.22588
         -0.511982
         -0.287178
         0.0240517
         -0.308107
          0.298922
          -2.13528
           1.65769
          0.859295
          -1.70356
         -0.757689
          -0.48936
          -1.71209
##################### ACCEPTABLE SUBNET NUMBER: 8  #########################
          0.720905
 7
44
 7
25
20
26
35
28
 1
42
           1.97878
          0.430331
          -2.15318
         -0.457965
          -1.52889
          -0.58771
         -0.300026
          -1.45287
          -1.39373
           -1.6323
       -0.00239754
##################### ACCEPTABLE SUBNET NUMBER: 9  #########################
          0.737081
 6
13
23
27
26
34
37
 3
15
18
39
           1.46721
         -0.127902
         -0.434263
         -0.594232
          0.278957
         -0.829709
         -0.542319
           0.34744
         -0.824922
         -0.174837
            1.3222
          -1.29061
##################### ACCEPTABLE SUBNET NUMBER: 10  #########################
           1.45639
 0
 1
26
           1.02428
         -0.154279
          0.336754
             1.596
##################### ACCEPTABLE SUBNET NUMBER: 11  #########################
           1.39613
 1
44
 0
           1.58546
          0.432438
          -0.99478
         -0.251556
##################### ACCEPTABLE SUBNET NUMBER: 12  #########################
          0.567558
 3
44
 5
 2
 0
           1.07503
          0.345033
         -0.501486
         -0.282086
          -1.16701
          0.344265
##################### ACCEPTABLE SUBNET NUMBER: 13  #########################
          0.719933
 4
23
32
34
25
 3
26
37
18
           1.23453
          0.870143
          0.727356
          0.412949
         -0.253705
         -0.861116
          0.846507
           1.17399
          -1.28712
           1.29756
##################### ACCEPTABLE SUBNET NUMBER: 14  #########################
            1.1506
 4
 8
49
35
23
 2
46
42
           2.01275
          0.103653
          0.201055
           1.15089
           1.10527
           0.92076
         -0.537795
          0.728313
           1.84958
##################### ACCEPTABLE SUBNET NUMBER: 15  #########################
          0.608627
 2
20
30
 2
42
14
          0.903933
         0.0245401
         -0.126285
          0.320274
         -0.543055
          0.644957
          0.231321
##################### ACCEPTABLE SUBNET NUMBER: 16  #########################
          0.714371
 5
23
27
44
24
 1
 3
30
 9
36
          0.716066
         0.0503438
          0.246831
         -0.913841
          0.626718
        -0.0918027
          0.183467
          0.174886
           1.15187
           0.45854
         -0.057462
##################### ACCEPTABLE SUBNET NUMBER: 17  #########################
           2.46607
 3
27
 9
36
 3
26
21
16
          0.616907
           0.60333
          0.178066
         -0.446922
          -1.07004
          0.249483
          0.447765
          0.344285
         -0.334429
##################### ACCEPTABLE SUBNET NUMBER: 18  #########################
           2.61056
 4
50
29
36
45
 6
26
33
 9
40
28
23
           1.19275
           1.32542
           1.50644
          0.649602
          0.509616
         -0.732082
         -0.719357
           1.73217
           1.01132
         -0.251042
          -1.76798
           -1.4645
          -2.87793
##################### ACCEPTABLE SUBNET NUMBER: 19  #########################
           1.35999
 1
44
12
26
32
30
25
42
 2
 8
31
19
 3
18
39
          0.609509
         -0.198878
        -0.0103275
          0.563304
           1.69591
         -0.108692
        -0.0153143
          0.389518
          0.306639
         -0.801821
        -0.0515878
         -0.112171
         -0.302859
         -0.323823
          -1.51525
         -0.719596
##################### ACCEPTABLE SUBNET NUMBER: 20  #########################
           1.42958
 0
 2
26
18
           1.27919
         -0.160486
          0.631389
           1.96269
          -1.30454
##################### ACCEPTABLE SUBNET NUMBER: 21  #########################
          0.822739
 1
 2
 3
26
25
38
           1.06381
         0.0394279
          0.713746
         -0.860983
           1.23001
           1.34171
          -0.89666
##################### ACCEPTABLE SUBNET NUMBER: 22  #########################
           1.97536
 5
27
44
41
33
26
 3
39
42
20
           1.70153
          0.940896
          -0.47937
         -0.184053
         -0.745072
         -0.510412
           -1.0534
          -1.35825
         -0.187451
         -0.513761
          -1.49179
##################### ACCEPTABLE SUBNET NUMBER: 23  #########################
          0.825821
 2
44
 5
 2
32
42
          0.726601
        -0.0898384
         -0.544144
          0.367662
          -1.78884
          0.524236
          0.762497
##################### ACCEPTABLE SUBNET NUMBER: 24  #########################
          0.804419
 4
23
20
32
15
 1
 6
           1.51394
          0.168437
         -0.994068
          -0.22472
         -0.251703
          -1.08645
         -0.153139
          0.350335
##################### ACCEPTABLE SUBNET NUMBER: 25  #########################
           1.36235
 3
13
44
14
 6
 8
 7
18
21
42
45
           1.10478
          0.566615
         -0.672237
          -0.61449
         -0.120415
          -0.14245
         -0.240015
         -0.114745
          -1.01259
          -1.37519
          -1.40691
          -1.76538
##################### ACCEPTABLE SUBNET NUMBER: 26  #########################
            1.1481
 1
 2
 3
26
30
 6
          0.900157
         -0.243275
          0.160394
           1.03829
           2.04026
         -0.779236
          0.519221
##################### ACCEPTABLE SUBNET NUMBER: 27  #########################
           2.59205
 8
44
24
41
35
 9
19
33
45
13
26
39
20
 1
31
 7
 8
25
 6
34
16
10
48
           1.54885
           1.68096
           1.68461
           1.23967
          0.198444
           1.53754
          0.339819
          0.238745
          0.171886
         -0.761349
         -0.595491
           1.91486
           1.12174
          0.120473
         -0.235541
           0.90955
          0.867347
          0.480956
         -0.263774
         -0.633258
         -0.449454
         0.0504403
           1.64504
           0.60493
##################### ACCEPTABLE SUBNET NUMBER: 28  #########################
           2.61099
 1
27
 2
26
 1
          0.957307
           1.09045
          0.852243
          -1.05013
           1.08228
         -0.154174
##################### ACCEPTABLE SUBNET NUMBER: 29  #########################
            2.1034
 4
13
23
27
44
 2
26
32
          -0.21986
         0.0836222
          -0.21986
         0.0836222
          -0.21986
         0.0836222
          -0.21986
         0.0836222
          -0.21986
##################### ACCEPTABLE SUBNET NUMBER: 30  #########################
           1.45795
 2
36
10
 2
26
50
          0.522519
         -0.183626
        -0.0373579
          0.521831
           -1.3395
           1.63266
          -1.26619
##################### ACCEPTABLE SUBNET NUMBER: 31  #########################
          0.553925
 2
27
44
 3
26
32
30
           1.29333
        -0.0391029
          0.507341
          0.381297
            1.0003
           0.49984
           1.13412
           1.71184
##################### ACCEPTABLE SUBNET NUMBER: 32  #########################
           1.28734
 6
13
19
20
50
43
32
 3
26
46
12
          0.451053
         -0.225523
         -0.473905
          0.146399
          0.141476
          0.857119
          0.154862
         -0.146414
         -0.664071
           1.91031
          0.601561
           -1.8677
##################### ACCEPTABLE SUBNET NUMBER: 33  #########################
           1.62893
 4
44
16
22
41
10
26
12
27
17
50
10
33
40
31
11
           1.87852
           1.52543
           1.39769
           1.78098
           1.49258
         -0.418087
           0.43048
           1.92737
            1.7878
         -0.156422
         -0.283349
          0.824152
         -0.585152
         -0.195251
           1.41454
         -0.900314
          0.580042
##################### ACCEPTABLE SUBNET NUMBER: 34  #########################
           1.32164
 1
44
 1
42
           3.34239
          0.538022
          -2.19369
         -0.666748
         -0.638601
##################### ACCEPTABLE SUBNET NUMBER: 35  #########################
           1.41674
 2
44
28
 2
26
32
           1.15517
          0.533771
         -0.614235
         -0.113601
         -0.127925
         -0.711134
         -0.100213
##################### ACCEPTABLE SUBNET NUMBER: 36  #########################
            1.3635
17
27
44
 8
 5
48
30
28
17
19
26
 9
 3
47
20
21
23
11
11
32
42
14
38
25
46
35
45
15
41
 6
           1.37697
           1.21406
           1.47842
          0.678556
           1.31176
           1.03939
          0.643035
           1.46082
           1.12792
          -1.49602
         -0.734774
         -0.500074
           1.26003
          0.202376
         -0.192783
         -0.815176
          0.229333
          -1.11458
          -1.61997
         -0.728329
           1.79369
             1.659
          -0.62422
          0.475192
          0.778435
          0.111322
          -0.11929
         -0.488322
          0.332379
          0.222213
          0.570811
##################### ACCEPTABLE SUBNET NUMBER: 37  #########################
          0.773024
 4
32
50
15
39
 8
26
47
 6
23
49
29
13
37
           1.67905
           1.07709
            1.0934
          0.868196
        -0.0511946
          0.278274
       -0.00197308
           1.51084
          -1.12285
           1.32079
          0.722201
          -1.17056
          0.268978
          -1.11036
         -0.322417
##################### ACCEPTABLE SUBNET NUMBER: 38  #########################
           1.38865
 2
44
28
 3
32
49
 7
           1.82861
          0.737407
          -1.10241
         -0.229131
          -1.61197
         -0.439454
          -2.37036
          -1.40434
##################### ACCEPTABLE SUBNET NUMBER: 39  #########################
           0.73694
 1
43
 4
26
32
 6
25
           1.70578
           1.01953
           1.32202
         0.0506524
           1.74702
         -0.621811
           1.57814
           1.33586
##################### ACCEPTABLE SUBNET NUMBER: 40  #########################
          0.738696
 7
13
23
27
44
37
36
25
 4
26
32
 1
16
          0.597228
          0.405092
          0.514956
          0.417985
          0.460345
          0.566892
          0.567355
          -0.26916
          -1.67328
          -1.79733
          0.839765
          0.341676
          0.949961
         -0.665231
##################### ACCEPTABLE SUBNET NUMBER: 41  #########################
           2.59896
 8
13
23
27
16
37
46
19
31
 6
26
32
10
24
14
17
           1.05106
           1.18513
           1.21115
          0.928878
          0.873612
          0.841825
           1.06305
         -0.942428
          0.509826
         -0.470853
        -0.0276075
           1.44492
          0.916466
         -0.347979
         -0.637496
          -1.54845
          -1.81496
##################### ACCEPTABLE SUBNET NUMBER: 42  #########################
          0.317768
 1
46
 6
32
48
18
20
31
10
           1.96123
          0.930055
          0.326015
         -0.469165
          0.802437
          -0.29192
           1.05149
          0.529717
         -0.354094
          0.265517
##################### ACCEPTABLE SUBNET NUMBER: 43  #########################
           1.34806
 2
23
44
 0
           2.54799
          0.865709
          -1.17719
          -1.89466
         -0.380527
##################### ACCEPTABLE SUBNET NUMBER: 44  #########################
            1.4823
 3
27
21
 7
 1
26
          0.482374
         -0.224008
         -0.239826
          0.775811
          0.382785
         -0.298199
           1.89852
##################### ACCEPTABLE SUBNET NUMBER: 45  #########################
           1.38457
 1
44
 1
24
           2.10352
          0.321911
          -2.34733
         -0.415564
         -0.973024
##################### ACCEPTABLE SUBNET NUMBER: 46  #########################
            1.3593
 1
44
 1
 1
            1.7997
          0.449812
         -0.941613
         -0.301834
          -1.95787
##################### ACCEPTABLE SUBNET NUMBER: 47  #########################
           1.12227
 2
44
43
 2
 6
 2
           1.46405
           0.34563
          -1.51765
         -0.215541
          -1.53956
        -0.0362579
          -1.03134
##################### ACCEPTABLE SUBNET NUMBER: 48  #########################
           1.70394
 2
44
46
 1
26
          0.905991
          0.150435
          -1.37559
         -0.153235
          -2.54511
         -0.205853
##################### ACCEPTABLE SUBNET NUMBER: 49  #########################
            1.3726
 1
44
 1
30
           1.36997
          0.399163
          -1.45471
         -0.198722
        0.00181894
##################### ACCEPTABLE SUBNET NUMBER: 50  #########################
           2.60646
 5
 7
19
22
35
12
 6
26
 5
46
 8
42
45
            1.5433
           1.60955
           1.66309
          -1.13833
         -0.705103
          0.774924
          0.708156
          -1.01157
           1.90821
          0.104009
          -1.15195
          0.371365
           1.12181
           1.47023
----------Number of Acceptable Subnets found: 50 -----------
----------END FOR GENE 4 -----------
--------START FOR GENE 5 -----------
 Values arranged as error, n_ka, gene ids for ka, n_kd, gene ids for kd,
 r0, ea, d, ka_values, kd_values for each subnet. 
##################### ACCEPTABLE SUBNET NUMBER: 1  #########################
           2.36478
 2
11
21
 4
32
13
22
48
          0.410165
          0.358731
         -0.079571
          0.377976
        0.00438088
          0.148045
          0.193605
          0.186738
        -0.0504119
##################### ACCEPTABLE SUBNET NUMBER: 2  #########################
           0.73278
 8
31
28
44
18
20
19
 6
30
 3
29
32
 8
           0.51905
         -0.160258
         -0.381649
        -0.0776262
         -0.321317
          -1.09257
           -1.2664
          0.153102
         -0.541982
         -0.549044
         -0.287014
          0.262751
         0.0356613
         -0.387785
##################### ACCEPTABLE SUBNET NUMBER: 3  #########################
           2.37973
 4
28
43
 9
10
11
41
19
22
49
18
29
47
12
42
11
 4
           1.50654
         -0.122986
         -0.105856
          -1.32904
          -1.34273
          0.013692
         -0.149078
          0.630195
          -1.38201
          -1.18209
          -1.22954
          -1.22838
          -0.71676
          -1.06326
          -1.95641
         -0.704288
          -0.79696
          -1.45681
##################### ACCEPTABLE SUBNET NUMBER: 4  #########################
           2.64525
 2
11
49
 0
          0.138317
          0.170645
         -0.227435
           0.24948
         -0.301246
##################### ACCEPTABLE SUBNET NUMBER: 5  #########################
           2.71612
 1
11
 0
          0.486151
          0.528238
         -0.218229
          0.285096
##################### ACCEPTABLE SUBNET NUMBER: 6  #########################
           2.45872
 6
11
 1
17
24
 8
36
 3
48
15
30
          0.245925
          0.315239
         -0.195316
          0.399382
          0.370049
          -0.72979
          -0.55175
         -0.812451
         -0.430169
         0.0739077
          -1.13596
         -0.822024
##################### ACCEPTABLE SUBNET NUMBER: 7  #########################
            1.5733
 6
31
41
14
28
 8
43
 8
18
50
20
10
30
 7
11
48
         0.0220209
         -0.334003
          -1.02924
         0.0275857
         -0.197589
          0.199922
         -0.123726
           0.11673
         -0.274433
           0.16813
          0.249623
          -1.77301
          -1.29844
         -0.135212
         -0.667814
         -0.672849
         -0.523736
##################### ACCEPTABLE SUBNET NUMBER: 8  #########################
           2.16772
 7
31
17
33
30
12
 7
32
 4
 3
25
11
16
          0.304081
         -0.170766
           -0.4767
          0.020556
         -0.114546
          -0.81814
         -0.776706
          -1.13306
            -1.237
         -0.880273
          0.128081
         -0.431943
         -0.925007
         -0.304267
##################### ACCEPTABLE SUBNET NUMBER: 9  #########################
           2.17841
 9
11
31
 2
17
19
21
 7
 6
 1
10
20
12
50
 3
28
26
14
13
34
35
          0.230721
         0.0881906
         -0.244867
          0.150969
        -0.0468191
         -0.625492
          0.100332
         -0.333349
          -1.20416
         -0.991868
         -0.896735
         -0.465525
         -0.565461
         -0.408523
          0.127619
         -0.543153
          -1.28585
         -0.508293
         -0.475302
          -1.82824
        -0.0523862
         -0.731775
##################### ACCEPTABLE SUBNET NUMBER: 10  #########################
           2.43862
12
11
44
48
34
49
19
28
47
15
37
17
22
 5
33
 2
38
16
36
           1.22697
           1.30221
        -0.0982646
           1.16203
         -0.283729
           0.67665
         -0.474203
          -1.37526
           1.00958
           -1.1918
         -0.448319
          0.997089
        -0.0163174
         -0.197417
          -1.06449
          0.909789
         -0.655388
          0.525714
           0.28414
        -0.0608469
##################### ACCEPTABLE SUBNET NUMBER: 11  #########################
            2.8885
 4
31
 1
47
14
 2
35
26
           0.12582
         -0.174585
          -1.18659
         0.0980119
         -0.118751
         -0.614146
          -1.11867
          0.104095
          -1.11867
##################### ACCEPTABLE SUBNET NUMBER: 12  #########################
           2.09252
 9
11
20
 2
41
30
47
 9
39
42
 2
 3
 4
         0.0751662
        -0.0805855
         -0.485721
          0.110709
        -0.0392118
          0.462238
          -1.06702
          -1.03792
          -0.70236
         -0.490572
         -0.439611
          -1.62885
        -0.0791315
         0.0233321
##################### ACCEPTABLE SUBNET NUMBER: 13  #########################
           2.28828
 4
11
 8
43
 4
 4
42
28
32
23
          0.324255
           0.39442
         -0.372694
          0.470147
          0.127767
          0.108123
          0.843849
         -0.682347
          0.550921
         -0.775445
          0.432105
##################### ACCEPTABLE SUBNET NUMBER: 14  #########################
           2.20467
 4
11
 4
 1
44
 1
33
          0.330682
          0.416512
         -0.585992
          0.268861
          0.868363
          0.743805
         -0.528834
          0.151042
##################### ACCEPTABLE SUBNET NUMBER: 15  #########################
           2.65944
 7
11
31
32
30
27
 6
41
 9
49
23
16
15
33
34
37
48
 2
         0.0243701
         0.0542628
         -0.250678
          0.217094
         0.0206423
          -2.13892
          -1.94377
        -0.0300281
          -1.23804
         -0.918308
          -1.63758
          -2.13657
         -0.591636
         -0.644371
         -0.641278
          -1.29643
          -1.30115
           -1.9516
         -0.554626
##################### ACCEPTABLE SUBNET NUMBER: 16  #########################
           2.58968
 3
11
 3
21
 3
45
22
48
          0.134339
          0.181409
         -0.220105
          0.257156
          0.236776
         -0.928155
          -1.20728
         -0.118457
         -0.916741
##################### ACCEPTABLE SUBNET NUMBER: 17  #########################
           2.20451
 4
11
31
41
43
 2
 3
 1
          0.427517
         0.0388039
         -0.529426
        -0.0198015
       -0.00639297
          -0.31503
         -0.332189
          0.106981
         -0.332189
##################### ACCEPTABLE SUBNET NUMBER: 18  #########################
           2.33321
10
31
 4
25
27
16
21
11
12
 8
13
 5
46
17
34
 7
 3
           1.06662
             1.147
         -0.671045
          0.239255
           1.01977
          -1.59674
          -0.17327
          -1.39222
         -0.145115
         -0.829854
          -1.13264
          -1.01974
         -0.471262
          0.193109
          0.387669
              0.28
        0.00463729
         -0.434905
##################### ACCEPTABLE SUBNET NUMBER: 19  #########################
            2.7733
13
11
46
28
41
 8
32
14
37
12
23
35
33
48
 1
19
           1.59597
           1.65411
         -0.824761
          0.274887
         -0.970271
          0.135294
         -0.567211
          0.163854
          -1.45012
          0.389287
         -0.515642
            -2.087
         -0.658779
         -0.408272
          -1.67098
           -2.8972
         -0.515796
##################### ACCEPTABLE SUBNET NUMBER: 20  #########################
           2.95989
 2
31
10
 8
49
 9
19
30
33
23
25
 7
         -0.117645
         -0.315541
          -1.09885
         0.0930988
         -0.126221
         -0.674457
         -0.108352
         0.0109453
         -0.355978
         -0.833258
         -0.517821
         -0.987808
          -0.30062
##################### ACCEPTABLE SUBNET NUMBER: 21  #########################
           2.64547
 3
11
24
43
 2
19
13
          0.129748
          0.162266
         -0.223471
          0.250268
         -0.934178
         -0.917688
          -1.15322
          -1.17634
##################### ACCEPTABLE SUBNET NUMBER: 22  #########################
           2.49034
 4
11
22
46
44
 2
32
10
          0.358101
          0.424384
         -0.350944
           0.28805
          0.346412
          -0.18604
          -1.00327
         -0.139535
          0.203031
##################### ACCEPTABLE SUBNET NUMBER: 23  #########################
           2.58902
 8
11
30
 3
20
14
37
28
 8
 2
26
 7
        -0.0610722
         -0.043281
         -0.249348
          0.217531
         0.0521793
           -1.2467
        -0.0779324
          -1.11281
         -0.748161
          -1.17369
          -1.23429
         -0.187049
          -1.11499
##################### ACCEPTABLE SUBNET NUMBER: 24  #########################
           2.53718
 1
31
 4
12
33
 7
26
          0.230605
         -0.141844
         -0.285133
          0.113681
          0.163565
         -0.722197
         -0.539014
         0.0540378
##################### ACCEPTABLE SUBNET NUMBER: 25  #########################
            2.5728
 8
11
10
44
21
 8
15
30
19
 2
33
38
           1.82431
           1.91237
         0.0159824
          0.902734
        -0.0959954
           0.16247
          0.451623
          0.529686
          0.247002
          0.284802
          0.773486
          0.619293
         -0.809325
##################### ACCEPTABLE SUBNET NUMBER: 26  #########################
            2.2532
 2
11
28
 8
33
16
 7
44
35
29
 1
14
          0.328895
          0.324794
         -0.121154
           0.45278
          -2.20845
         -0.797907
          0.198255
          0.133003
          -0.41504
          0.104147
          0.270477
         -0.656016
          -2.20645
##################### ACCEPTABLE SUBNET NUMBER: 27  #########################
           2.35646
 2
11
31
 3
29
16
 1
          0.213029
          0.216717
         -0.238065
          0.339438
          0.114742
          0.168696
         0.0740079
         -0.897427
##################### ACCEPTABLE SUBNET NUMBER: 28  #########################
           2.86827
 3
31
43
47
 5
21
13
 6
26
44
        -0.0452283
         -0.200142
          -1.83101
          0.143428
         -0.305911
         -0.966604
         -0.346742
         -0.335417
          0.134069
         -0.991595
         -0.147988
##################### ACCEPTABLE SUBNET NUMBER: 29  #########################
           2.65917
 4
22
12
42
36
 4
14
18
46
 3
         -0.193023
         -0.122039
          -1.95636
          0.467116
          0.021932
         -0.758737
        -0.0988128
          -1.07347
           0.30094
          -1.21428
         -0.754289
##################### ACCEPTABLE SUBNET NUMBER: 30  #########################
           2.83476
 9
11
 9
 8
47
32
44
50
20
41
 5
36
29
26
42
10
           1.44241
            1.5193
          0.844478
           1.35752
          0.744554
         -0.294963
          0.687799
          0.427259
         -0.720402
          -1.40972
          -1.92161
         0.0914881
          0.146287
          -1.19994
           1.08838
          0.493756
           0.58361
##################### ACCEPTABLE SUBNET NUMBER: 31  #########################
           2.41189
 8
11
18
20
41
44
 8
23
25
 2
34
22
          0.126851
          0.112852
         -0.192632
          0.214844
          -0.92313
          -1.42636
          -1.42224
         -0.466611
          0.177567
         -0.800993
          -0.49592
         0.0371911
        0.00935795
##################### ACCEPTABLE SUBNET NUMBER: 32  #########################
          0.646406
 3
29
 8
14
 1
 3
          0.624214
         0.0672633
         -0.511345
         -0.263197
         0.0380114
          0.246919
           0.30391
##################### ACCEPTABLE SUBNET NUMBER: 33  #########################
           2.88406
 4
11
46
44
31
 3
41
32
15
           1.68217
           1.74678
          -2.39708
           1.85596
           1.20092
           1.73025
          0.708141
           1.77146
         -0.895828
         -0.834997
##################### ACCEPTABLE SUBNET NUMBER: 34  #########################
           2.45299
 4
11
42
23
35
 4
 4
29
24
25
          0.300772
          0.193549
          -0.25102
          0.175272
          -2.39746
           -1.6413
         -0.969297
          -0.23541
         0.0566897
         -0.820429
          -1.44976
##################### ACCEPTABLE SUBNET NUMBER: 35  #########################
           2.61674
 1
24
 5
38
22
35
40
26
         -0.143258
         -0.616579
         -0.400853
          0.120332
         -0.507309
         -0.658023
         -0.672385
         0.0199537
         0.0765651
##################### ACCEPTABLE SUBNET NUMBER: 36  #########################
           2.04739
 7
20
15
38
10
35
27
43
 3
24
37
26
            1.4182
          0.999335
         -0.496773
          0.231526
          0.172778
         0.0942999
         -0.579342
          -1.56342
         -0.141713
         -0.815829
         -0.676839
          0.319568
          0.188764
##################### ACCEPTABLE SUBNET NUMBER: 37  #########################
           2.90786
 2
31
 3
 7
26
14
 6
34
18
37
33
          0.227885
         -0.497791
         -0.497407
         -0.103249
         -0.874059
         -0.638707
         -0.634632
          0.103642
         -0.492094
         -0.404143
         -0.777219
         -0.873315
##################### ACCEPTABLE SUBNET NUMBER: 38  #########################
           2.64737
 7
 9
 8
 1
28
30
 6
17
 2
42
46
          0.605565
          0.685345
         -0.376808
          0.545408
         -0.298948
          0.976912
          0.255716
          -1.45495
           -1.0464
          -1.77035
          0.368052
          -1.80217
##################### ACCEPTABLE SUBNET NUMBER: 39  #########################
           1.43727
 6
20
 8
 1
29
26
 7
 3
50
35
48
          0.194372
         -0.388936
         -0.603945
          0.242236
          0.113303
        -0.0139983
         -0.230067
         -0.324888
          -1.31962
          0.342319
         -0.301873
         -0.297755
##################### ACCEPTABLE SUBNET NUMBER: 40  #########################
          0.872647
 4
43
30
34
31
13
41
37
33
 1
13
 3
18
47
35
 9
25
 4
 8
            1.5075
          0.883242
          0.228857
          0.679929
         0.0572528
          -1.42809
          -2.06783
           0.86674
         0.0988944
         -0.120558
          -0.95146
          0.611297
           0.67149
          0.680878
          -1.35996
          -1.28937
         -0.832518
        -0.0779054
          0.311274
         -0.272926
##################### ACCEPTABLE SUBNET NUMBER: 41  #########################
              2.57
 5
11
 8
17
43
23
 1
 9
        0.00529211
         0.0416294
         -0.264497
          0.229626
          0.188102
         0.0542068
         -0.292069
         -0.220242
          -0.21548
##################### ACCEPTABLE SUBNET NUMBER: 42  #########################
           2.60133
 3
11
22
15
 1
10
         0.0798528
          0.134167
         -0.261727
          0.247503
          0.240219
          -1.28361
         -0.230305
##################### ACCEPTABLE SUBNET NUMBER: 43  #########################
            2.2818
 5
11
49
 4
28
32
 5
19
25
24
10
 1
          0.404609
           0.26867
           -1.3461
          0.296216
        -0.0247268
         -0.542837
         -0.557894
         -0.678613
          0.244194
          0.119954
         -0.635232
         -0.376478
         -0.473156
##################### ACCEPTABLE SUBNET NUMBER: 44  #########################
           2.47624
 5
45
22
40
49
24
11
34
50
 6
20
27
26
35
11
29
 7
30
          0.444208
          0.458328
          0.157806
           1.07522
          -0.55954
         0.0337716
         -0.374311
         0.0426027
           1.16406
         -0.665315
          0.657521
         -0.356257
          -0.35924
          -1.07787
         -0.395742
           0.82434
          -1.25799
          -1.95603
          0.165277
##################### ACCEPTABLE SUBNET NUMBER: 45  #########################
           1.24116
 5
11
14
30
20
19
 9
48
38
10
18
35
23
 4
45
24
          0.191563
        -0.0603038
         -0.393955
          0.408842
          0.310683
        -0.0379253
          0.539793
         0.0232642
          0.390283
         -0.468953
        -0.0725103
         -0.368908
            -1.607
          -1.67389
          0.522607
         -0.929528
         -0.978211
##################### ACCEPTABLE SUBNET NUMBER: 46  #########################
           2.29389
 3
11
31
46
 3
29
25
 3
          0.334883
          0.179645
         -0.291217
          0.218274
         0.0550704
         -0.600577
          0.178035
         0.0421085
        -0.0488135
##################### ACCEPTABLE SUBNET NUMBER: 47  #########################
           1.23211
 5
11
20
21
50
47
 1
 4
          0.547698
         0.0204012
          -1.65242
        -0.0974067
          0.173877
          -0.21439
         -0.743781
          -1.61048
          0.189657
##################### ACCEPTABLE SUBNET NUMBER: 48  #########################
           2.66937
 4
11
22
15
50
 1
25
       -0.00648853
          0.023888
         -0.233153
          0.231062
         -0.542499
         0.0103342
          -2.39381
          -2.39419
##################### ACCEPTABLE SUBNET NUMBER: 49  #########################
            2.4551
 4
31
15
 8
41
 7
34
30
 7
43
10
37
26
          0.372153
          0.454816
         -0.389091
          0.576302
          0.584114
           0.76539
          -1.58367
          0.557131
          -1.51376
          0.300709
         -0.872627
         -0.971256
         -0.778465
          -1.18847
##################### ACCEPTABLE SUBNET NUMBER: 50  #########################
           2.47151
 5
11
27
41
26
15
 2
 7
48
          0.331101
          0.384576
         -0.459986
          0.280612
          -1.62958
         -0.149168
          -1.53372
          0.179021
         0.0586976
          -1.22452
----------Number of Acceptable Subnets found: 50 -----------
----------END FOR GENE 5 -----------
--------START FOR GENE 6 -----------
 Values arranged as error, n_ka, gene ids for ka, n_kd, gene ids for kd,
 r0, ea, d, ka_values, kd_values for each subnet. 
##################### ACCEPTABLE SUBNET NUMBER: 1  #########################
          0.599689
 8
 4
 5
50
25
48
37
40
35
 6
46
20
12
36
22
 2
          0.391576
          0.341449
          -1.16991
         0.0374894
         -0.624623
          0.431105
          -0.39619
          0.317495
          -0.94512
         -0.370191
          -0.79998
           0.54029
        -0.0834425
         -0.965856
          -1.53349
          -1.52457
          0.673788
##################### ACCEPTABLE SUBNET NUMBER: 2  #########################
          0.522466
 5
 4
23
45
20
18
 2
35
30
           1.34501
            1.1109
          -1.55138
         -0.364849
           0.15397
        -0.0606026
          -1.38484
         -0.175836
          0.116528
         -0.154774
##################### ACCEPTABLE SUBNET NUMBER: 3  #########################
          0.696186
 3
23
29
26
 2
46
 3
          0.776401
          0.654975
         -0.901602
         -0.715153
          0.580789
          0.176808
          0.462196
          0.473384
##################### ACCEPTABLE SUBNET NUMBER: 4  #########################
          0.650175
 2
23
45
 1
43
            1.4242
           1.03987
          -0.26273
         0.0942606
          -1.81796
           0.20665
##################### ACCEPTABLE SUBNET NUMBER: 5  #########################
          0.707614
 6
 4
23
29
 9
21
40
 5
38
50
12
 1
49
           1.97182
           1.39642
          0.489872
          0.726193
           1.74062
           1.50702
           1.21212
          -2.08665
         -0.797131
           1.76353
         -0.774883
           1.80606
           1.10917
           1.58602
##################### ACCEPTABLE SUBNET NUMBER: 6  #########################
          0.487663
 5
 4
23
29
 3
11
 4
24
28
 9
46
           1.84416
           1.86371
         0.0163376
           1.68934
          0.106052
           1.81114
         -0.352139
          -0.28823
          0.439409
           1.37722
          -0.10443
           1.58266
##################### ACCEPTABLE SUBNET NUMBER: 7  #########################
          0.746818
 7
 4
35
38
40
 3
16
13
 3
30
43
28
           1.74144
           1.20262
        -0.0119292
          0.431452
         -0.458453
         -0.394772
          0.110381
         -0.447913
         0.0252326
          -1.47292
         -0.638936
          0.637336
         -0.603873
##################### ACCEPTABLE SUBNET NUMBER: 8  #########################
           1.60226
 5
 4
23
17
48
15
 8
42
46
13
 9
 1
43
24
22
           1.58254
            1.5907
          0.357148
           1.93791
           1.88161
          -1.19419
          0.317693
        -0.0433323
           1.76839
          0.467871
           0.21915
         -0.382803
           1.52677
         -0.535087
           0.26887
         -0.782803
##################### ACCEPTABLE SUBNET NUMBER: 9  #########################
           1.65436
 3
 4
 2
25
 0
           1.19886
          0.904291
         -0.259758
        -0.0224174
           -1.5278
         -0.287501
##################### ACCEPTABLE SUBNET NUMBER: 10  #########################
          0.697959
 5
23
10
18
 8
13
 3
45
31
16
           1.15526
           1.00439
         -0.311254
          0.154957
         -0.558659
         -0.111072
         -0.884101
         -0.674874
         -0.355334
          0.023058
         -0.894265
##################### ACCEPTABLE SUBNET NUMBER: 11  #########################
          0.768419
 4
 4
23
35
33
 5
37
17
41
44
31
            1.1329
          0.667838
            0.1999
           0.77537
          0.541833
         -0.358885
         -0.289831
          0.849336
           0.71581
          0.386729
         -0.919647
           0.30102
##################### ACCEPTABLE SUBNET NUMBER: 12  #########################
          0.984101
 4
29
25
16
 8
 0
           1.20691
          0.593774
         -0.384795
          -0.13986
         -0.532322
          -0.34261
          -1.56029
##################### ACCEPTABLE SUBNET NUMBER: 13  #########################
          0.388955
 4
 4
23
29
45
 3
 3
30
50
           1.81036
           1.52042
          -1.34436
          -1.08163
          0.125704
          0.156575
          -1.38095
          0.205817
         -0.250973
         -0.188451
##################### ACCEPTABLE SUBNET NUMBER: 14  #########################
           1.95424
 1
 4
 2
14
24
           1.24374
          0.748626
         -0.287206
        -0.0610632
          0.022288
          -1.35455
##################### ACCEPTABLE SUBNET NUMBER: 15  #########################
          0.507944
 3
23
18
37
 2
12
49
           1.14153
          0.771735
         -0.342267
          0.151923
          -2.28141
         -0.322287
           0.17921
         -0.780227
##################### ACCEPTABLE SUBNET NUMBER: 16  #########################
           1.04749
 7
 5
 3
34
48
10
18
42
 8
 2
27
39
 8
32
21
47
44
           1.90373
           1.88556
          0.241968
         -0.354885
          0.826111
         -0.537581
          0.331902
         0.0999445
          -0.48046
          -0.15029
        -0.0882849
           0.46652
         -0.015565
           0.73229
          0.492841
          -0.71043
         -0.490893
         -0.488086
##################### ACCEPTABLE SUBNET NUMBER: 17  #########################
          0.724578
 5
 4
23
29
45
34
 2
 1
17
          0.453472
          0.433041
         -0.444801
          0.522359
          0.266215
        -0.0233375
        -0.0167119
         -0.263686
          0.487567
          0.258726
##################### ACCEPTABLE SUBNET NUMBER: 18  #########################
           1.66482
 6
29
26
42
 5
38
28
 0
          0.886505
          0.575179
          -1.07776
        -0.0267194
         -0.239719
         -0.281654
         -0.289961
          -1.65574
         -0.679895
##################### ACCEPTABLE SUBNET NUMBER: 19  #########################
          0.326573
 5
29
28
10
23
 8
 4
39
42
19
20
           1.33495
           1.14192
         -0.341206
          -0.22144
         0.0355028
         -0.551075
          0.247449
          -1.07989
          -1.21748
         0.0407328
         -0.893753
          0.335845
##################### ACCEPTABLE SUBNET NUMBER: 20  #########################
           1.16751
 4
 4
23
29
33
 0
           1.39859
           1.28321
          -0.21529
         -0.435233
         0.0989369
         -0.404915
         -0.760529
##################### ACCEPTABLE SUBNET NUMBER: 21  #########################
           2.00137
 3
29
47
38
 4
41
30
 1
18
            0.4303
          0.420349
         -0.834089
           0.35969
         -0.235765
         -0.572632
         -0.324023
          0.342641
         -0.329936
         0.0875908
##################### ACCEPTABLE SUBNET NUMBER: 22  #########################
          0.779377
13
 4
45
 2
49
17
23
14
13
19
15
47
29
32
 3
30
20
 3
          0.371998
          0.383205
          -1.13219
         -0.293854
         -0.153584
          0.588976
         -0.191524
          -1.31048
          -1.10655
          -1.41385
          0.569481
        -0.0752652
          -1.76529
           -2.7617
         -0.915633
         -0.540436
          0.529861
          -1.21855
          -0.41986
##################### ACCEPTABLE SUBNET NUMBER: 23  #########################
          0.608716
 3
23
27
 4
 1
14
           1.56083
           1.31335
         -0.267388
          0.121028
         -0.982581
          -2.01947
          0.176786
##################### ACCEPTABLE SUBNET NUMBER: 24  #########################
          0.550296
 2
23
29
 2
43
26
           1.42994
           1.29131
         -0.696618
          0.280932
          0.334001
          0.392905
         -0.869862
##################### ACCEPTABLE SUBNET NUMBER: 25  #########################
           1.24346
 5
 3
16
 7
25
22
12
47
43
13
15
 1
41
39
 9
30
44
 4
33
            2.2748
           1.61064
           1.01118
           1.74864
           1.47501
           1.33902
         -0.930285
          0.283467
           1.90067
          0.229725
         -0.560304
          0.249394
          -1.26019
           -1.2473
          0.750658
           2.01195
         0.0611677
         -0.549749
           1.09907
         0.0605202
##################### ACCEPTABLE SUBNET NUMBER: 26  #########################
          0.815942
 3
 4
16
 8
 1
38
           1.37818
          0.571765
         -0.426799
         -0.127382
          -0.32101
          -1.24751
        -0.0132232
##################### ACCEPTABLE SUBNET NUMBER: 27  #########################
          0.594865
 2
29
38
 2
44
46
            1.1061
          0.855609
          -0.11649
           0.41195
        -0.0335913
          0.463648
          0.189846
##################### ACCEPTABLE SUBNET NUMBER: 28  #########################
           1.33579
 8
23
29
45
25
28
46
 3
 9
 6
40
 7
34
32
 5
15
           1.34534
          0.842366
          0.475551
          0.994837
           0.71895
          0.639397
          0.406327
            0.2385
          -1.11318
         -0.258765
         -0.583467
           1.10008
           1.12863
          -1.00397
          -1.69907
         -0.294116
          0.466059
##################### ACCEPTABLE SUBNET NUMBER: 29  #########################
          0.686671
 1
23
 5
14
37
40
 1
19
           1.51477
          0.624035
         -0.407996
        -0.0636067
         -0.659463
          0.123384
         -0.901894
        -0.0838343
         -0.552253
##################### ACCEPTABLE SUBNET NUMBER: 30  #########################
           1.20716
 3
45
14
26
 3
21
40
46
           2.11529
           1.49221
           -2.9394
        -0.0733288
          -0.70082
         -0.542103
         0.0960638
         -0.117327
          -1.68983
##################### ACCEPTABLE SUBNET NUMBER: 31  #########################
           1.43458
 4
29
18
28
38
 4
34
25
15
27
           1.15373
          0.927104
         -0.383488
        0.00995959
         -0.186649
          0.133921
         -0.375891
          -1.10318
         -0.886294
         -0.837582
         -0.314451
##################### ACCEPTABLE SUBNET NUMBER: 32  #########################
          0.921384
 4
 4
25
20
22
 5
21
12
11
38
46
          0.971117
          0.414338
         -0.336407
         0.0710084
         -0.222012
          -1.02066
         -0.853148
          0.162079
          -0.45002
          0.144859
         -0.503167
          -1.43599
##################### ACCEPTABLE SUBNET NUMBER: 33  #########################
          0.665298
 3
23
45
20
 4
36
 8
27
24
           1.46102
           0.97519
          -1.52086
          0.135635
         -0.160538
         -0.687746
          -1.44537
          -1.54034
          0.237327
          0.122169
##################### ACCEPTABLE SUBNET NUMBER: 34  #########################
          0.710179
 7
 4
23
29
28
31
42
26
 6
 1
14
41
47
38
45
          0.400991
          0.384068
         -0.780932
          0.428526
          0.233496
         0.0025485
          0.294247
         -0.306811
         -0.739473
          -1.09757
          0.423935
         -0.509976
         0.0460753
         -0.368636
          -0.11238
         -0.172226
##################### ACCEPTABLE SUBNET NUMBER: 35  #########################
           1.14893
 3
29
31
30
 3
43
11
23
           2.00014
           1.74939
           -1.0963
           0.57705
          0.254371
          -1.62057
          0.653445
          0.283396
         -0.104539
##################### ACCEPTABLE SUBNET NUMBER: 36  #########################
           2.91183
 4
10
15
37
11
 7
39
43
40
50
44
41
38
          0.860761
          0.772937
          0.618283
          -1.59058
           0.64211
          -1.73287
       -0.00951437
          0.861938
         0.0436855
          -1.25517
         -0.111312
          0.584048
          -1.56252
          0.199005
##################### ACCEPTABLE SUBNET NUMBER: 37  #########################
           1.19708
 3
23
45
44
 1
50
           1.34438
           1.23329
         -0.216968
          0.104633
         -0.874234
          -1.26338
          -1.71045
##################### ACCEPTABLE SUBNET NUMBER: 38  #########################
           1.29399
 1
23
 0
           1.20217
           1.07138
         -0.218613
         0.0869668
##################### ACCEPTABLE SUBNET NUMBER: 39  #########################
          0.664668
 3
23
26
24
 1
44
           1.60205
           1.23321
         -0.265531
         0.0836232
          -1.30374
          -1.28953
          0.159201
##################### ACCEPTABLE SUBNET NUMBER: 40  #########################
           1.58138
 3
23
34
29
11
24
42
39
40
37
46
47
49
50
32
14
          0.974153
          0.790016
         -0.683726
          0.695226
       -0.00112677
          0.165785
          0.102511
          0.539149
        -0.0650902
            0.6322
         -0.117943
          -1.06501
        0.00212502
         -0.983227
         -0.261431
         -0.628258
          -1.38541
##################### ACCEPTABLE SUBNET NUMBER: 41  #########################
           1.02768
 3
 4
48
22
 1
 2
           1.23931
           1.05502
         -0.263858
         0.0460061
         -0.198465
         -0.226774
           0.32524
##################### ACCEPTABLE SUBNET NUMBER: 42  #########################
          0.557968
 4
 4
23
29
14
 2
22
50
           1.35781
          0.860876
         -0.372942
         -0.870059
           0.08807
         -0.217816
         -0.608302
          0.167677
         -0.526396
##################### ACCEPTABLE SUBNET NUMBER: 43  #########################
          0.664634
 3
 4
23
45
 1
12
           1.44596
           1.34303
         -0.392296
          0.304747
          0.209861
        -0.0475098
          0.224764
##################### ACCEPTABLE SUBNET NUMBER: 44  #########################
          0.730347
 7
 4
23
38
50
48
 1
13
 0
           1.01184
          0.911231
         -0.475981
         -0.104555
         -0.301283
         -0.543145
        -0.0341795
         -0.170823
         -0.965721
         0.0693685
##################### ACCEPTABLE SUBNET NUMBER: 45  #########################
          0.743326
 7
29
28
34
38
16
10
18
 0
          0.872342
          0.715146
         -0.700431
         0.0623789
          0.117297
          -0.31507
         -0.616638
         -0.195871
         -0.308792
         -0.789881
##################### ACCEPTABLE SUBNET NUMBER: 46  #########################
           0.33377
 2
23
29
 1
35
           1.11626
           1.01316
          -1.52689
          0.211173
          0.213686
          0.141165
##################### ACCEPTABLE SUBNET NUMBER: 47  #########################
          0.656471
 7
 4
29
 7
31
42
40
13
 3
41
11
10
             1.312
           1.08637
          0.676145
          0.729308
           1.23979
         -0.928745
           -1.4516
         -0.326888
         -0.502577
          0.514459
           1.14015
           1.20982
          0.107469
##################### ACCEPTABLE SUBNET NUMBER: 48  #########################
           1.16052
 6
29
45
49
17
31
21
12
48
10
36
39
42
24
 7
41
13
19
28
38
           1.67707
           1.61807
            1.1455
           1.86051
        -0.0118617
         -0.457121
          0.978365
         -0.753195
          0.670459
           1.45769
           1.94337
            1.6984
         -0.386855
          0.741982
          0.563389
         -0.264804
           1.09571
          -1.66167
           1.49819
           0.78699
           1.00861
##################### ACCEPTABLE SUBNET NUMBER: 49  #########################
          0.859009
 3
23
16
32
 0
          0.887555
          0.642995
         -0.690592
         0.0177708
         -0.257891
         -0.255868
##################### ACCEPTABLE SUBNET NUMBER: 50  #########################
          0.541262
 4
 4
12
19
28
 3
46
38
 7
           1.77485
           1.79005
         0.0975648
          0.792581
         -0.228762
         -0.766576
          0.812393
          0.611417
       -0.00664379
         -0.991755
----------Number of Acceptable Subnets found: 50 -----------
----------END FOR GENE 6 -----------
