File open successful. It contains: 
Finished reading file, will close now.
File x_dt open successful.
Finished reading file x_dt, will close now.
File sd_d open successful.
Finished reading file sd_d, will close now.
--------START FOR GENE 25 -----------
 Values arranged as error, n_ka, gene ids for ka, n_kd, gene ids for kd,
 r0, ea, d, ka_values, kd_values for each subnet. 
##################### ACCEPTABLE SUBNET NUMBER: 1  #########################
            2.6262
 5
37
 1
 2
 5
17
 3
42
12
22
          0.935638
          0.914682
         -0.149881
        -0.0962863
           1.01391
         0.0647478
          0.567624
          -2.21245
         -0.966073
          0.684847
          -1.21285
##################### ACCEPTABLE SUBNET NUMBER: 2  #########################
          0.897526
 7
16
49
39
44
29
 4
 5
 3
 2
26
34
           1.53415
          0.383621
          -1.18713
         -0.237951
         -0.329498
         -0.242877
          -0.65387
          -0.51064
         -0.280902
         -0.578985
           0.66077
           0.11014
         -0.246992
##################### ACCEPTABLE SUBNET NUMBER: 3  #########################
           1.10644
 3
21
47
49
 5
20
46
27
42
 6
           1.15437
          0.416541
         -0.200845
         0.0531507
          0.047599
         -0.118604
          0.410496
          0.242023
         -0.776722
         -0.443358
         -0.807733
##################### ACCEPTABLE SUBNET NUMBER: 4  #########################
           2.78687
 1
 1
 0
         -0.334056
         -0.457766
         -0.153768
          0.491742
##################### ACCEPTABLE SUBNET NUMBER: 5  #########################
           2.58719
 6
42
11
37
 6
43
46
 5
44
 3
30
20
 1
          0.884552
          0.679783
        -0.0122899
         -0.760483
          0.533449
        -0.0631296
          0.312665
         -0.439059
           -1.0576
          0.326355
          -1.47358
         -0.963979
          0.682035
          -1.00302
##################### ACCEPTABLE SUBNET NUMBER: 6  #########################
           1.20075
 3
 5
13
31
 6
28
34
21
16
26
30
         0.0169438
         -0.403843
        -0.0429685
          0.280426
         -0.191912
         -0.424541
          0.572923
         -0.211981
         -0.548064
          0.272406
          -1.10447
        -0.0227646
##################### ACCEPTABLE SUBNET NUMBER: 7  #########################
           2.93937
 5
13
 5
34
41
47
 2
32
44
         0.0304362
         -0.315072
          0.187647
          0.162892
          0.415222
         -0.186966
         -0.314621
         -0.264895
          0.396953
          0.512123
##################### ACCEPTABLE SUBNET NUMBER: 8  #########################
           1.88054
 4
 1
 7
30
21
 5
43
13
45
 5
15
         0.0508005
         0.0124485
           -1.1428
           1.01985
         -0.123496
          0.310149
         -0.493422
         -0.195017
          0.579044
          0.161059
          0.386573
          -0.18073
##################### ACCEPTABLE SUBNET NUMBER: 9  #########################
           2.32821
 2
22
11
 2
14
 6
         0.0327088
         -0.517956
         -0.832252
          0.294898
        -0.0157448
          0.466026
         -0.695677
##################### ACCEPTABLE SUBNET NUMBER: 10  #########################
           0.78344
 4
42
 4
10
15
13
 2
21
35
12
17
41
46
47
40
34
32
 5
43
           1.99916
           1.51122
          -1.14691
          0.261829
          0.254581
          0.202451
          -2.64814
          0.991144
          0.298372
          -1.08611
          -1.76036
          0.360832
         -0.257584
          0.169692
          -2.11719
         -0.393474
          0.125732
         -0.402326
         -0.720233
          -1.52512
##################### ACCEPTABLE SUBNET NUMBER: 11  #########################
           2.65804
 4
 6
39
 4
37
11
15
34
41
12
44
20
14
31
49
22
47
          0.890658
           0.32235
         -0.533329
          0.501154
           0.15839
          0.402325
         -0.681006
          0.627445
          0.225952
          0.392378
         -0.257948
          0.298116
        -0.0530994
         0.0167456
         0.0971639
          0.163127
         -0.718646
         -0.672351
##################### ACCEPTABLE SUBNET NUMBER: 12  #########################
           2.75678
 3
10
28
 1
 1
30
         -0.314463
         -0.455103
         -0.152753
          -1.03043
         -0.399547
          0.465324
          -0.94714
##################### ACCEPTABLE SUBNET NUMBER: 13  #########################
           2.29778
 2
22
11
 1
 2
         -0.322907
          -0.44797
         -0.800807
           0.60017
         -0.652075
           0.94554
##################### ACCEPTABLE SUBNET NUMBER: 14  #########################
           1.84889
 5
 6
47
17
34
29
 4
11
21
14
30
          0.504746
         -0.335159
         -0.775888
         0.0265377
         -0.118112
         -0.861834
          -1.75016
         -0.547657
         0.0341861
          0.285164
         -0.294629
         -0.768044
##################### ACCEPTABLE SUBNET NUMBER: 15  #########################
            1.8716
 2
 1
16
 2
17
27
        -0.0704178
         -0.114449
        -0.0960931
          0.723416
         -0.341183
          0.296625
         -0.728108
##################### ACCEPTABLE SUBNET NUMBER: 16  #########################
           2.47421
 6
10
 1
 6
30
37
44
 6
23
11
18
 7
20
36
        -0.0107835
         -0.055956
         -0.833223
          0.111788
          0.982054
          0.462162
         -0.016966
         -0.152643
         -0.870918
          0.493183
          0.443298
         -0.338033
          -1.18243
        -0.0400245
         -0.032919
##################### ACCEPTABLE SUBNET NUMBER: 17  #########################
           1.92403
 4
45
29
 7
11
 6
26
31
37
35
 2
30
           1.03574
          0.455485
         -0.010923
          0.656728
       -0.00549723
          0.180377
          -0.31377
          0.508923
         0.0172588
         -0.805797
          0.722543
           1.35979
          -2.37416
##################### ACCEPTABLE SUBNET NUMBER: 18  #########################
           1.64914
 7
45
 5
27
31
33
35
32
 8
41
20
 3
12
 8
47
15
38
           1.57594
           1.28636
           1.11476
           1.45173
           1.50679
          -1.13489
           1.50422
          -1.03958
          0.184543
          0.999945
            1.4793
           1.81878
          0.167814
          0.182877
        0.00294247
            1.3041
          -1.00202
        -0.0597308
##################### ACCEPTABLE SUBNET NUMBER: 19  #########################
           2.81441
 4
23
 6
38
 5
10
41
 9
32
21
43
33
16
20
30
46
           0.55417
          0.226526
           0.53737
          -1.31491
          0.461721
          0.479286
           0.30396
          0.812004
          -0.72562
         -0.959229
          -1.89123
          0.720765
         -0.149771
        -0.0158512
          0.209178
         -0.143229
          -1.27825
##################### ACCEPTABLE SUBNET NUMBER: 20  #########################
           1.62631
 7
47
28
23
30
17
24
19
10
14
 9
26
 2
42
16
 7
18
 3
13
          0.132259
       -0.00473104
          -0.30419
          0.327066
         -0.864648
          -1.93985
          -1.79053
           -1.8678
         -0.545795
          -2.32643
         -0.761434
         -0.892615
          0.228588
          0.834886
         -0.529478
          -2.32789
          -1.66601
          -1.22629
          -1.24422
          -1.56098
##################### ACCEPTABLE SUBNET NUMBER: 21  #########################
           2.77502
 7
13
26
29
24
38
 1
 5
 3
41
28
43
        0.00560748
         -0.264552
          0.650624
          0.735362
          0.464618
          0.024819
           1.00697
          0.111111
           0.41918
         -0.117586
          0.909013
           1.16495
          0.620793
##################### ACCEPTABLE SUBNET NUMBER: 22  #########################
           2.29632
 1
22
 7
 6
29
50
 2
10
34
 7
         -0.297833
           -0.4126
         0.0720761
           1.04916
        -0.0395362
         -0.664716
          0.602824
           1.39334
          0.355027
          0.380955
         -0.532858
##################### ACCEPTABLE SUBNET NUMBER: 23  #########################
           2.79642
 4
44
35
 4
36
 7
 2
26
29
39
38
49
15
          0.777154
         -0.702296
         -0.966329
         -0.142928
         -0.775993
         -0.946717
         -0.947461
          0.622127
         0.0817415
          -0.59575
         -0.532089
         -0.913449
         -0.441436
         -0.927179
##################### ACCEPTABLE SUBNET NUMBER: 24  #########################
           2.68744
 6
42
47
11
49
45
37
 6
28
30
46
32
 5
26
           1.07928
          0.745199
         -0.750226
         0.0168089
         0.0265089
         -0.321973
         -0.601036
          -0.55134
         -0.493904
          0.353545
         -0.335106
            -1.186
         -0.590811
         -0.775707
         -0.731102
##################### ACCEPTABLE SUBNET NUMBER: 25  #########################
           2.71772
 2
 1
39
 0
         -0.299982
         -0.461446
          -0.16263
          0.444875
          -2.10478
##################### ACCEPTABLE SUBNET NUMBER: 26  #########################
           2.87182
 3
11
10
15
 5
17
14
 2
39
16
        -0.0341268
         -0.365875
         -0.208967
          0.104798
          -1.77376
         -0.532631
         0.0742669
         0.0848061
          -1.78062
         -0.546501
         -0.348329
##################### ACCEPTABLE SUBNET NUMBER: 27  #########################
           1.27968
 3
19
21
 7
 4
20
41
33
26
            1.2816
          0.423302
         0.0334042
          0.106472
        -0.0718538
          -1.37126
          0.513115
          0.441297
          -1.66415
          -1.22212
##################### ACCEPTABLE SUBNET NUMBER: 28  #########################
           2.13786
 2
42
 6
 6
 5
30
29
19
40
12
           1.92972
           1.26166
         -0.351097
        -0.0579273
       -0.00752011
          -1.28253
          0.180916
          0.074227
          -1.28836
         -0.315569
          -1.19723
##################### ACCEPTABLE SUBNET NUMBER: 29  #########################
           1.44176
 6
42
29
10
11
48
16
 4
41
 2
 8
46
          0.390643
          0.268655
         0.0352722
           0.23871
         -0.565853
          0.215587
          0.319492
          -1.37588
         -0.459012
          0.247976
          0.892662
          -1.19049
           -1.3762
##################### ACCEPTABLE SUBNET NUMBER: 30  #########################
           2.40723
 7
15
 1
 5
18
19
22
20
 1
44
          0.664009
          0.259295
         -0.194442
         -0.667522
        0.00151861
         0.0990392
        -0.0639808
         -0.334854
         -0.534867
          -1.68907
           0.24061
##################### ACCEPTABLE SUBNET NUMBER: 31  #########################
           1.26919
 5
 5
37
34
46
12
 9
28
33
36
 7
47
39
18
 2
42
         0.0136496
         -0.391279
          -0.12079
           0.21594
            0.2023
         -0.156433
          -1.35414
          -2.07923
          0.573531
        0.00854016
         -0.287944
         -0.254154
          -1.03407
          0.137726
         -0.607391
          0.169986
         -0.457534
##################### ACCEPTABLE SUBNET NUMBER: 32  #########################
           2.35834
10
 1
38
37
 7
15
31
11
 2
45
22
 4
29
12
 8
14
         0.0167795
         -0.027253
         -0.121682
           0.73493
        -0.0443855
         -0.773237
           -1.1685
         -0.130432
         0.0374702
        -0.0082006
          -1.48473
         -0.955914
          -1.82142
          0.300732
           0.13371
         -0.955914
         -0.699927
##################### ACCEPTABLE SUBNET NUMBER: 33  #########################
           1.67018
 6
 6
33
11
26
12
41
 5
46
18
43
 9
50
          0.214719
         -0.335635
          0.327434
           0.53977
          0.453103
          0.638355
         -0.210651
         -0.948341
         -0.671845
          0.658515
          0.801309
          0.822113
          0.731429
          -1.53094
##################### ACCEPTABLE SUBNET NUMBER: 34  #########################
           1.51913
 4
29
 4
47
38
 1
20
          0.113886
         -0.423554
         -0.638113
         -0.174107
         0.0819791
        -0.0440281
          -1.00719
          0.296917
##################### ACCEPTABLE SUBNET NUMBER: 35  #########################
           2.29268
 7
37
29
41
22
 1
14
 8
 2
 9
 7
         -0.382653
         -0.575545
         -0.850448
         -0.684732
         0.0791746
         -0.161633
          0.247829
          0.690772
         0.0675125
           0.34482
          0.668642
         -0.613806
##################### ACCEPTABLE SUBNET NUMBER: 36  #########################
            2.0016
 3
18
 1
 8
 2
14
17
         -0.154949
         -0.224402
         -0.120913
          -1.67882
          0.660106
         0.0177002
          0.183268
          0.116591
##################### ACCEPTABLE SUBNET NUMBER: 37  #########################
           2.31323
25
38
11
 1
47
 7
29
21
50
40
19
30
10
24
23
22
 4
37
39
31
26
33
42
34
 8
45
 5
46
28
16
41
20
          0.379586
         -0.193384
           1.51993
           1.78769
          0.124475
          0.909646
          0.702036
           0.16654
          -2.27683
          -1.78511
        -0.0374281
         -0.355592
         -0.643059
         -0.494647
         -0.242215
         -0.622724
           1.34799
           1.49467
         -0.512705
           1.57976
          0.110865
           1.09281
          0.640078
          0.316784
          -1.19813
         0.0558829
         -0.168461
         -0.169038
           1.92919
           2.19064
        -0.0733949
           0.31126
           1.09492
##################### ACCEPTABLE SUBNET NUMBER: 38  #########################
           2.15607
10
12
 5
44
28
30
17
 9
 7
32
19
 2
 2
14
            0.9586
           0.69844
          -0.18021
          0.330876
          0.206249
           0.02212
          -1.48871
         -0.518917
         -0.372148
         -0.761593
         -0.275096
          -2.36785
          -2.05412
          0.712881
          0.498444
##################### ACCEPTABLE SUBNET NUMBER: 39  #########################
           2.87016
 8
13
 5
21
 1
 8
46
19
 2
11
26
36
17
33
 9
42
20
50
38
34
39
         0.0715992
         -0.353773
          0.843079
          0.581368
           1.03651
         -0.359354
           1.09722
          -1.03412
          -1.42536
          -1.59033
         -0.130234
           1.09694
           1.14567
           0.15273
          -1.02433
          -1.03233
           1.00562
          0.312315
          0.301783
         -0.632002
          0.689183
          -1.56553
##################### ACCEPTABLE SUBNET NUMBER: 40  #########################
            2.5544
 1
 1
 1
 3
         -0.258344
          -0.40313
          -0.15234
          0.489485
        -0.0464862
##################### ACCEPTABLE SUBNET NUMBER: 41  #########################
           1.92909
 9
36
33
16
40
 1
29
41
50
13
 3
31
14
 6
        -0.0827932
         -0.150444
         -0.868664
          0.228439
          -0.74427
         -0.633124
         -0.737592
           0.96148
         -0.838135
        -0.0287944
         -0.955767
          -0.56483
           0.51477
        -0.0146804
         -0.112231
##################### ACCEPTABLE SUBNET NUMBER: 42  #########################
          0.737129
11
 1
39
23
18
31
 7
19
 9
48
44
28
 1
 8
          0.894812
          0.718935
         -0.254479
          0.672792
         -0.966448
      -3.75267e-06
          0.117191
          -0.52613
          -1.19585
         -0.795461
          -1.25037
         -0.449963
          -0.82261
          0.105673
          0.622423
##################### ACCEPTABLE SUBNET NUMBER: 43  #########################
          0.686983
 4
22
47
13
29
 1
 2
          0.158997
         -0.261357
          -1.43375
         -0.967316
      -4.41161e-05
          -0.24733
           0.03089
          0.670758
##################### ACCEPTABLE SUBNET NUMBER: 44  #########################
           2.17162
 9
44
50
21
11
40
 4
28
36
32
 3
35
20
43
          0.382969
           0.18763
         -0.384881
         -0.302577
          0.017882
          0.245208
          0.329015
         -0.630676
         -0.408236
          -1.01335
         -0.294305
         -0.492371
         -0.440311
          0.477237
          -1.11637
##################### ACCEPTABLE SUBNET NUMBER: 45  #########################
           1.76566
 5
45
34
29
26
 2
 2
18
28
          0.259139
         -0.276858
         -0.503117
          0.213301
         0.0652492
         -0.763718
         -0.733569
        -0.0950989
          0.433476
          0.575935
##################### ACCEPTABLE SUBNET NUMBER: 46  #########################
           2.35335
 4
 5
36
30
 1
 2
43
 4
           1.15793
          0.390836
          -0.13559
          0.182816
          0.144761
        -0.0247736
           -1.6363
          0.519535
         -0.978125
##################### ACCEPTABLE SUBNET NUMBER: 47  #########################
           1.81288
 4
11
31
24
 4
 7
20
46
28
 1
18
36
30
          0.312767
         -0.315679
         -0.229745
         0.0340245
          -1.42242
         -0.843593
         -0.893366
          0.196478
         -0.042231
          0.315469
          -1.52206
         -0.829691
           -1.5246
         -0.350255
##################### ACCEPTABLE SUBNET NUMBER: 48  #########################
           2.31127
 3
22
11
 3
 7
20
17
16
40
12
 6
29
        -0.0930885
         -0.629113
          -0.59364
          0.301459
          -0.15332
          -1.31159
          0.465557
        -0.0913984
          -0.22166
         -0.173032
        -0.0542054
        -0.0511052
          -0.22747
##################### ACCEPTABLE SUBNET NUMBER: 49  #########################
             2.209
 6
31
10
42
 5
30
19
 5
39
37
28
20
44
           0.18856
         -0.372466
          -1.30404
         0.0614799
         0.0249101
          -1.01442
        -0.0414637
         -0.195815
         -0.308624
          -0.44705
         -0.796442
          0.450595
         -0.312808
          -0.75989
##################### ACCEPTABLE SUBNET NUMBER: 50  #########################
           2.07083
 3
 1
36
21
 5
44
 3
 8
14
17
           1.86814
           1.86285
         -0.130994
          0.896677
          0.173869
         -0.934558
          -0.82776
           0.54888
         0.0837725
          -0.38319
          0.266323
----------Number of Acceptable Subnets found: 50 -----------
----------END FOR GENE 25 -----------
--------START FOR GENE 26 -----------
 Values arranged as error, n_ka, gene ids for ka, n_kd, gene ids for kd,
 r0, ea, d, ka_values, kd_values for each subnet. 
##################### ACCEPTABLE SUBNET NUMBER: 1  #########################
           1.95873
 2
46
34
 5
 2
 9
32
18
23
           0.43691
          0.244627
          0.233002
        -0.0115917
         -0.915208
          0.938579
          0.500014
          -1.24829
          -1.35478
          -1.36333
##################### ACCEPTABLE SUBNET NUMBER: 2  #########################
           2.49885
 3
21
29
 8
 5
28
17
46
43
41
           1.83016
          0.945378
       -0.00223288
         -0.547116
          -1.19872
          -1.15743
          0.597977
        -0.0433734
          0.111861
          -1.00276
         -0.262502
##################### ACCEPTABLE SUBNET NUMBER: 3  #########################
           2.54897
 9
49
34
 6
23
 1
27
19
 8
24
 8
28
 2
10
32
14
48
45
21
          0.472528
           0.24636
          0.901454
          0.563093
          0.554836
         -0.950556
          0.287147
         -0.403495
         -0.404641
         -0.227482
          -1.28795
         -0.151607
           1.31624
          0.710074
          0.696539
          0.304243
         -0.464012
         -0.855615
         -0.721371
          0.291215
##################### ACCEPTABLE SUBNET NUMBER: 4  #########################
           2.42928
 2
18
10
 2
28
41
            1.0872
          0.632138
          0.597363
         -0.215847
         -0.719747
           1.09397
          0.561817
##################### ACCEPTABLE SUBNET NUMBER: 5  #########################
           2.83175
 3
50
34
29
 3
 2
32
 9
          0.410866
          -0.14149
        -0.0825963
         -0.376636
         -0.259383
         -0.510557
          0.681853
         -0.512028
           -1.3222
##################### ACCEPTABLE SUBNET NUMBER: 6  #########################
           2.19978
 4
19
41
15
30
 3
28
46
20
          0.465555
       -0.00309786
          0.657719
          0.612604
         -0.568579
         -0.727185
          -2.00775
           1.14459
          0.664351
          0.855456
##################### ACCEPTABLE SUBNET NUMBER: 7  #########################
           2.55963
 8
15
 8
 5
37
46
12
45
22
10
49
 1
28
19
24
 3
41
 9
32
29
          0.356313
          0.168066
            1.0098
           0.58755
         -0.192999
         -0.722081
         -0.832468
          -0.33477
          -1.97448
          -1.65218
         -0.417733
          0.299481
         -0.750451
           1.40209
         -0.720686
         -0.138335
           -1.1931
          0.497821
          0.228817
         -0.981971
         -0.981971
##################### ACCEPTABLE SUBNET NUMBER: 8  #########################
           1.87623
10
48
50
 4
21
47
18
17
42
 3
11
 5
28
 2
 8
14
31
          0.408406
          0.137616
          0.555373
         -0.102807
          0.469806
         -0.305401
         0.0259281
          -0.15439
          -1.27979
        -0.0181011
         0.0107773
         -0.900818
         -0.876814
          0.964007
           1.21005
          0.222803
         0.0895896
         -0.329457
##################### ACCEPTABLE SUBNET NUMBER: 9  #########################
           2.87215
 6
11
35
41
40
22
31
 4
 2
46
43
49
         -0.484894
          -1.02245
          0.113912
           1.07858
           1.02903
          0.956127
          0.779482
          0.974498
          -2.35616
            1.7076
           1.00221
          0.942403
         -0.870247
##################### ACCEPTABLE SUBNET NUMBER: 10  #########################
           1.89238
 1
50
 6
 2
 6
 1
 9
10
31
           0.28401
          0.132535
          0.313716
         -0.301052
          0.993566
         -0.207281
        -0.0280487
          0.563907
         -0.923156
         -0.676169
##################### ACCEPTABLE SUBNET NUMBER: 11  #########################
           2.86926
 0
 4
 2
48
 7
21
         -0.106397
         -0.205356
          0.363462
           0.99221
          0.144176
         -0.661238
         0.0713035
##################### ACCEPTABLE SUBNET NUMBER: 12  #########################
           2.35343
 4
32
31
13
 3
 5
42
16
18
 2
19
            1.9516
           1.92799
           1.20448
           1.43612
          0.496504
          0.640984
         -0.396506
           1.04818
          -1.18569
            1.3662
           1.91585
          0.324167
##################### ACCEPTABLE SUBNET NUMBER: 13  #########################
           2.44591
 5
33
23
30
46
10
 2
28
15
          0.591697
          0.281201
          0.237676
         0.0747835
          0.118662
          -1.48636
          -2.42461
          -1.04344
          0.698105
          -1.10756
##################### ACCEPTABLE SUBNET NUMBER: 14  #########################
           2.41619
 8
34
29
23
50
44
 4
 5
 7
 5
35
 2
12
16
41
           0.40876
          0.157443
           0.43289
         -0.428505
         -0.290191
         -0.134926
        -0.0248671
          0.470128
          -1.63119
         -0.391352
        0.00939715
          0.467553
           1.19775
          -1.09345
           0.28287
         -0.663075
##################### ACCEPTABLE SUBNET NUMBER: 15  #########################
           2.83937
 2
12
 6
 7
24
 2
 9
19
 1
17
41
         -0.142187
         -0.315852
          0.151034
         0.0853833
          -1.79974
          -1.02686
          0.808795
           0.28469
         -0.649496
         -0.129066
          -1.18502
          -2.14803
##################### ACCEPTABLE SUBNET NUMBER: 16  #########################
           2.97691
 3
 8
28
14
 3
10
43
31
          0.324721
          -4.29068
          0.195589
         -0.884785
          -0.33658
         -0.477664
           1.31224
         -0.313088
          -0.47819
##################### ACCEPTABLE SUBNET NUMBER: 17  #########################
           2.66977
 8
11
43
14
36
40
22
46
 2
 8
42
18
24
50
10
16
28
20
          0.640875
          0.394403
            1.3392
        -0.0466407
         -0.319688
          0.019943
          -0.67489
          0.205025
         -0.113566
          0.621515
        -0.0170326
          0.893829
         -0.615985
         -0.359673
         -0.292051
         -0.554257
         -0.498476
           1.76296
          0.995285
##################### ACCEPTABLE SUBNET NUMBER: 18  #########################
           2.11239
10
48
 4
38
10
22
 5
50
47
37
19
 2
 2
 1
          0.514423
          0.177553
         0.0848985
         -0.586601
          -1.52569
          -1.24093
          0.102437
         -0.415309
         -0.950832
          -2.46502
         -0.410874
          -1.11658
        -0.0503356
          0.863412
          0.141962
##################### ACCEPTABLE SUBNET NUMBER: 19  #########################
           2.34359
15
32
38
46
33
43
 5
25
20
48
36
49
34
19
 9
31
 3
28
41
16
           1.07908
          0.829618
          0.179988
          0.770592
          0.882173
          0.851036
          0.789384
         -0.767739
          -1.35738
          0.500234
          -1.31375
        -0.0209696
         -0.769225
         -0.414043
         -0.673889
         0.0972151
         -0.253894
         -0.504329
           1.31702
          0.626324
        -0.0913696
##################### ACCEPTABLE SUBNET NUMBER: 20  #########################
            2.5773
 0
 1
28
          0.528349
           0.26829
          0.225646
          0.642725
##################### ACCEPTABLE SUBNET NUMBER: 21  #########################
           2.94625
 5
32
18
22
42
47
 2
 2
16
           1.78923
           1.74528
       -0.00865633
          0.330304
          -1.68209
          0.117444
         -0.368069
        -0.0183795
          0.875923
         -0.589111
##################### ACCEPTABLE SUBNET NUMBER: 22  #########################
           2.34905
 0
 5
32
28
30
 4
48
          0.460941
         0.0493186
          0.190417
          0.137983
          0.636312
          0.141484
         -0.613581
        -0.0226347
