File open successful. It contains: 
Finished reading file, will close now.
File x_dt open successful.
Finished reading file x_dt, will close now.
File sd_d open successful.
Finished reading file sd_d, will close now.
--------START FOR GENE 33 -----------
 Values arranged as error, n_ka, gene ids for ka, n_kd, gene ids for kd,
 r0, ea, d, ka_values, kd_values for each subnet. 
##################### ACCEPTABLE SUBNET NUMBER: 1  #########################
           1.94431
 8
 7
39
25
15
48
24
 1
26
 7
36
21
43
 5
14
32
47
          0.559617
          0.536088
         -0.273387
          0.375112
         -0.463649
          0.376985
          -1.05807
          0.141993
         -0.671746
          0.512443
          -1.38077
          0.114091
          0.455345
         -0.889204
        -0.0198192
           -1.8189
          -1.01072
          -1.30624
##################### ACCEPTABLE SUBNET NUMBER: 2  #########################
           1.37224
 4
 7
16
19
10
 4
 4
46
 2
14
           1.15255
          0.724462
          0.319238
          0.302209
          -1.53726
          -1.77535
         -0.637083
          0.080218
          0.414963
            1.1159
         -0.985737
##################### ACCEPTABLE SUBNET NUMBER: 3  #########################
           1.88685
 5
18
16
38
 1
 6
 6
20
21
26
 8
15
22
           1.84176
           1.85034
          0.208322
            1.0395
           0.74951
         -0.406834
         -0.774213
          -1.13535
          0.717699
         -0.150486
          0.566471
          0.665131
        -0.0525957
          -1.38295
##################### ACCEPTABLE SUBNET NUMBER: 4  #########################
           1.16177
 6
39
21
49
 3
 5
15
 6
 2
46
25
 1
13
41
          0.630563
          0.258075
          0.615794
          0.801788
          0.310094
          -1.91142
         -0.460657
         -0.198065
          -1.33177
            1.3607
           0.88158
          0.701178
         -0.818368
         -0.493383
         -0.578296
##################### ACCEPTABLE SUBNET NUMBER: 5  #########################
            2.2431
 2
18
47
 5
28
41
24
17
46
            1.0139
          0.670984
            0.7667
          0.937751
          0.667945
           1.23033
          0.814035
         -0.196791
          -2.82296
           0.76532
##################### ACCEPTABLE SUBNET NUMBER: 6  #########################
           2.61629
 5
 5
21
44
40
37
 4
20
43
46
48
           2.25777
           1.83312
          0.210372
          0.225802
          0.209171
         -0.508946
          0.344246
          0.140846
          0.726787
         -0.302102
          0.349765
         -0.809985
##################### ACCEPTABLE SUBNET NUMBER: 7  #########################
           2.60541
11
 8
34
 9
42
25
 1
24
11
18
16
38
10
50
41
21
45
30
40
14
35
46
44
           1.30936
           1.24335
          0.375188
          0.385598
          0.526648
          -1.45066
         -0.267186
          0.421073
           0.52755
         -0.132079
         -0.884594
           -1.4023
         0.0427027
          0.174206
         -0.723668
          -1.49842
          0.476727
         -0.813274
          -1.85687
        -0.0915404
          0.582608
         -0.478272
          0.416928
          -1.08657
##################### ACCEPTABLE SUBNET NUMBER: 8  #########################
           2.77011
 4
42
18
41
 7
 6
48
17
21
29
26
32
           1.08503
           1.04871
         -0.289856
          0.299412
          0.379447
          -1.77953
          -0.59588
         -0.297934
          0.163595
          0.241806
          -1.68807
         -0.533232
          -1.35542
