 0          1          1          1          1          1          1          1           1          1           1
 1          2.1606174  1.9166089  2.2004339  2.1822806  2.2243512  2.1669071  2.3990231   1.951976   1.951976    1.98802
 2          2.7647931  2.6679062  2.8404204  2.7603684  2.8494183  2.7202004  3.0784093  2.6591507  2.6591507   2.631229
 3          3.1306261  3.1859379  3.1003455  2.9745047  3.1647993  2.9255882  3.2873804  3.0520262  3.0520262  2.9753564
 4           3.275519  3.4296811  3.2765177  3.1746117  3.4186381  3.0879515  3.3822866  3.2452008  3.2452008  3.1894605
 5          3.3620366  3.4711809   3.396902  3.3388839  3.5622945  3.2319519  3.4386176  3.3288682  3.3288682  3.2912953
 6          3.4190516  3.4366518  3.4637418   3.465322  3.6126416  3.3611315  3.4772096  3.3580995  3.3580995  3.3578677
 7          3.4329656  3.4214843  3.5073084  3.5674937  3.6125111  3.4761546  3.5062854  3.3651416  3.3651416  3.4138658
 8          3.4111192  3.4282865  3.5319837  3.6517313   3.588658  3.5760755  3.5291108  3.3613444  3.3613444  3.4664681
 9          3.3677111  3.4359446  3.5585091  3.7223831  3.5528286  3.6606955  3.5473707  3.3581011  3.3581011  3.5095655
10          3.3172045  3.4392095  3.5899111  3.7822281   3.509128  3.7300084  3.5618319  3.3603152  3.3603152  3.5439204
11          3.2679025  3.4389877  3.6209764  3.8333167  3.4579908  3.7868642  3.5736038  3.3713945  3.3713945  3.5725275
