 0         1            1            1            1            1            1            1            1            1            1    
 1         0.32605849   0.30984378   0.30419295   0.29092536   0.30428062   0.27033304   0.31640393   0.27367523   0.31283342   0.30530252
 2          0.1801506   0.16661514   0.17040832   0.17387545   0.17032946   0.16589969   0.17156361   0.16141147   0.17397448   0.16957244
 3         0.27789814   0.26300493    0.2824635   0.28558139   0.28210826   0.29029301   0.26907833   0.27400686   0.28147758   0.27843847
 4         0.36563049   0.34903107    0.3763434   0.36747272   0.37585282   0.37636829   0.35574948   0.35494834   0.37361276   0.37076422
 5         0.33242145   0.31829002   0.34319035    0.3312697   0.34275293   0.33923765   0.32439033   0.32093886   0.34030463   0.33821488
 6          0.2110662    0.2027198   0.21788952   0.21218487   0.21762324   0.21731755    0.2063739   0.20604562   0.21618923   0.21485188
 7         0.11432052   0.11005311   0.11772663   0.11752702   0.11758949   0.12027307   0.11198061   0.11409062    0.1169124   0.11616276
 8        0.063202593  0.060876317  0.064996644  0.067595203   0.06492117  0.069242343  0.061916508  0.065593808   0.06453684  0.064137214
 9        0.038268397  0.036786647  0.039440094  0.043080973  0.039392456  0.044182825  0.037447272  0.041749728  0.039143884  0.038899637
10         0.02565382  0.024605159  0.026481598  0.030283701  0.026447673   0.03109152    0.0250716  0.029303668  0.026279967  0.026094811
11        0.018759191  0.017955837  0.019390296  0.022970554  0.019364247  0.023609616  0.018312845  0.022201283  0.019237378   0.01909401
