 0          1              1                 1                    1                   1                   1                     1                      1 
 1          1.3306433      1.2464904         1.2783235	          1.1486361           1.3467162	          1.3368453	        1.347839	       1.2195313	
 2          1.5481404      1.5486436         1.5392903            1.4798679           1.4491895            1.4395393            1.5521842              1.4063751
 3          1.5077657      1.5351804         1.4978044            1.5476808           1.4550585            1.4774917            1.5033806              1.4409119
 4          1.0830928      1.1800698         1.1686754            1.1706741           1.2192274             1.221475            1.1711606              1.1426588
 5         0.64750019     0.77199439        0.72753383           0.69428891          0.76251151           0.73697338           0.75916522             0.74473757
 6         0.36416588     0.42991398        0.41467799           0.38064553          0.41520214           0.34324435           0.45177638             0.43551444
 7         0.20382501     0.21431294        0.23019878           0.20435804          0.22015328           0.15720646           0.26490342              0.2460435
 8         0.11741525      0.1015796        0.12927809            0.1028854          0.12011353          0.083190328            0.1547791             0.13924263
 9        0.070862134    0.048418763       0.074314274          0.050764044         0.073560337          0.053542545          0.090960156            0.081294921
10        0.045800791    0.023517762       0.047365233          0.025445139         0.058170949          0.040794635          0.054134823            0.050319282
11        0.032063821    0.011917474       0.046292398          0.013445254         0.062841706          0.034892199          0.032820661            0.034508116
