  0          1           1               1              1               1                1
  1          1.5953124	 1.5971509	 1.2614633	1.5715288       1.2449471	 1.3032059
  2          2.1524584   2.1127691       1.9769261      2.0836432       1.8196089        2.0246956
  3          2.6016081   2.5508828        2.886269      2.5272735       2.4650647        2.7307683
  4          2.8731169   2.8846405       3.2136869      2.8859976        2.753775        2.8342768
  5          2.8842921   2.9018554       2.9805532      2.9476627        2.710443        2.6669586
  6          2.6316825   2.5630275          2.5748      2.5440107       2.4938775        2.4535835
  7          2.3659955   2.1800761       2.2474724      2.1483165       2.2510806        2.2815546
  8          2.1996252   1.9545434       2.0949409      1.8217422       2.1078954        2.1886477
  9          2.1973776     2.02541         2.16054      1.8938802       2.1348607        2.2271513
 10          2.3706498    2.356385       2.4442668      2.3370106       2.3135027        2.4211119
 11          2.6888447   2.7802842       2.8986587      2.7372298       2.6212015        2.7086182
