 0          1                   1              1               1                1                1
 1          1.4400452           1.404729       1.4467484       1.3340233        1.22867	         1.3509316
 2          1.8767275          2.1887255       2.0055608       1.9142142      1.9781344          1.8369997
 3          2.6127095          2.9035344       2.5976083       2.6157071      2.7079901          2.4674899
 4          3.2177158          3.1488193       2.9224747       2.9131757      2.8480159          2.8512777
 5          3.0430734          2.9727714       2.8473636       2.8019485      2.6558446          2.7219605
 6          2.4432023          2.6283823       2.6342972       2.5735076      2.4268493          2.4515321
 7           2.236638          2.3096074       2.4115847       2.3732671      2.2736984          2.1898339
 8          2.2594213          2.1346759       2.2226801       2.2552936      2.2388901          1.9829224
 9          2.3500679          2.1682309       2.1432113        2.264702      2.3216587           1.935288
10          2.4459464          2.3850227       2.2762055       2.4479954      2.4951305          2.2351948
11          2.5378507          2.7092462        2.561826       2.7749486      2.7178236           2.790812
