 0          1           1                1              1                 1             1 
 1          2.1806114	2.6258253	 2.1385245	2.4809383	  2.260786	2.2289743
 2          2.6116741   2.8249827        2.4774572      2.7612668        2.6452246      2.6014107
 3          2.7701995   2.8490431        2.5681595      2.8149411        2.7630286      2.7148524
 4          2.8276383   2.8517667        2.6712109      2.8259377        2.7987446      2.7488766
 5          2.8487325   2.8521897         2.786627      2.8287024        2.8094797      2.7588234
 6          2.8562822   2.8522535        2.8914255      2.8297542        2.8126327      2.7620111
 7          2.8589191   2.8522551        2.9776459      2.8303142        2.8135665      2.7630132
 8          2.8598566   2.8522154        3.0461941      2.8305027        2.8138745      2.7633305
 9          2.8602273   2.8521946        3.1010577      2.8305475        2.8140402      2.7635011
10          2.8603914   2.8521938         3.146085      2.8305417        2.8141063        2.76357
11          2.8605034   2.8521929        3.1835166      2.8300648        2.8140884       2.763551
