File open successful. It contains: 
Finished reading file, will close now.
File x_dt open successful.
Finished reading file x_dt, will close now.
File sd_d open successful.
Finished reading file sd_d, will close now.
--------START FOR GENE 11 -----------
 Values arranged as error, n_ka, gene ids for ka, n_kd, gene ids for kd,
 r0, d, ea, ka_values, kd_values for each subnet. 
##################### ACCEPTABLE SUBNET NUMBER: 1  #########################
           1.90828
11
12
45
39
32
29
38
50
46
47
41
19
 3
49
 7
 2
         -0.267186
         -0.261626
          -1.03733
          0.204037
         0.0399359
         -0.253652
          -1.30129
         -0.385215
          -1.08679
          -1.03198
          -2.01974
           -2.0206
         -0.951731
          -2.41766
           -1.0368
          -0.98009
         -0.424068
##################### ACCEPTABLE SUBNET NUMBER: 2  #########################
            1.6084
 7
12
40
25
14
16
13
48
 0
         -0.115446
        -0.0981763
         -0.198132
          0.157576
         -0.354768
        -0.0841584
        0.00487726
         -0.594201
          0.171952
          -1.14426
##################### ACCEPTABLE SUBNET NUMBER: 3  #########################
           1.46367
 6
22
40
12
24
14
41
 0
         -0.097915
         -0.165808
         -0.265673
         -0.407528
       -0.00404873
         -0.312116
         0.0182844
          0.129212
          -1.34673
##################### ACCEPTABLE SUBNET NUMBER: 4  #########################
          0.991241
 4
31
25
14
29
 0
          0.261229
         -0.122253
         -0.302666
         -0.249843
         -0.183781
        -0.0196795
          -1.06999
##################### ACCEPTABLE SUBNET NUMBER: 5  #########################
           1.64179
 8
12
31
40
32
29
22
33
34
 1
 2
         -0.120694
        -0.0764498
          -0.58836
          0.293251
         -0.112585
         -0.115761
         -0.266231
          0.189103
          -1.05101
          -1.05301
          -2.12934
         -0.330508
##################### ACCEPTABLE SUBNET NUMBER: 6  #########################
            1.5197
 5
12
40
25
47
14
 2
36
17
         0.0275895
         0.0505369
         -0.219882
          0.151562
        -0.0703507
         -0.992095
          -1.19084
          0.356645
         -0.530795
        0.00266497
##################### ACCEPTABLE SUBNET NUMBER: 7  #########################
           1.63247
13
12
31
13
14
45
48
22
39
27
25
33
46
47
 1
 7
        -0.0269559
        0.00363075
         -0.186212
          0.258194
         0.0075264
          -0.39854
         -0.312112
         -0.814447
         -0.376537
         -0.441314
         -0.807283
         -0.622931
         -0.215677
          -1.25046
         -0.882338
          -1.39753
         -0.245441
##################### ACCEPTABLE SUBNET NUMBER: 8  #########################
           1.01899
 6
12
14
30
18
31
33
 4
 3
42
 2
17
           0.20388
         0.0722193
         -0.247011
          0.267165
          0.378731
          -1.08139
         -0.928996
         -0.920372
         -0.558138
          0.280117
          0.104815
         0.0916503
        -0.0100427
##################### ACCEPTABLE SUBNET NUMBER: 9  #########################
           1.58455
 6
12
13
24
41
39
38
 4
 3
 4
 5
49
        -0.0898175
        -0.0844666
         -0.208031
          0.271634
          0.238226
         -0.382038
          -1.07574
         -0.760982
          -1.29032
         0.0495115
        -0.0409188
         -0.283078
         -0.733782
##################### ACCEPTABLE SUBNET NUMBER: 10  #########################
           1.52978
13
12
31
40
35
41
32
16
45
38
25
37
15
50
 4
42
 4
43
44
         0.0691737
          0.081868
         -0.200582
          0.393096
         -0.138296
        0.00759049
          -1.44081
          -2.06632
          -2.06884
          -1.01744
         -0.877641
           -1.2216
         -0.269304
          -1.27138
          -1.08541
         -0.755572
          0.131715
          0.134172
         -0.893586
         -0.876343
##################### ACCEPTABLE SUBNET NUMBER: 11  #########################
           1.66201
 2
12
40
 0
         -0.149155
         -0.115406
         -0.195674
          0.279478
        -0.0700798
##################### ACCEPTABLE SUBNET NUMBER: 12  #########################
           1.55081
 3
12
16
34
 3
42
 7
49
          0.391804
          0.437222
         -0.175708
          0.375657
          -0.18724
         -0.403232
        0.00767339
         -0.202691
          -1.48056
##################### ACCEPTABLE SUBNET NUMBER: 13  #########################
            1.9666
 3
12
31
23
 0
          0.425955
          0.459911
         -0.884134
          -1.94741
          0.272528
         -0.976028
##################### ACCEPTABLE SUBNET NUMBER: 14  #########################
           1.99129
 8
12
31
45
23
19
14
15
33
 1
 9
         -0.369729
         -0.400497
         -0.245992
        -0.0890881
        -0.0566876
         -0.400522
          0.155923
          -1.12493
         -0.107232
         -0.187988
         -0.522933
          -1.52263
##################### ACCEPTABLE SUBNET NUMBER: 15  #########################
           1.61374
 5
12
40
25
23
48
 0
         0.0911277
          0.126266
          -0.19968
          0.279923
        -0.0298125
         -0.222358
         -0.452473
          -1.43962
##################### ACCEPTABLE SUBNET NUMBER: 16  #########################
           1.08577
12
22
31
40
14
48
47
30
32
27
19
39
38
 0
         -0.061643
         -0.285367
         -0.343851
         -0.559226
         -0.483495
         -0.498384
         0.0659425
          -0.22307
         -0.723038
      -0.000164485
           -0.7323
         -0.464031
           -0.6156
         -0.650391
         -0.649497
##################### ACCEPTABLE SUBNET NUMBER: 17  #########################
           1.61779
 3
12
40
25
 2
 9
42
         0.0356901
         0.0757089
         -0.198191
          0.300684
        -0.0295637
          -1.57077
         -0.875805
         -0.417993
##################### ACCEPTABLE SUBNET NUMBER: 18  #########################
           1.61104
 3
12
16
34
 0
          0.136724
          0.175955
         -0.184414
          0.302264
         -0.191558
         -0.878604
##################### ACCEPTABLE SUBNET NUMBER: 19  #########################
           1.69143
 1
27
 0
         -0.352911
         -0.379089
         -0.260069
          0.200233
##################### ACCEPTABLE SUBNET NUMBER: 20  #########################
           1.49815
 8
25
13
27
38
23
34
12
30
 2
 3
 4
          0.214025
          0.214594
          -2.08396
         -0.148084
          -1.29234
           0.25098
        -0.0704521
         -0.920206
         -0.431958
         -0.616626
         -0.748081
         -0.182981
            -1.512
##################### ACCEPTABLE SUBNET NUMBER: 21  #########################
           1.59455
 5
12
40
41
30
13
 0
          0.718858
           0.76761
          -0.21576
          0.358447
        -0.0803355
         -0.301246
        -0.0922182
         -0.275032
##################### ACCEPTABLE SUBNET NUMBER: 22  #########################
           1.63117
10
12
13
14
19
27
39
46
31
33
41
 2
 7
49
        -0.0607555
        -0.0124844
          -1.09735
          0.292605
          0.263885
          0.108457
         -0.222076
        -0.0800632
         -0.133523
          -1.69234
         -0.522464
         -0.887587
         -0.739544
         -0.185418
         -0.318608
##################### ACCEPTABLE SUBNET NUMBER: 23  #########################
           1.57848
 6
22
31
46
19
27
41
 5
10
42
43
 7
 2
          0.805477
          0.849143
         -0.557971
          0.347653
          0.259571
          -1.13611
          -1.87158
          -1.76879
          -1.07901
         0.0740379
        -0.0167878
         -0.105971
         -0.556727
         -0.902657
##################### ACCEPTABLE SUBNET NUMBER: 24  #########################
           1.35801
 8
25
27
13
34
46
14
 6
 1
 0
          0.134841
          0.116695
         -0.212668
        -0.0586365
        -0.0651791
         -0.325291
          -1.21548
         -0.553595
            0.2698
          -1.14888
          -2.29484
##################### ACCEPTABLE SUBNET NUMBER: 25  #########################
           1.65216
13
12
31
45
19
24
25
23
32
30
33
34
18
27
 1
 7
         -0.180122
         -0.135181
          -1.65314
          0.251787
        -0.0794007
        -0.0492853
          0.258206
        -0.0763369
          -0.35914
         0.0842802
         -0.265067
         -0.413403
          -2.28648
          -2.29008
          -1.01295
         -0.161694
        -0.0841932
##################### ACCEPTABLE SUBNET NUMBER: 26  #########################
           1.62287
 7
12
40
45
27
19
41
39
 1
 5
        0.00644408
          0.046482
         -0.197674
          0.299156
        -0.0397988
         -0.797274
         -0.297268
           -0.5091
         -0.666566
          -2.06685
          -2.06685
##################### ACCEPTABLE SUBNET NUMBER: 27  #########################
           1.61578
12
12
31
40
45
32
35
38
18
19
 6
13
16
 1
49
          0.136102
          0.145674
         -0.477681
          0.203458
         0.0129703
         -0.168914
        -0.0569339
         -0.353897
         -0.142528
        -0.0594518
         -0.864935
         -0.904394
          -1.39551
         -0.216612
          -0.43602
         -0.158171
##################### ACCEPTABLE SUBNET NUMBER: 28  #########################
           1.60494
 6
12
31
40
38
29
25
 0
          0.143878
          0.179411
         -0.283791
           0.25159
        -0.0598154
         -0.063813
         -0.165519
          0.143572
         -0.186516
##################### ACCEPTABLE SUBNET NUMBER: 29  #########################
           1.80023
 6
31
40
50
38
13
39
 0
        -0.0261318
        -0.0912363
         -0.283142
          0.089484
        -0.0922712
         -0.462196
         -0.185085
         -0.823696
          -1.52272
##################### ACCEPTABLE SUBNET NUMBER: 30  #########################
           1.69046
11
12
45
39
27
25
24
32
30
35
41
50
 1
49
         -0.204885
         -0.210461
         -0.191902
           0.29381
         -0.209446
         -0.624731
          -1.30988
         -0.209319
         -0.434759
         -0.718819
         -0.378772
         -0.718906
         -0.438052
          -2.07624
         0.0524654
##################### ACCEPTABLE SUBNET NUMBER: 31  #########################
            1.4405
 9
12
22
31
40
47
23
48
35
14
 6
 5
 7
49
 4
43
42
         0.0255913
         -0.198772
         -0.497878
         0.0850601
         -0.209238
         -0.111948
         -0.154644
        -0.0541407
        -0.0684096
          -1.97436
         -0.943854
         -0.431678
          0.124042
         -0.110597
         -0.916226
         -0.314151
         -0.892018
         -0.651358
##################### ACCEPTABLE SUBNET NUMBER: 32  #########################
            1.6529
 5
12
45
48
41
27
 0
         -0.229673
         -0.205908
         -0.276845
          0.119084
         -0.559145
         -0.499049
          -1.18431
          0.248306
##################### ACCEPTABLE SUBNET NUMBER: 33  #########################
            1.5553
 6
12
40
46
45
25
27
 1
42
          0.125045
          0.171035
         -0.210738
          0.388078
        0.00458747
         -0.342363
          -2.68804
         -0.795844
           -1.0713
         0.0673601
##################### ACCEPTABLE SUBNET NUMBER: 34  #########################
           1.78155
 8
22
39
23
14
15
16
48
47
 0
         -0.260927
         -0.219529
         -0.327476
          0.314467
         -0.543812
           0.15255
         0.0415566
         -0.164436
          -0.25183
         -0.865401
         -0.863214
##################### ACCEPTABLE SUBNET NUMBER: 35  #########################
           1.18246
 3
45
14
 1
 3
 5
 8
17
          0.647086
          0.566992
         -0.471848
         0.0426968
          0.376325
           -1.7147
          0.154211
         -0.207823
         -0.423874
##################### ACCEPTABLE SUBNET NUMBER: 36  #########################
           1.57016
 3
12
27
32
 3
49
 4
 5
        0.00885185
         0.0207346
         -0.587385
          0.316389
          0.276359
         -0.241444
          0.105581
          -1.86588
          -1.98384
##################### ACCEPTABLE SUBNET NUMBER: 37  #########################
           1.09167
12
12
22
31
45
41
14
25
24
23
27
39
32
 1
42
         0.0526972
        -0.0930311
         -0.404961
         -0.262559
         -0.354283
         -0.201085
         -0.268761
         -0.211451
          0.107623
        -0.0934246
         -0.242285
         -0.833069
         -0.864127
         -0.804226
          -1.47484
          -0.78149
##################### ACCEPTABLE SUBNET NUMBER: 38  #########################
           1.23103
 9
31
37
14
47
24
45
39
30
22
 2
 7
49
         -0.132445
         -0.235248
         -0.317436
        -0.0320786
           -1.9787
          0.215785
        -0.0645812
         -0.191317
         -0.195225
          -1.31927
          -0.17101
         -0.401389
         -0.141122
         0.0301088
##################### ACCEPTABLE SUBNET NUMBER: 39  #########################
           1.66967
 1
27
 2
28
 5
          0.213705
         -0.457119
         -0.369334
         -0.149021
          -1.05383
           -0.9486
##################### ACCEPTABLE SUBNET NUMBER: 40  #########################
          0.742669
 4
40
25
14
30
 0
          0.138913
        -0.0533816
         -0.280565
         -0.639262
         -0.143369
         0.0946919
         0.0100181
##################### ACCEPTABLE SUBNET NUMBER: 41  #########################
           1.59594
 2
31
23
 0
          0.529847
          0.540266
          -0.24407
          0.217026
          -0.71205
##################### ACCEPTABLE SUBNET NUMBER: 42  #########################
           1.64396
 2
27
30
 1
10
          0.332303
          0.363679
           -1.2316
          0.320807
         -0.028894
        -0.0107285
##################### ACCEPTABLE SUBNET NUMBER: 43  #########################
           2.23363
 2
 1
13
 1
 9
          0.436732
          0.505993
         -0.161264
          0.740921
          -0.56002
          0.111336
##################### ACCEPTABLE SUBNET NUMBER: 44  #########################
           1.60128
10
12
31
13
23
14
22
25
35
27
15
 0
           0.10488
          0.150789
          -0.20158
          0.275378
       -0.00162867
           0.24626
         -0.314815
          -0.60441
           -1.1461
         -0.193627
           -1.4178
         -0.214896
          -0.26163
##################### ACCEPTABLE SUBNET NUMBER: 45  #########################
           1.64624
 6
12
40
16
29
22
23
 1
49
         -0.116492
        -0.0821897
         -0.201789
          0.289666
        -0.0661588
         -0.610854
        -0.0513464
         -0.493182
          -0.49369
         -0.213379
##################### ACCEPTABLE SUBNET NUMBER: 46  #########################
            1.4294
 4
27
25
24
22
 1
10
        -0.0154844
         -0.281009
          -0.28134
        -0.0437475
         -0.223858
        -0.0166405
          -1.16808
         -0.123017
##################### ACCEPTABLE SUBNET NUMBER: 47  #########################
           1.60186
 2
12
40
 4
 8
10
 5
 7
          0.106881
          0.141527
         -0.189869
          0.308761
        -0.0515938
        -0.0282264
         -0.124436
         -0.305275
          -0.45889
##################### ACCEPTABLE SUBNET NUMBER: 48  #########################
           1.81487
 5
45
18
13
31
46
 1
42
         0.0141983
         0.0200351
         -0.959466
         0.0135851
          -1.03416
        -0.0469989
          0.237297
          -1.08951
         0.0742376
##################### ACCEPTABLE SUBNET NUMBER: 49  #########################
           1.79063
 7
22
31
45
38
13
12
14
 0
         0.0162693
        -0.0907087
         -0.695182
          -0.44174
         -0.211106
         0.0101015
        -0.0800578
         -0.134578
          -0.18198
         -0.175085
##################### ACCEPTABLE SUBNET NUMBER: 50  #########################
           1.89843
 7
45
47
48
32
31
14
13
 0
         0.0499968
        -0.0833623
          -1.15191
         0.0341397
         -0.132986
         -0.593375
          -1.14422
         -0.827899
         -0.177041
         -0.192476
##################### ACCEPTABLE SUBNET NUMBER: 51  #########################
          0.717681
 2
14
30
 3
43
 3
 2
          0.629945
          0.379658
         -0.295913
          0.340072
          -1.10069
          -1.82441
          0.228674
          -1.17879
##################### ACCEPTABLE SUBNET NUMBER: 52  #########################
           1.54425
11
12
22
31
30
14
16
45
38
37
41
48
 3
42
 3
10
          0.166256
          0.212229
         -0.489517
          0.373712
          0.152725
         -0.812911
          0.119659
         0.0887466
         -0.119319
          -1.03736
         -0.241584
        -0.0134868
         -0.799674
         -0.743026
         0.0769173
         -0.358308
          -2.09433
##################### ACCEPTABLE SUBNET NUMBER: 53  #########################
           1.54415
16
12
40
35
41
37
16
23
38
 1
18
31
48
32
19
34
33
 5
42
 8
 7
 9
 3
          0.314257
          0.362343
           -0.4141
          0.464685
          0.060676
         0.0932094
          -1.05726
           -1.4551
         -0.950342
          0.162334
         -0.805168
          0.285605
          -1.40821
         -0.732459
         -0.578363
          -0.84735
         -0.792359
          -1.18578
         -0.544846
          0.188899
         -0.736173
         -0.869121
          -1.42506
         -0.128263
##################### ACCEPTABLE SUBNET NUMBER: 54  #########################
           1.64344
 3
12
45
16
 0
        -0.0239819
         0.0177047
         -0.197383
          0.308141
        -0.0645155
         -0.843573
##################### ACCEPTABLE SUBNET NUMBER: 55  #########################
           1.37324
 9
31
40
13
14
15
39
46
24
25
 0
         -0.378155
          -0.59291
          -1.19767
         -0.453041
         -0.588169
         -0.255591
         0.0925985
          -1.61596
          -0.25837
         -0.323122
          -1.49217
          -2.51549
##################### ACCEPTABLE SUBNET NUMBER: 56  #########################
           1.57339
 6
12
41
25
14
33
38
 1
42
          0.124704
          0.174499
         -0.213541
          0.403931
         -0.205525
          -2.07823
         0.0649129
         -0.952837
          -1.36823
         0.0571317
##################### ACCEPTABLE SUBNET NUMBER: 57  #########################
            2.1094
 1
45
 0
          0.297931
          0.193345
          -1.15747
         0.0871716
##################### ACCEPTABLE SUBNET NUMBER: 58  #########################
           2.62685
 7
12
40
45
41
14
27
32
 0
          0.216529
         -0.466983
          -1.03129
          -1.24678
         -0.173733
          -0.36154
          -1.50468
         -0.709163
         -0.452185
          -2.38556
##################### ACCEPTABLE SUBNET NUMBER: 59  #########################
           1.82897
 3
22
41
34
 2
42
17
         -0.297976
         -0.769328
         -0.660036
          0.500255
         0.0808746
         0.0304195
          0.742661
         -0.131431
##################### ACCEPTABLE SUBNET NUMBER: 60  #########################
           1.61915
 3
12
13
37
 0
        -0.0702557
        -0.0209644
         -0.194623
          0.305196
          0.256534
          -0.79444
##################### ACCEPTABLE SUBNET NUMBER: 61  #########################
           1.50566
 3
31
14
15
 0
         -0.137926
         -0.126432
         -0.213081
         0.0840666
          0.282832
         -0.352018
##################### ACCEPTABLE SUBNET NUMBER: 62  #########################
           1.60364
 6
12
40
25
14
13
29
 3
 7
 5
28
          0.255615
          0.286103
         -0.203252
          0.266854
        -0.0171113
         -0.160648
         -0.486151
         -0.193471
          -1.65885
         -0.549303
         -0.374433
         -0.745088
##################### ACCEPTABLE SUBNET NUMBER: 63  #########################
           1.88735
 8
31
45
27
13
32
33
29
25
 0
        -0.0916865
         -0.100787
          -1.68973
         0.0771174
         0.0602473
         -0.126254
         0.0682685
           -1.5596
          -1.63954
         -0.889685
         -0.381316
##################### ACCEPTABLE SUBNET NUMBER: 64  #########################
           1.71258
 7
22
31
35
13
37
23
24
 3
 7
 8
20
         0.0600052
         0.0622598
         -0.242627
        -0.0840232
          0.182658
         -0.312603
        -0.0689832
         -0.909775
          -1.05442
          -1.05442
          -1.78485
          -1.78543
          -1.05442
##################### ACCEPTABLE SUBNET NUMBER: 65  #########################
           1.58253
 6
12
22
31
40
32
46
 0
          0.726548
          0.769821
         -0.898445
          0.242348
          0.216353
          0.149744
       -0.00976305
         -0.259509
         -0.809273
##################### ACCEPTABLE SUBNET NUMBER: 66  #########################
           1.59272
 6
12
45
13
30
24
16
 3
42
 8
 5
          0.234053
           0.28215
         -0.213312
          0.325195
        -0.0973541
          0.269431
         -0.637402
          -2.26175
           -2.1766
         -0.267062
          -0.09837
          -1.19047
##################### ACCEPTABLE SUBNET NUMBER: 67  #########################
           1.59049
 8
22
31
13
14
19
15
47
46
 0
          0.374246
          0.417078
         -0.373667
          0.224938
          0.211486
          0.187031
          -1.74243
         -0.563358
         -0.116998
         -0.752341
         -0.316459
##################### ACCEPTABLE SUBNET NUMBER: 68  #########################
          0.547449
 2
12
14
 2
 8
 3
          0.392078
        -0.0144918
         -0.312168
         0.0666042
          0.171767
         -0.765136
          0.222559
##################### ACCEPTABLE SUBNET NUMBER: 69  #########################
           2.37935
 6
12
31
35
13
15
16
 7
42
 9
20
17
10
 8
 7
         -0.205021
         -0.379519
          -0.29016
         -0.132421
        -0.0962936
       -0.00996522
         -0.757543
         -0.802364
          -1.16763
          -1.46194
          -1.84166
         -0.959485
          -1.60377
          -1.76778
          -1.29127
          -1.04852
##################### ACCEPTABLE SUBNET NUMBER: 70  #########################
           1.54068
 7
12
31
40
48
25
22
29
 0
          0.689254
           0.69299
         -0.247125
        -0.0814559
           0.18926
        -0.0881994
          -1.00361
         -0.414076
          -3.13691
         -0.609705
##################### ACCEPTABLE SUBNET NUMBER: 71  #########################
           1.56311
 4
12
40
38
41
 1
42
        -0.0666848
        -0.0240005
         -0.221946
          0.380515
        -0.0113543
        -0.0850916
         -0.567239
          0.113286
##################### ACCEPTABLE SUBNET NUMBER: 72  #########################
           1.82181
 2
40
47
 3
 3
 4
 5
         0.0376634
         -0.126358
         -0.432065
         0.0276961
         -0.169599
          -1.32285
          -1.31943
          -1.31991
##################### ACCEPTABLE SUBNET NUMBER: 73  #########################
           1.42365
 6
31
14
48
33
34
35
 0
          0.564331
          0.567729
         -0.270937
          0.110378
          0.279901
          -0.16194
         -0.474283
         -0.455854
         -0.178811
##################### ACCEPTABLE SUBNET NUMBER: 74  #########################
           1.60134
 3
12
31
29
 2
 8
49
          0.328585
          0.361075
         -0.206973
          0.255719
          0.157354
          -2.08505
        -0.0991028
          -1.08451
##################### ACCEPTABLE SUBNET NUMBER: 75  #########################
           1.60062
 2
31
22
 1
 9
          0.468188
          0.484976
         -0.249732
          0.218366
        0.00900387
         -0.797446
##################### ACCEPTABLE SUBNET NUMBER: 76  #########################
           1.96645
 6
22
23
32
14
47
46
 4
42
49
 8
 7
         -0.434659
         -0.418438
          -0.73154
          0.330497
         0.0858189
         -0.300318
          -1.08554
          -1.19947
          -1.18956
       -0.00191337
          -1.19662
          -0.28676
         -0.287284
##################### ACCEPTABLE SUBNET NUMBER: 77  #########################
           1.45627
 4
12
31
48
14
 0
         -0.114794
         -0.133489
         -0.234291
         0.0174706
         -0.233969
         -0.150296
          0.233297
##################### ACCEPTABLE SUBNET NUMBER: 78  #########################
           1.64537
 6
40
29
37
38
41
14
 1
 3
        -0.0363768
        0.00668243
         -0.304356
         0.0248424
         -0.698981
         -0.148422
          -1.17343
          -1.03093
          0.406553
         -0.729795
##################### ACCEPTABLE SUBNET NUMBER: 79  #########################
           1.60369
 7
12
31
45
38
16
41
27
 0
          0.546861
          0.591565
         -0.208122
          0.322275
         0.0354053
        -0.0589569
          -1.16756
          -1.52924
         -0.492527
         -0.857561
##################### ACCEPTABLE SUBNET NUMBER: 80  #########################
           1.59243
 4
12
48
46
23
 4
49
 7
 8
 9
          0.004875
       -0.00574769
         -0.151816
          0.376145
         -0.185262
          -1.06607
         -0.128507
          0.172797
        -0.0817992
         -0.024333
          -1.02692
##################### ACCEPTABLE SUBNET NUMBER: 81  #########################
           1.99902
 2
40
19
 0
         -0.418919
          -0.42699
         -0.477844
         0.0328901
          0.257567
##################### ACCEPTABLE SUBNET NUMBER: 82  #########################
           1.84739
 5
12
31
40
33
35
 0
        -0.0422561
         -0.183292
         -0.296148
         -0.143482
        -0.0903222
       -0.00695715
         -0.708539
         -0.317144
##################### ACCEPTABLE SUBNET NUMBER: 83  #########################
           1.60815
 9
12
23
33
35
27
50
13
38
39
 0
        -0.0144254
         0.0282037
         -0.215989
          0.278745
         0.0864078
         -0.746764
         -0.728026
           0.15796
            -1.335
          -0.11645
          -1.52452
          -1.54652
##################### ACCEPTABLE SUBNET NUMBER: 84  #########################
           1.58245
10
12
22
31
40
25
30
19
48
23
14
 0
          0.376682
          0.413126
         -0.213957
          0.263124
         0.0540024
         0.0626009
        -0.0568015
         -0.211385
         -0.505543
          -1.33282
         -0.496834
         -0.924079
         -0.992043
##################### ACCEPTABLE SUBNET NUMBER: 85  #########################
           1.61032
 7
12
40
27
15
14
16
38
 0
         -0.061077
        -0.0209287
         -0.227647
          0.265317
         -0.277661
          0.206548
          -1.22681
          -1.64527
          -1.10773
           -2.1276
##################### ACCEPTABLE SUBNET NUMBER: 86  #########################
           1.60126
 7
12
40
27
46
29
 6
34
 1
49
         0.0189435
         0.0453803
         -0.250384
          0.314455
        -0.0709257
          0.138182
         -0.289631
         -0.477004
          -1.03683
          -1.65618
      -9.83477e-05
##################### ACCEPTABLE SUBNET NUMBER: 87  #########################
           1.24142
 3
35
14
16
 1
17
         -0.030983
         -0.281991
         -0.280987
          -1.10894
           0.16566
         -0.241475
          0.086243
##################### ACCEPTABLE SUBNET NUMBER: 88  #########################
           1.88932
 2
24
22
 0
         -0.349138
         -0.524013
          -1.44362
          0.188982
         -0.714741
##################### ACCEPTABLE SUBNET NUMBER: 89  #########################
           1.76562
 4
12
31
13
15
 5
 8
44
43
 7
17
          -0.10773
         -0.111074
         -0.216785
          0.131855
          0.126227
          -0.94918
         -0.729432
         -0.917927
         -0.559394
         -0.261819
          -1.70213
          -1.94345
##################### ACCEPTABLE SUBNET NUMBER: 90  #########################
           2.03159
 5
12
14
15
16
27
 1
28
            1.6507
           1.69431
           1.19487
           1.81974
           1.17357
         -0.314047
          -0.33925
          0.140431
           1.82538
##################### ACCEPTABLE SUBNET NUMBER: 91  #########################
           1.53751
25
31
14
33
30
29
23
34
16
27
41
25
38
45
35
13
22
 6
32
18
40
46
19
39
47
48
10
 5
43
 3
 9
42
 4
20
44
10
17
           1.47127
           1.37255
           1.17732
           1.35632
           1.85518
       -0.00656126
          0.595404
         -0.179217
          0.579204
           1.02436
          0.254914
         -0.221851
         -0.772113
          0.250554
         0.0252369
         0.0753227
         -0.976365
          -1.67983
        -0.0872704
          0.548564
         -0.322525
          0.281663
         -0.660897
         -0.145723
         0.0350533
          0.809785
         -0.296448
         -0.318907
          0.621218
            1.7461
         0.0847266
          -0.75441
          -1.40191
          -1.73032
          -1.03052
           1.12199
         -0.518971
         0.0131324
##################### ACCEPTABLE SUBNET NUMBER: 92  #########################
           1.60889
 4
12
30
14
45
 0
          0.308166
          0.355704
         -0.190152
          0.342544
        -0.0225325
        -0.0873812
         -0.179382
##################### ACCEPTABLE SUBNET NUMBER: 93  #########################
           1.55598
 9
31
22
12
33
32
34
37
16
29
 2
42
 7
          0.347401
          0.374061
         -0.247943
          0.217398
         -0.719358
          0.189552
         -0.818106
         -0.556204
         -0.939641
         -0.227336
          -1.85997
         -0.801876
         -0.064305
          -2.45729
##################### ACCEPTABLE SUBNET NUMBER: 94  #########################
           1.67242
 8
12
31
45
35
13
41
25
37
 0
         -0.242846
         -0.199571
          -1.29763
          0.230603
         -0.329765
         -0.693769
         0.0666636
          0.270818
         -0.292138
         -0.135164
         -0.156763
##################### ACCEPTABLE SUBNET NUMBER: 95  #########################
           1.61853
 5
12
40
32
24
25
 1
 8
         0.0379746
         0.0724311
         -0.200471
          0.278248
        -0.0369191
         -0.633438
         -0.764597
         -0.230667
         -0.995012
##################### ACCEPTABLE SUBNET NUMBER: 96  #########################
           1.95826
 5
22
45
48
46
23
 0
         -0.266408
         -0.229406
          -1.79735
          0.318416
         0.0392074
         -0.788225
         -0.883613
         -0.774198
##################### ACCEPTABLE SUBNET NUMBER: 97  #########################
           1.59248
11
12
22
31
40
19
33
46
25
13
14
38
 0
          0.342669
            0.3906
         -0.368805
           0.27509
         0.0764456
          0.115503
         0.0128996
          0.236632
         -0.604873
          -2.00289
         -0.971831
         -0.649435
           -1.2997
         -0.561027
##################### ACCEPTABLE SUBNET NUMBER: 98  #########################
           1.60897
 3
12
40
16
 1
42
          0.193535
           0.23458
         -0.194537
          0.307074
        -0.0632389
         -0.290657
         -0.688717
##################### ACCEPTABLE SUBNET NUMBER: 99  #########################
           1.58473
 4
12
40
23
 1
 0
          0.344548
          0.389559
         -0.201537
          0.314622
        -0.0846562
          0.150002
          -1.57172
##################### ACCEPTABLE SUBNET NUMBER: 100  #########################
           1.29654
 4
31
13
14
16
 0
         -0.166984
         -0.449085
          -0.28625
         -0.334423
         -0.832691
         0.0405533
         -0.298921
----------Number of Acceptable Subnets found: 100 -----------
----------END FOR GENE 11 -----------
