File open successful. It contains: 
Finished reading file, will close now.
File x_dt open successful.
Finished reading file x_dt, will close now.
File sd_d open successful.
Finished reading file sd_d, will close now.
--------START FOR GENE 25 -----------
 Values arranged as error, n_ka, gene ids for ka, n_kd, gene ids for kd,
 r0, d, ea, ka_values, kd_values for each subnet. 
##################### ACCEPTABLE SUBNET NUMBER: 1  #########################
           1.59334
 1
11
 1
20
          0.343329
         -0.149083
         -0.247797
         0.0726755
          0.277435
##################### ACCEPTABLE SUBNET NUMBER: 2  #########################
           2.69153
10
 1
45
 3
17
18
27
24
44
43
41
 0
         -0.297952
         -0.435867
         -0.182435
          0.459851
         -0.371223
          -1.79999
         -0.295109
         -0.214318
         -0.810193
         -0.821701
           -1.1615
          -1.16195
          -1.14195
##################### ACCEPTABLE SUBNET NUMBER: 3  #########################
            2.4051
 1
 1
 0
         -0.283977
         -0.447915
         -0.174795
          0.438858
##################### ACCEPTABLE SUBNET NUMBER: 4  #########################
           2.46498
 2
18
 1
 0
         -0.268337
         -0.433507
         -0.179904
         -0.306911
          0.434993
##################### ACCEPTABLE SUBNET NUMBER: 5  #########################
           1.97392
 7
 3
 2
 5
 9
23
39
12
 4
20
 7
42
 6
         0.0815239
         -0.399688
         -0.711551
          0.392685
          0.497134
          0.265413
            -1.287
          0.147835
         -0.268458
         -0.266648
          0.629717
          -1.61724
          0.120654
         -0.379971
##################### ACCEPTABLE SUBNET NUMBER: 6  #########################
           2.48664
 2
 9
 1
 0
         -0.250094
         -0.403502
         -0.166985
         -0.544593
          0.433485
##################### ACCEPTABLE SUBNET NUMBER: 7  #########################
            2.4035
 3
 1
33
32
 1
31
         -0.280938
         -0.444328
         -0.174051
          0.438165
         -0.808396
          -2.05167
         -0.785809
##################### ACCEPTABLE SUBNET NUMBER: 8  #########################
           2.27063
 5
 1
48
46
45
38
 1
13
         -0.274306
          -0.43799
         -0.218861
          0.454006
         -0.871249
         -0.217726
         -0.851197
         -0.759402
         -0.275125
##################### ACCEPTABLE SUBNET NUMBER: 9  #########################
           1.89307
 8
 5
 2
 3
11
10
28
18
24
 1
20
          0.258008
         -0.198097
          -0.25883
          0.033116
           -0.6017
         -0.345196
          -1.03787
         -0.194943
          -1.20874
          -1.38355
         -0.321396
          0.199103
##################### ACCEPTABLE SUBNET NUMBER: 10  #########################
           1.23877
 4
19
47
11
12
 3
26
20
15
         0.0708721
         -0.440236
         -0.283785
          0.845409
          0.643512
        -0.0326117
          -1.57664
          0.741639
           1.05128
          -0.56998
##################### ACCEPTABLE SUBNET NUMBER: 11  #########################
           2.90347
 5
19
 5
32
10
21
 1
20
         -0.236011
         -0.522614
         -0.433066
          -0.40472
         0.0990737
         -0.338694
       -0.00716695
        -0.0307076
          0.112602
##################### ACCEPTABLE SUBNET NUMBER: 12  #########################
            1.4911
 9
 1
39
24
12
29
30
48
40
38
 2
50
20
         0.0435574
        0.00512677
          0.122063
           1.11105
           -1.3549
          0.350598
         -0.324064
         -0.869838
         -0.880871
          0.146894
         -0.119071
        -0.0801405
          0.422108
          0.788701
##################### ACCEPTABLE SUBNET NUMBER: 13  #########################
           1.50076
 4
 1
30
 5
 9
 1
20
         0.0224073
        -0.0150163
         -0.126628
          0.917028
          0.243608
         0.0481466
        -0.0218315
          0.592228
##################### ACCEPTABLE SUBNET NUMBER: 14  #########################
           2.76176
 3
11
12
14
 4
 7
20
 8
15
        -0.0196807
         -0.457104
         -0.175356
         -0.217848
          0.508683
          -1.50874
         -0.965988
          0.687211
        -0.0722367
         0.0528472
##################### ACCEPTABLE SUBNET NUMBER: 15  #########################
           2.35562
 2
22
11
 1
20
         -0.159464
         -0.640824
          -1.07986
          0.325426
          -1.40211
          0.473359
##################### ACCEPTABLE SUBNET NUMBER: 16  #########################
           1.69077
 9
21
43
24
 9
38
37
 1
 2
 5
 1
20
        -0.0794209
         -0.118709
         -0.271771
          0.243294
         -0.754631
         -0.711102
          0.291331
         0.0383009
         0.0544261
          0.842221
        0.00146291
         0.0249248
          0.495901
##################### ACCEPTABLE SUBNET NUMBER: 17  #########################
           2.34935
 5
 1
33
 2
24
27
 0
         -0.274456
         -0.422936
         -0.212586
          0.459441
         -0.201164
          -1.34345
          -3.28042
          -3.28042
##################### ACCEPTABLE SUBNET NUMBER: 18  #########################
           1.48909
15
38
18
47
 1
12
23
22
29
28
21
19
 2
10
11
27
 1
20
         0.0527421
         0.0118755
         -0.540644
          0.143584
        -0.0770028
          -1.92563
          0.864285
         -0.387361
         -0.527705
          -1.55258
         -0.209008
          -1.60457
          -1.27126
          -1.28035
         -0.053703
          -1.11575
          -1.12788
         -0.237857
          0.556702
##################### ACCEPTABLE SUBNET NUMBER: 19  #########################
           1.67127
 7
28
 1
33
11
18
10
 9
 1
20
        -0.0860577
         -0.147368
         -0.141768
          0.147618
          0.706349
          -0.38648
         -0.363228
          -1.54581
          -1.21463
         -0.807098
           0.36067
##################### ACCEPTABLE SUBNET NUMBER: 20  #########################
            1.8168
11
47
 1
39
28
48
46
14
 5
21
10
 2
 3
31
 4
20
        -0.0179465
        -0.0751866
         -0.398666
         0.0752284
          0.833593
         -0.276482
         -0.227846
        -0.0872344
         -0.347724
         -0.406153
          -0.37262
          -1.83507
          -3.04443
          -3.04501
          0.362079
           0.28256
          -0.25227
##################### ACCEPTABLE SUBNET NUMBER: 21  #########################
           2.55193
 5
30
10
 2
35
 1
 1
 6
         0.0467533
         -0.023862
         -0.118316
          -0.23729
         -0.292517
         0.0575057
         -0.618717
          0.672168
          0.379234
##################### ACCEPTABLE SUBNET NUMBER: 22  #########################
           2.12586
 5
 9
10
11
 1
18
 3
20
34
15
          0.613901
          0.583994
         -0.592453
          0.585613
          0.160551
        -0.0940025
          0.790559
          -1.05201
          0.441673
          -0.39369
          0.414193
##################### ACCEPTABLE SUBNET NUMBER: 23  #########################
            1.5695
 7
27
30
46
10
29
 1
 2
 1
20
        -0.0340136
        -0.0771901
         -0.711018
        0.00614278
          0.250734
         -0.706151
         0.0392959
          -0.28691
            0.8358
         0.0412415
          0.495516
##################### ACCEPTABLE SUBNET NUMBER: 24  #########################
            2.9277
 8
24
23
22
28
10
35
 1
 2
 0
         -0.294004
         -0.695575
         -0.590647
          -1.43779
           -0.1996
         -0.839353
          -0.21707
        -0.0262801
          -1.28833
          0.259965
         -0.730344
##################### ACCEPTABLE SUBNET NUMBER: 25  #########################
           2.09781
12
17
45
 1
11
14
35
38
23
24
10
41
 9
 3
13
 6
15
         -0.153727
         -0.258207
         -0.146416
         -0.251627
         -0.280152
          0.555208
         -0.808327
         -0.956684
         -0.623265
         -0.988563
         -0.989048
         -0.489186
         -0.222202
           -2.0838
          -1.04925
         0.0812723
         -0.845556
         -0.195059
##################### ACCEPTABLE SUBNET NUMBER: 26  #########################
           2.40675
 3
 1
10
 9
 0
         -0.292194
         -0.457741
          -0.17679
          0.440495
         -0.571147
         -0.605705
##################### ACCEPTABLE SUBNET NUMBER: 27  #########################
           2.23542
19
19
 5
48
40
14
 1
38
29
27
24
30
28
 3
11
18
45
 9
21
12
 1
20
            0.2804
         0.0961482
         -0.215661
          -0.19555
          0.163096
         -0.479216
         -0.553242
          -1.30528
         -0.409276
         -0.125629
         -0.449803
         -0.946056
          0.185183
          -3.17886
          -1.47445
        -0.0802201
          0.126038
         -0.390359
         -0.749722
         -0.215841
         -0.989989
          -2.63371
          0.361438
##################### ACCEPTABLE SUBNET NUMBER: 28  #########################
             2.098
 9
 1
33
18
17
43
29
23
21
14
 2
34
15
          0.171245
          0.156877
         0.0683204
           1.79776
          0.929096
           1.30247
         -0.364143
         -0.298827
         -0.905099
          -1.59328
         -0.950091
          -1.59342
           1.30081
           1.38514
##################### ACCEPTABLE SUBNET NUMBER: 29  #########################
           2.70259
 2
47
 1
 1
15
         -0.309009
         -0.425439
         -0.740464
         0.0516123
          0.431615
         -0.101184
##################### ACCEPTABLE SUBNET NUMBER: 30  #########################
           2.72943
 9
23
22
21
27
35
19
48
24
18
 2
20
50
         -0.152795
         -0.573375
         -0.433508
         -0.389753
          0.357474
          0.121516
         -0.342144
         -0.134109
          0.138868
         -0.281036
         -0.827191
         -0.862728
          0.495002
          0.176068
##################### ACCEPTABLE SUBNET NUMBER: 31  #########################
           2.35971
14
24
 1
11
41
45
39
36
35
29
23
19
 5
 3
 9
 2
13
50
           1.52966
           1.53273
         -0.197302
         -0.222865
          0.868872
          0.370314
         -0.553255
        -0.0348203
         -0.103065
         -0.548748
         -0.282728
        -0.0453113
         -0.267304
          -1.09213
         -0.443657
          -1.94626
          0.501469
           0.52599
         -0.870296
##################### ACCEPTABLE SUBNET NUMBER: 32  #########################
           2.44305
 1
 1
 0
         -0.276403
         -0.424799
         -0.168987
          0.449199
##################### ACCEPTABLE SUBNET NUMBER: 33  #########################
            2.4528
12
30
28
27
24
 2
 1
 3
19
35
44
40
16
 1
31
         0.0255431
        -0.0594271
         -0.377335
         -0.258467
          0.107873
         -0.219401
         0.0073104
         -0.815425
          0.823615
          0.109933
         0.0479267
          0.142881
          -1.35795
          0.119498
          -2.59379
          0.422149
##################### ACCEPTABLE SUBNET NUMBER: 34  #########################
            2.1421
 8
10
 1
46
24
47
32
12
21
 1
13
         -0.305235
         -0.425552
         -0.222984
         0.0250985
          0.553171
          -1.21309
          -1.00286
         -0.724189
         -0.489288
          -1.22183
          -1.03839
         0.0108881
##################### ACCEPTABLE SUBNET NUMBER: 35  #########################
           2.47377
 6
19
 1
10
11
 9
29
 1
13
         -0.317749
         -0.475992
         -0.173098
         -0.389271
          0.444951
         -0.448076
          -0.25948
         -0.324319
         -0.977826
         -0.517658
##################### ACCEPTABLE SUBNET NUMBER: 36  #########################
           2.80175
 2
12
 1
 0
         -0.336185
         -0.439847
         -0.182205
         -0.610335
          0.510834
##################### ACCEPTABLE SUBNET NUMBER: 37  #########################
           1.40291
 3
19
 5
 2
 2
15
20
         0.0270764
         -0.587091
          -1.21077
           0.24374
         0.0617215
         -0.666997
         -0.238083
          0.459388
##################### ACCEPTABLE SUBNET NUMBER: 38  #########################
           2.44113
 1
 1
 1
15
         -0.291411
         -0.430487
         -0.165183
          0.464203
          -1.28639
##################### ACCEPTABLE SUBNET NUMBER: 39  #########################
           5.60093
 6
 5
12
33
18
11
22
 5
15
34
50
20
13
           0.23082
         -0.345577
          0.167563
          0.232964
          0.513539
          0.162319
          0.348617
         -0.289671
          -1.86426
          -1.12993
          0.616546
          0.680604
          0.117804
          -1.00167
##################### ACCEPTABLE SUBNET NUMBER: 40  #########################
           5.24741
 4
11
29
27
28
 1
34
         -0.460925
         -0.692422
         -0.246714
          0.105588
          -1.55861
           -1.5508
          -1.55096
         -0.581354
##################### ACCEPTABLE SUBNET NUMBER: 41  #########################
           5.26832
 3
 5
14
24
 0
          -0.42216
         -0.428074
         -0.138408
          0.276158
          -1.80286
          -1.08409
##################### ACCEPTABLE SUBNET NUMBER: 42  #########################
           5.54786
 3
41
40
47
 1
34
         0.0233111
         -0.575638
          0.926969
          0.454951
         -0.532373
          0.440501
           1.44452
##################### ACCEPTABLE SUBNET NUMBER: 43  #########################
            2.4904
 6
11
 1
37
47
17
14
 2
34
20
          0.189905
         0.0126238
          -0.38683
           0.34491
          -1.29443
         0.0836796
        -0.0360827
         0.0549985
          0.184856
         -0.148654
          0.476183
##################### ACCEPTABLE SUBNET NUMBER: 44  #########################
           2.32131
 8
 1
46
45
44
43
24
29
28
 1
42
         -0.300521
          -0.46699
         -0.231172
          0.452311
         -0.213019
          -0.44884
          -0.57172
         -0.497372
          -1.07776
         -0.410016
          -1.30429
         -0.459954
##################### ACCEPTABLE SUBNET NUMBER: 45  #########################
           2.94987
 2
 1
40
 0
         -0.292337
         -0.548381
         -0.224616
          0.367842
         -0.273582
##################### ACCEPTABLE SUBNET NUMBER: 46  #########################
           2.13018
12
10
37
 3
41
 1
 9
27
29
18
 2
36
24
 3
15
20
31
          0.620648
          0.614558
         -0.711827
         -0.380689
          0.286796
          -1.54216
          -1.20973
           0.94682
          0.372796
         0.0134186
         0.0392304
         -0.627816
         -0.549474
         -0.103665
          0.123564
          0.583252
            0.2312
           -0.9422
##################### ACCEPTABLE SUBNET NUMBER: 47  #########################
           2.01566
 9
24
10
 1
47
32
11
36
46
14
 1
15
          0.172462
          0.131974
          -0.30923
          0.252224
          -1.95753
           0.72402
          -1.54847
         -0.139127
          -1.07884
          -1.10212
         -0.719359
         -0.836327
          0.335306
##################### ACCEPTABLE SUBNET NUMBER: 48  #########################
           3.89088
12
 5
30
22
10
14
35
11
 1
47
 2
17
19
 4
31
15
 6
34
            1.3876
           1.38474
         -0.469286
          0.823908
         0.0909005
          0.677316
          -0.43754
          -1.19925
         -0.327357
          -1.35898
           1.06861
          0.034463
          0.814355
          0.197662
         -0.978687
          0.765674
          0.446051
         -0.445871
         -0.124015
##################### ACCEPTABLE SUBNET NUMBER: 49  #########################
           5.34682
12
43
21
18
 9
10
36
11
12
14
35
33
28
 2
20
13
        -0.0843464
         -0.119798
          -1.06243
          -0.34805
          0.385198
          -1.79154
         -0.113606
           -1.7025
         0.0696409
          0.330328
          -2.25585
          -2.29178
         -0.363949
         -0.379263
         -0.298593
          -0.97011
          0.239694
##################### ACCEPTABLE SUBNET NUMBER: 50  #########################
           5.58059
 4
 3
48
19
45
 2
34
13
        -0.0970283
         -0.588465
          0.498313
          0.102357
          -2.42939
         -0.473533
         -0.409995
          0.980403
         -0.158583
##################### ACCEPTABLE SUBNET NUMBER: 51  #########################
           4.75939
 6
10
16
 1
46
29
17
 2
 7
13
          0.308072
          0.256778
         0.0216688
           1.22133
          0.281902
          0.895774
          0.802251
          -2.66539
         -0.830661
           1.34873
          -1.02879
##################### ACCEPTABLE SUBNET NUMBER: 52  #########################
           1.95323
 7
23
21
 1
24
47
14
48
 1
13
          0.245977
          0.224449
          -0.11714
         -0.328975
          0.119409
          0.796978
          0.162586
         -0.923648
         0.0757996
         -0.907089
          0.402065
##################### ACCEPTABLE SUBNET NUMBER: 53  #########################
           5.79791
 1
 1
 1
34
          0.327534
         -0.596777
          0.342388
       -0.00688921
          0.955077
##################### ACCEPTABLE SUBNET NUMBER: 54  #########################
            4.5503
 5
19
 1
 9
 5
29
 2
34
 6
          0.299976
         -0.642285
        -0.0286305
        -0.0967619
          0.052502
          -1.22681
         -0.692111
          -1.69249
          0.619408
         -0.692111
##################### ACCEPTABLE SUBNET NUMBER: 55  #########################
           2.25868
 8
10
 9
11
48
38
 1
12
40
 0
         -0.358003
         -0.523588
          -0.25098
        0.00508929
          -0.22937
         -0.316268
          -1.23918
         -0.276226
          0.445048
          -1.18918
          -1.26268
##################### ACCEPTABLE SUBNET NUMBER: 56  #########################
            5.1556
 2
 5
32
 2
 4
31
         -0.104502
         -0.159067
         -0.131548
          0.286119
          -1.22626
          0.147383
         -0.670354
##################### ACCEPTABLE SUBNET NUMBER: 57  #########################
           4.28378
15
17
18
 3
35
27
21
 9
 5
 2
32
39
29
19
11
44
 3
34
20
31
         -0.187142
         -0.517183
        -0.0171229
          -1.17173
          -1.77402
          0.420621
         -0.158769
          0.734938
          0.233399
         0.0876999
         0.0987958
         -0.628628
          -1.43679
         -0.209623
          -1.24418
          -2.60871
         -0.108954
         -0.301902
          0.665281
          0.853036
          -1.43924
##################### ACCEPTABLE SUBNET NUMBER: 58  #########################
           4.80621
 4
 5
33
30
29
 2
50
34
         -0.161408
         -0.224329
         -0.160349
          0.314237
       -0.00695461
         -0.174718
          -1.97092
          0.178831
         0.0773094
##################### ACCEPTABLE SUBNET NUMBER: 59  #########################
           4.65565
10
 3
11
10
24
30
43
35
37
14
 5
 1
13
        -0.0895512
         -0.184679
         -0.794964
         -0.708305
          0.272768
          -1.23871
          0.208386
         0.0730828
         -0.993472
        -0.0086874
         0.0237697
         -0.704891
          -1.12824
          0.217468
##################### ACCEPTABLE SUBNET NUMBER: 60  #########################
           5.16428
 3
11
30
17
 0
         -0.428581
          -0.65768
          -0.23538
         0.0968165
          -1.12713
         -0.835952
##################### ACCEPTABLE SUBNET NUMBER: 61  #########################
           2.39994
 2
 1
 9
 3
15
31
13
         -0.281007
         -0.444978
         -0.174168
          0.439238
         -0.741407
         -0.658261
         -0.670914
         -0.521233
##################### ACCEPTABLE SUBNET NUMBER: 62  #########################
           2.74638
 4
22
21
23
37
 1
20
         -0.311669
         -0.646869
         -0.856281
          0.359568
         -0.930986
         -0.394797
         -0.100609
          0.438024
##################### ACCEPTABLE SUBNET NUMBER: 63  #########################
           5.81219
 0
 2
34
20
            0.4115
         -0.570107
           1.10159
           1.73282
         0.0974564
##################### ACCEPTABLE SUBNET NUMBER: 64  #########################
           5.17763
 9
21
37
35
39
40
12
11
29
 5
 1
34
          0.449529
          -0.61093
          0.420126
         -0.144599
          0.217874
           -0.1233
         -0.172094
        -0.0730516
         -0.439282
          0.189502
         -0.248245
         -0.725288
           1.08928
##################### ACCEPTABLE SUBNET NUMBER: 65  #########################
           5.86991
 2
 5
28
 0
         -0.300043
         -0.259849
         -0.123761
          0.378085
          -0.69781
##################### ACCEPTABLE SUBNET NUMBER: 66  #########################
           5.54271
 1
 5
 0
         -0.392771
         -0.377643
          -0.13298
          0.332069
##################### ACCEPTABLE SUBNET NUMBER: 67  #########################
           5.72172
 4
 5
19
22
36
 0
         -0.412595
         -0.363463
         -0.488889
          0.384592
            0.4217
          0.225647
         -0.485747
##################### ACCEPTABLE SUBNET NUMBER: 68  #########################
           1.82176
 2
 1
17
 3
13
50
 8
         0.0597704
        -0.0271156
         -0.119975
          0.640504
          -1.06326
         -0.654039
         -0.170635
           0.43322
##################### ACCEPTABLE SUBNET NUMBER: 69  #########################
           2.41981
 2
 1
23
 0
         -0.292562
         -0.457241
          -0.17893
          0.441271
          -0.54801
##################### ACCEPTABLE SUBNET NUMBER: 70  #########################
           4.84097
 7
30
21
35
46
45
44
19
 1
34
        -0.0688121
         -0.566121
         0.0991029
          0.245159
         -0.934361
        -0.0976729
         -0.164123
         -0.999452
          -1.05407
        -0.0102768
            0.6185
##################### ACCEPTABLE SUBNET NUMBER: 71  #########################
           2.52871
 5
 1
10
11
12
33
 0
         -0.363254
         -0.502935
         -0.184333
           0.47985
         -0.217239
         -0.372333
         -0.273705
         -0.452589
##################### ACCEPTABLE SUBNET NUMBER: 72  #########################
           5.40644
 8
 2
 5
17
16
10
45
 1
23
 0
         -0.354829
         -0.779035
         -0.624848
         -0.636011
         0.0202014
          -1.04624
          -1.07411
         -0.206868
          -1.18466
         -0.197217
          -1.10078
##################### ACCEPTABLE SUBNET NUMBER: 73  #########################
           4.26833
 1
47
 1
31
        -0.0417702
         -0.502971
          -1.04234
        -0.0417727
         -0.439766
##################### ACCEPTABLE SUBNET NUMBER: 74  #########################
           2.41324
 9
30
36
35
 3
 1
 2
17
18
46
 0
         -0.291589
         -0.450245
         -0.185298
         -0.165977
          -1.15958
          -0.52011
         -0.931993
          0.447285
         -0.383977
         -0.808524
         -0.955588
         -0.396295
##################### ACCEPTABLE SUBNET NUMBER: 75  #########################
           4.59918
 2
 5
23
 1
50
         -0.193515
         -0.549153
         -0.246298
         0.0421111
         -0.813097
        -0.0708621
##################### ACCEPTABLE SUBNET NUMBER: 76  #########################
           3.55199
 6
47
39
38
36
 1
12
 0
         -0.021017
         -0.527512
         -0.655097
        -0.0704801
         -0.792323
          -1.48168
          -1.07789
         -0.107721
         -0.702286
##################### ACCEPTABLE SUBNET NUMBER: 77  #########################
           5.41212
 1
38
 0
          0.134965
         -0.542346
         -0.671482
         -0.113538
##################### ACCEPTABLE SUBNET NUMBER: 78  #########################
           1.47859
 8
22
11
 9
39
21
19
40
38
 2
34
20
          0.183889
          -0.18815
         -0.242085
         -0.252558
          0.183677
         0.0392046
          -1.67398
         -0.419848
          0.172286
         -0.484772
          -0.47618
         -0.738683
          0.422601
##################### ACCEPTABLE SUBNET NUMBER: 79  #########################
           4.44821
 4
11
 3
 5
40
 1
13
         -0.320461
         -0.574653
         -0.225925
          0.114514
          -0.67492
          -0.67492
          -1.27952
        -0.0111338
##################### ACCEPTABLE SUBNET NUMBER: 80  #########################
           4.56356
12
39
37
36
 5
18
17
19
 1
 3
45
35
21
 1
34
         -0.213596
         -0.514427
        -0.0336296
          0.861392
          0.844418
           -1.3937
          0.456193
         -0.942483
         -0.960305
          0.287782
          -0.96122
        -0.0122604
         -0.353189
         -0.389216
         0.0455032
           1.23837
##################### ACCEPTABLE SUBNET NUMBER: 81  #########################
             2.437
 8
30
 2
 3
46
 1
17
16
 9
 0
         -0.297098
         -0.443049
         -0.165672
         -0.271109
          -1.29462
          -1.50646
          -0.61298
          0.451441
         -0.735963
          -1.11183
         -0.209789
##################### ACCEPTABLE SUBNET NUMBER: 82  #########################
           5.92464
 3
40
21
36
 1
20
          0.261226
         -0.526833
         -0.459041
         -0.100932
         -0.170572
          -1.27268
          0.144478
##################### ACCEPTABLE SUBNET NUMBER: 83  #########################
            4.7975
 6
32
 1
10
36
 2
30
 5
 7
20
13
15
34
          0.536711
          0.536293
          0.349434
          0.990733
           1.08082
         0.0761227
          -2.31292
         -0.284163
          -1.37022
           1.39195
         0.0723631
         -0.446976
          0.640258
           -0.7312
##################### ACCEPTABLE SUBNET NUMBER: 84  #########################
           4.72732
 9
12
10
40
27
44
 2
 3
14
 1
 1
13
          0.261836
          0.209349
         -0.164412
            0.5202
         0.0272267
          -1.71057
          -1.17352
          -1.14833
         -0.952015
         0.0242792
           -1.9185
         -0.917063
          0.439281
##################### ACCEPTABLE SUBNET NUMBER: 85  #########################
           5.72798
 5
40
 3
33
32
 9
 1
34
         -0.424324
         -0.660751
          0.795868
          0.792612
          -0.31284
         -0.155287
          0.338537
         -0.174715
            1.2231
##################### ACCEPTABLE SUBNET NUMBER: 86  #########################
           2.97606
 8
 1
14
18
 5
29
43
41
35
 2
20
42
          0.341978
        -0.0243519
         -0.257705
          0.303823
          0.484696
          -0.11216
          0.266161
          -1.18344
          -0.46668
         -0.476022
          -1.08419
          0.632919
          -1.07574
##################### ACCEPTABLE SUBNET NUMBER: 87  #########################
           5.74616
 2
18
19
 2
34
20
          0.388603
         -0.608058
          0.353032
         -0.441696
         -0.331353
           0.98796
         -0.331111
##################### ACCEPTABLE SUBNET NUMBER: 88  #########################
           2.31062
 4
 1
33
32
17
 1
15
           -0.2536
         -0.408007
         -0.170971
          0.461877
          -0.49221
         -0.539533
          -1.47839
         -0.119129
##################### ACCEPTABLE SUBNET NUMBER: 89  #########################
           2.43344
 6
44
 1
 3
 5
18
19
 0
         -0.303113
         -0.447814
         -0.167515
         -0.657079
          0.461089
          -0.59153
         -0.564589
          -1.17202
          -1.89641
##################### ACCEPTABLE SUBNET NUMBER: 90  #########################
           5.67743
12
 5
47
 3
38
19
40
41
39
37
16
 2
 1
 0
         -0.658742
         -0.673026
         -0.395504
        -0.0690171
         -0.123216
          0.574088
          -1.46131
         -0.991158
         -0.844004
          -1.96486
         -0.794442
          -1.86881
         -0.455833
          -0.78586
          0.533095
##################### ACCEPTABLE SUBNET NUMBER: 91  #########################
           4.22277
20
19
10
 9
45
 1
12
24
48
21
18
43
35
29
14
47
40
28
 3
 5
46
 4
 7
20
34
13
           1.39919
           1.26219
           1.37316
           1.50973
          0.187932
           1.58618
          0.865537
            1.3825
          0.700353
         -0.394376
          0.411325
          0.317896
        -0.0482077
          0.031383
          -0.48038
          0.748947
         -0.832843
        -0.0417032
          0.589147
           0.74371
          0.501222
          0.394627
          0.350507
           1.81397
           1.67519
           1.46996
         0.0821064
##################### ACCEPTABLE SUBNET NUMBER: 92  #########################
           5.32979
14
37
35
44
11
18
 1
21
41
14
36
29
46
23
 2
 3
34
20
 8
          0.233922
          0.268352
         -0.250349
          -1.54234
          -1.18393
          0.123149
          0.394207
          -0.46421
          0.676968
         -0.845327
          -0.79268
         -0.188812
         -0.485194
         -0.276459
         -0.738197
         -0.368509
        -0.0825722
          -1.02046
        -0.0790215
          0.409352
##################### ACCEPTABLE SUBNET NUMBER: 93  #########################
           5.92219
16
 9
45
 2
27
37
35
33
23
21
 5
16
 3
 1
29
28
24
 2
34
 6
          -0.64869
         -0.638544
         -0.330408
          0.394203
         -0.594388
          0.505487
          0.535476
          0.483828
          0.721431
         -0.262254
          0.378038
          0.445598
          0.580444
           -1.3993
          -1.59915
         -0.541476
          0.437219
          -1.04638
           -1.4354
          0.741006
          -1.58553
##################### ACCEPTABLE SUBNET NUMBER: 94  #########################
           5.23409
 2
48
11
 0
          -0.44611
         -0.625111
         -0.213722
          -1.66332
          0.127464
##################### ACCEPTABLE SUBNET NUMBER: 95  #########################
           5.02073
 5
11
37
36
35
38
 1
34
         -0.464349
         -0.713267
         -0.254872
         0.0935785
          -1.16781
           -1.1206
          -1.23215
          -1.12068
          -1.23215
##################### ACCEPTABLE SUBNET NUMBER: 96  #########################
           5.03899
 3
 5
39
21
 1
50
          -0.35835
         -0.519173
         -0.193622
          0.129161
          -2.77192
         -0.230439
         -0.216666
##################### ACCEPTABLE SUBNET NUMBER: 97  #########################
           4.60435
 5
33
19
38
30
18
 1
34
         -0.226772
         -0.600296
         0.0535973
         -0.671262
         0.0348625
        -0.0325419
          0.362823
         -0.292572
          0.570227
##################### ACCEPTABLE SUBNET NUMBER: 98  #########################
           4.39423
 7
 1
10
21
38
30
 5
12
 3
 7
20
34
          0.622546
          0.602726
          0.448162
          0.869051
          -1.15505
         -0.750752
          -1.00076
        -0.0723915
          0.182665
          -1.37606
          0.869239
          0.690688
          0.201546
##################### ACCEPTABLE SUBNET NUMBER: 99  #########################
           4.87139
21
10
 9
12
14
37
38
21
35
32
33
29
 3
23
44
43
40
19
18
 5
16
 1
 2
34
13
         -0.313419
         -0.521328
         -0.736185
        -0.0285933
          0.201028
         -0.731945
          0.129971
          0.237915
         -0.122454
         -0.327261
          0.904397
         -0.604595
         -0.554349
         -0.106499
         -0.440784
          -1.28191
           -1.1536
         -0.872285
          -1.71651
         -0.400329
          0.525339
         -0.252882
          0.178344
          0.851777
          0.971654
          0.872851
##################### ACCEPTABLE SUBNET NUMBER: 100  #########################
           1.42784
 8
24
10
16
32
14
35
45
47
 4
26
20
34
31
           1.12306
          0.481929
           1.02368
          0.947795
           1.09285
            1.1541
          0.299596
         0.0135011
         -0.402268
          0.468472
          0.890585
           1.39332
           1.37553
          0.597688
          0.248113
----------Number of Acceptable Subnets found: 100 -----------
----------END FOR GENE 25 -----------
--------START FOR GENE 26 -----------
 Values arranged as error, n_ka, gene ids for ka, n_kd, gene ids for kd,
 r0, d, ea, ka_values, kd_values for each subnet. 
##################### ACCEPTABLE SUBNET NUMBER: 1  #########################
           1.45917
 3
35
13
22
 6
21
36
27
28
31
40
          0.365729
          0.128618
           1.07134
          0.650418
         -0.959443
          -1.27163
          0.434188
         -0.270919
          0.506803
           1.49474
          0.211451
         -0.238735
##################### ACCEPTABLE SUBNET NUMBER: 2  #########################
           2.69153
 5
22
35
41
23
17
14
31
46
37
29
28
48
47
45
40
 1
33
27
30
44
           2.09587
           1.80314
           1.74618
        -0.0531801
        -0.0429055
          0.197711
          -1.81697
         -0.510638
           1.66197
         0.0950717
          -1.35463
           1.49686
           2.18765
         -0.546749
           1.10442
          -1.45418
          -1.04456
          0.316534
         -0.187865
          -1.18513
          0.857628
          0.153862
##################### ACCEPTABLE SUBNET NUMBER: 3  #########################
            1.5054
 1
15
 2
28
44
          0.468591
          0.173725
          0.271282
        -0.0627165
          0.715409
         -0.205069
##################### ACCEPTABLE SUBNET NUMBER: 4  #########################
           2.44421
 4
13
20
12
15
 5
28
 9
46
42
50
           1.79528
           1.29065
           1.69469
          0.138543
        -0.0124659
         -0.528724
           -1.1701
           2.22325
         -0.518283
           1.04199
         -0.604134
          -1.92517
##################### ACCEPTABLE SUBNET NUMBER: 5  #########################
           2.08955
 4
 5
17
41
10
 5
49
29
48
44
28
          0.782792
          0.559845
          0.150207
          0.214003
            -1.904
         -0.725186
          -1.97186
        -0.0392892
          0.426144
         0.0769059
          0.150609
          0.386282
##################### ACCEPTABLE SUBNET NUMBER: 6  #########################
           2.80461
 7
22
32
18
 6
13
17
20
 9
27
44
37
29
30
38
 9
46
42
          0.683238
          0.717815
           0.64029
           0.98997
           1.32306
           1.37987
        -0.0963021
          -1.19199
         -0.230283
          -0.37187
            1.1531
          0.454175
          0.748644
        -0.0917276
          0.245847
         -0.845893
          -1.63949
         -0.509597
          0.980588
##################### ACCEPTABLE SUBNET NUMBER: 7  #########################
           2.38362
 5
32
11
24
17
23
 4
28
36
48
31
           1.45208
           1.47378
            0.3074
           1.80703
           1.47181
          0.278239
          -0.52173
         -0.891807
           1.86555
          0.278685
          -1.39001
         -0.316382
##################### ACCEPTABLE SUBNET NUMBER: 8  #########################
           1.77395
 0
 1
28
          0.940561
          0.587278
          0.552048
           1.02412
##################### ACCEPTABLE SUBNET NUMBER: 9  #########################
           1.69137
 0
 3
28
27
29
          0.872894
          0.506799
           2.78688
           3.26517
         0.0466132
         -0.268823
##################### ACCEPTABLE SUBNET NUMBER: 10  #########################
            1.6031
 0
 2
28
44
          0.726611
          0.402692
          0.636582
           1.09811
         -0.955016
##################### ACCEPTABLE SUBNET NUMBER: 11  #########################
           2.88583
 0
 7
29
 9
42
34
33
48
45
          0.509882
          0.481626
           1.05519
           1.17883
          0.536089
          0.893625
          0.926848
          0.465817
          0.712044
          -2.25116
##################### ACCEPTABLE SUBNET NUMBER: 12  #########################
           1.61311
 0
 3
29
28
49
          0.725471
          0.399574
          0.212716
           0.16032
          0.661795
         -0.892099
##################### ACCEPTABLE SUBNET NUMBER: 13  #########################
           1.42561
 1
13
 2
28
46
          0.563612
           0.17258
          0.335528
         -0.527923
           0.80312
          0.278057
##################### ACCEPTABLE SUBNET NUMBER: 14  #########################
           2.38241
 2
10
23
 4
44
29
28
49
           1.94898
           1.61191
             1.794
          -0.26269
          -1.14051
            1.9449
           1.43824
           2.23226
          0.472222
##################### ACCEPTABLE SUBNET NUMBER: 15  #########################
           2.40922
 3
32
 6
 2
 4
36
48
40
27
          0.672683
          0.694761
        -0.0433985
          0.651303
          0.373923
         -0.966891
          0.406673
           0.30376
         -0.480538
           -0.2849
##################### ACCEPTABLE SUBNET NUMBER: 16  #########################
           1.51102
 9
 4
24
22
20
15
32
13
43
 6
 9
33
38
 9
28
29
49
40
37
16
          0.557682
          0.258689
           0.44491
           -0.5837
          0.240847
         -0.513122
          -1.00212
         -0.331144
         -0.695988
           -1.7382
         -0.352084
         -0.217006
         -0.729198
          -1.10806
         -0.437482
          0.896712
         -0.100468
         -0.175101
          -0.56236
         -0.379992
          -1.77294
##################### ACCEPTABLE SUBNET NUMBER: 17  #########################
           2.67708
 4
11
10
32
20
13
29
39
46
38
42
49
30
47
40
36
48
33
37
           1.84888
            1.4734
           1.56121
           1.44934
           1.30777
          0.238301
         -0.813475
           1.82574
            1.6443
           1.50306
         -0.520299
          0.690412
         -0.418312
          0.259104
          -0.36845
         -0.439553
           -1.5033
          -1.19011
         -0.793804
         -0.488099
##################### ACCEPTABLE SUBNET NUMBER: 18  #########################
           2.61142
 1
41
 5
27
34
28
50
42
           1.03005
          0.960462
          0.577376
          0.389943
          0.670385
          0.422468
          -1.60412
          0.641457
         -0.451717
##################### ACCEPTABLE SUBNET NUMBER: 19  #########################
           2.32939
 0
 2
28
46
          0.217081
         -0.291863
        -0.0377165
          0.400773
          -1.10407
##################### ACCEPTABLE SUBNET NUMBER: 20  #########################
           2.20289
 5
22
43
 4
 5
13
 3
29
31
27
          0.996687
          0.790949
          0.434144
          0.611909
          -1.21718
         -0.878609
        -0.0937519
          0.547984
          0.833714
          0.490132
          0.523301
##################### ACCEPTABLE SUBNET NUMBER: 21  #########################
           2.23369
 3
24
15
 2
 6
28
39
37
42
29
33
           1.67888
           1.15755
          0.105349
         -0.205429
         -0.949918
         -0.593469
          0.618404
         -0.717424
          0.125185
          -1.35139
         -0.846274
         -0.332585
##################### ACCEPTABLE SUBNET NUMBER: 22  #########################
           2.77543
 3
24
11
41
11
29
45
27
34
48
47
30
49
36
33
31
          0.546547
          0.511708
          0.347624
          0.159636
          0.432282
         -0.803928
          0.594832
          -1.22744
         -0.562619
         0.0521896
         -0.881232
           -1.2532
          0.186624
         -0.546623
         -0.119676
           -1.8704
         -0.807622
##################### ACCEPTABLE SUBNET NUMBER: 23  #########################
           2.88047
 5
41
 2
15
17
12
 7
36
29
42
39
33
34
21
           1.62842
           1.60635
           1.32114
         -0.551076
           0.17384
          0.492033
          0.348722
          0.633455
           1.33199
           1.40304
          0.125139
           1.02322
         0.0678522
         -0.256864
         -0.405219
##################### ACCEPTABLE SUBNET NUMBER: 24  #########################
           2.86398
 2
32
19
 5
38
36
34
45
39
           0.79066
          0.812865
          0.692715
           1.09836
         -0.300497
         -0.136016
          0.818783
          0.927022
         -0.529985
         -0.869947
##################### ACCEPTABLE SUBNET NUMBER: 25  #########################
           1.63214
 1
24
 1
28
          0.184694
        -0.0587031
          0.214029
         -0.726013
          0.622099
##################### ACCEPTABLE SUBNET NUMBER: 26  #########################
           1.47864
 2
24
22
 1
28
          0.122784
         -0.179204
          0.253257
           0.18966
          0.126137
          0.705358
##################### ACCEPTABLE SUBNET NUMBER: 27  #########################
           2.94646
 5
11
22
20
32
15
 8
16
34
27
38
37
31
28
29
           1.40113
           1.38073
           1.34784
         0.0218817
         -0.104022
        0.00924698
         0.0327138
          -1.88148
          0.691917
           1.24374
           1.46544
        -0.0396669
          0.739773
          -1.42034
           1.34665
          0.791308
##################### ACCEPTABLE SUBNET NUMBER: 28  #########################
           2.83256
 2
24
 6
 8
36
29
42
39
34
27
38
47
           1.60768
           1.58276
           1.50852
          0.896786
           1.43498
           1.56914
           1.60726
          0.039941
         -0.617002
          0.500611
         -0.321265
         -0.099498
          0.612299
##################### ACCEPTABLE SUBNET NUMBER: 29  #########################
           2.11077
 5
10
11
23
13
24
12
29
31
50
46
34
 9
37
39
48
33
47
28
           1.93124
           1.78734
           1.61966
          0.618288
         -0.479088
           1.37685
          0.863618
         -0.772595
          0.284759
           1.61181
            1.7653
           0.30651
          0.493915
           1.69129
          0.595175
          0.788663
           1.24383
         -0.541568
         -0.836202
         -0.436049
##################### ACCEPTABLE SUBNET NUMBER: 30  #########################
            1.5165
 0
 2
28
39
          0.388442
         0.0750913
          0.145054
              0.58
         -0.615838
##################### ACCEPTABLE SUBNET NUMBER: 31  #########################
           2.88522
 1
 4
16
28
29
27
30
39
31
21
46
16
38
49
36
40
45
 1
37
           1.79581
           1.79391
           1.65107
          0.287544
           1.50932
           1.76607
           1.01281
           1.57655
            1.3533
         -0.585949
          0.530621
         -0.537745
          -1.46716
          -1.07982
         -0.482346
          0.386664
          0.387975
          -1.54723
         -0.938476
          -1.10396
##################### ACCEPTABLE SUBNET NUMBER: 32  #########################
           1.48665
 2
24
15
 3
28
46
31
            0.3275
         0.0912856
          0.580586
          -0.44111
         -0.733149
          0.998446
          0.293298
         -0.730868
##################### ACCEPTABLE SUBNET NUMBER: 33  #########################
           2.18686
 3
 4
20
22
10
29
30
45
39
37
16
40
50
33
31
           1.08236
          0.922869
          0.682309
          0.875618
         0.0552218
         -0.190072
           1.05208
          0.190624
         -0.898617
          -1.47628
         -0.201583
          0.488738
         -0.278953
         0.0433137
        -0.0194029
         -0.910004
##################### ACCEPTABLE SUBNET NUMBER: 34  #########################
           2.29176
 0
 3
37
28
46
           1.58799
           1.28124
          0.844404
          0.850467
           1.28842
          0.151402
##################### ACCEPTABLE SUBNET NUMBER: 35  #########################
           2.11988
 6
11
15
13
 6
17
24
14
29
40
33
49
34
39
45
47
42
48
37
50
38
46
           0.66007
          0.496493
          0.580231
          0.755328
         -0.665531
          -0.53622
          0.558751
         -0.997199
          0.128274
          0.932556
          0.679828
         0.0692736
          -0.65713
         -0.219388
         -0.434641
         -0.585035
         -0.322176
         -0.375577
          0.264079
        -0.0270757
         -0.403968
         -0.797613
          -1.73211
##################### ACCEPTABLE SUBNET NUMBER: 36  #########################
           2.87936
 6
12
35
 6
22
24
 3
 9
36
34
39
42
47
40
29
33
30
           1.61917
           1.60242
            1.3864
          0.392144
          0.853972
         -0.981837
         -0.064706
          -1.24616
           1.24768
           1.40934
          0.601714
         -0.773812
         -0.286464
         -0.938118
          -1.43845
           1.50092
          -2.21356
         -0.650326
##################### ACCEPTABLE SUBNET NUMBER: 37  #########################
           1.45929
 3
15
41
24
 1
28
          0.430332
         0.0327762
          0.110253
        -0.0758338
         -0.771112
         -0.874834
          0.583647
##################### ACCEPTABLE SUBNET NUMBER: 38  #########################
           1.69164
 1
 6
 4
28
 8
16
49
          0.849853
           0.50167
          0.927629
           0.19788
           1.39832
         -0.243084
          0.328051
        -0.0113274
##################### ACCEPTABLE SUBNET NUMBER: 39  #########################
           1.61917
 2
17
43
 4
38
21
28
14
          0.739177
          0.377445
          0.369666
         -0.882664
         -0.919225
         -0.833941
         -0.532699
          0.844905
          -0.50267
##################### ACCEPTABLE SUBNET NUMBER: 40  #########################
           2.89761
 2
25
10
10
27
28
45
37
42
33
31
38
14
40
          0.703675
           0.63987
          0.231888
          0.292776
         0.0545493
          0.251468
          0.247853
          0.324542
         -0.488768
          -2.25449
          -1.32937
         -0.606042
          -1.42028
           -1.9073
        0.00108531
##################### ACCEPTABLE SUBNET NUMBER: 41  #########################
           2.98771
 0
 2
29
21
          0.988628
          0.997613
          0.459757
           0.56813
          0.376035
##################### ACCEPTABLE SUBNET NUMBER: 42  #########################
           2.51748
 1
13
 5
29
 7
16
34
36
          0.684238
          0.585803
          0.872263
           1.01377
           1.17733
          0.634376
          0.692581
         -0.355557
          -1.00009
##################### ACCEPTABLE SUBNET NUMBER: 43  #########################
           1.67865
 0
 1
28
           0.85025
          0.470893
           1.02162
            1.5051
##################### ACCEPTABLE SUBNET NUMBER: 44  #########################
           2.26351
 4
22
32
10
41
 9
29
30
34
40
37
16
48
33
47
           1.74721
           1.64949
           1.16651
           1.34956
          -1.23671
            1.2954
          0.871798
           1.50995
           1.22364
         -0.675091
         -0.841352
          0.870255
          0.262139
          0.118393
         -0.368586
          -1.46713
##################### ACCEPTABLE SUBNET NUMBER: 45  #########################
           1.55239
 1
 6
 3
28
 7
 9
          0.716344
          0.317371
          0.134934
          -1.76508
          0.609388
         -0.264437
          -1.80595
##################### ACCEPTABLE SUBNET NUMBER: 46  #########################
           2.32167
 2
32
23
 4
28
 7
27
39
           1.39359
            1.3836
          0.337135
          0.544928
          -1.28249
          0.725588
         -0.019614
         -0.268685
          -2.35211
##################### ACCEPTABLE SUBNET NUMBER: 47  #########################
           1.51594
 0
 1
28
          0.343154
          0.101158
          0.279614
          0.696234
##################### ACCEPTABLE SUBNET NUMBER: 48  #########################
           2.50154
 3
11
 5
13
12
36
37
34
28
27
45
39
29
30
 8
46
33
           1.87921
           1.63789
           1.52928
          0.606173
          0.366754
           -2.0996
           1.09975
          0.625401
          0.727861
           1.94065
           1.58758
        -0.0545209
          -1.91171
         0.0185792
         -0.183232
          0.370478
           1.10259
         -0.518426
##################### ACCEPTABLE SUBNET NUMBER: 49  #########################
           1.58028
 1
 6
 3
28
46
29
            1.2038
          0.623537
           1.08061
          0.636564
           1.61034
           1.10603
         -0.994425
##################### ACCEPTABLE SUBNET NUMBER: 50  #########################
           2.59748
 0
 2
28
 7
          0.135399
         -0.322104
        -0.0260291
          0.381921
         -0.612019
##################### ACCEPTABLE SUBNET NUMBER: 51  #########################
            2.9171
 4
32
18
15
17
11
40
30
33
28
34
48
49
38
31
29
44
           1.27495
           1.28656
          0.774663
            1.1168
          0.617857
          0.349382
         -0.477885
          0.877379
          0.373027
           0.70928
          0.689592
          0.947263
          0.421288
          -1.76375
          0.176186
         -0.161338
         -0.883948
          -1.27267
##################### ACCEPTABLE SUBNET NUMBER: 52  #########################
           2.85658
 3
 6
 2
24
 8
37
33
45
36
40
27
29
47
           1.61864
           1.55254
           1.69904
          0.914575
          0.349107
         -0.564736
           1.73652
           1.59804
             1.048
         -0.218807
         -0.436543
          0.802028
           1.78236
         -0.545468
##################### ACCEPTABLE SUBNET NUMBER: 53  #########################
           2.49447
 5
 6
22
43
13
17
 8
29
28
31
 8
36
33
16
44
          0.188287
          0.136835
          0.322114
          0.514148
          -0.18906
         -0.105429
         -0.483967
           -1.3401
          0.588534
          0.351595
          -2.61471
         -0.516948
         -0.511329
         -0.464943
         -0.386379
         -0.381089
##################### ACCEPTABLE SUBNET NUMBER: 54  #########################
           2.45298
 4
13
 2
24
10
 9
27
36
29
30
 1
49
44
28
33
           1.86517
           1.77614
           1.61867
           1.78939
          0.661314
          0.147041
         -0.643685
          0.774046
         -0.547531
           1.94819
            1.4859
         -0.716033
         -0.837475
         -0.487906
          -1.29991
          0.412763
##################### ACCEPTABLE SUBNET NUMBER: 55  #########################
           1.58208
 0
 4
28
44
39
34
          0.691984
           0.37536
           1.27404
           1.73281
         -0.445651
         -0.655062
          0.524129
##################### ACCEPTABLE SUBNET NUMBER: 56  #########################
           2.48332
 5
23
 2
32
13
20
12
29
33
39
31
47
48
40
16
36
 9
30
27
           1.05836
          0.933801
          0.473227
          0.623956
          -0.48337
          -1.13451
         -0.990938
          -0.98389
          0.806786
          0.248203
          0.195689
          -1.25948
          -0.64172
         -0.145581
          0.293475
         0.0292946
          -2.45795
          0.430469
        -0.0745325
         -0.625698
##################### ACCEPTABLE SUBNET NUMBER: 57  #########################
           2.16872
 1
22
 2
28
21
           1.39479
          0.944133
          0.818246
          -1.36475
           1.32701
          -1.17622
##################### ACCEPTABLE SUBNET NUMBER: 58  #########################
           1.68811
 0
 1
28
          0.875991
           0.49855
          0.482868
          0.965083
##################### ACCEPTABLE SUBNET NUMBER: 59  #########################
           2.96893
 5
 6
10
11
43
22
10
45
 7
 8
 9
28
29
44
42
38
21
          0.303016
          -2.21389
          0.193606
          0.705961
        0.00557578
          0.120376
         -0.275321
          -1.43378
          0.939162
           1.08186
         -0.341369
         -0.323175
         -0.829809
          -0.84548
          -2.04621
        -0.0842819
          0.461076
          -1.43378
##################### ACCEPTABLE SUBNET NUMBER: 60  #########################
           2.41985
 4
41
 6
24
 4
 5
37
34
45
29
27
           1.53703
           1.51074
         -0.898109
           1.16234
          0.951709
          -0.23044
         -0.382609
           1.03869
          0.959735
          0.109375
          0.312414
          0.596593
##################### ACCEPTABLE SUBNET NUMBER: 61  #########################
           2.64032
 7
41
22
 6
10
32
11
 4
13
29
27
34
38
49
30
48
47
37
44
42
40
21
          0.396397
          0.393234
         -0.636612
           1.38282
          -2.56107
          0.494949
          0.934788
        0.00443512
         -0.711897
         -0.495582
           1.19464
          -1.99126
           1.19481
         -0.664388
          -1.65914
          -0.14661
          0.584956
         -0.833609
          0.646571
         -0.135651
          -2.05058
          -1.45696
         -0.657135
##################### ACCEPTABLE SUBNET NUMBER: 62  #########################
           1.65704
 1
18
 2
28
39
          0.820679
          0.460226
          0.511716
          -1.41782
          0.987198
        -0.0461347
##################### ACCEPTABLE SUBNET NUMBER: 63  #########################
            2.6979
 3
41
32
15
 3
27
28
40
          0.853017
          0.863004
          -1.53225
           0.38836
          0.380102
         -0.629545
         -0.114615
           0.44834
         -0.568445
##################### ACCEPTABLE SUBNET NUMBER: 64  #########################
           2.87906
 6
15
 6
22
12
35
13
10
27
34
28
46
29
50
49
38
48
33
           1.95557
           1.93869
           1.86261
          0.914443
           1.54109
          0.992862
           0.52871
          -1.01249
          0.207486
            1.9857
           1.75757
            1.7145
         -0.571798
           1.56388
          0.557005
          0.130889
           1.09823
         0.0650482
           -0.4113
##################### ACCEPTABLE SUBNET NUMBER: 65  #########################
           1.50916
 1
22
 4
28
46
16
30
           1.23729
          0.198251
         -0.178095
          -1.06915
          0.448441
         -0.642005
          -1.07369
          -1.56439
##################### ACCEPTABLE SUBNET NUMBER: 66  #########################
           1.50841
 4
 2
15
20
18
 1
28
          0.535925
           0.23766
          0.291931
         -0.191793
         -0.212658
         -0.832795
        0.00877143
          0.737735
##################### ACCEPTABLE SUBNET NUMBER: 67  #########################
           2.57059
 8
43
24
11
 6
35
23
17
19
 6
28
29
42
 9
48
47
          0.629938
          0.521878
           1.71396
           1.92064
          0.893431
          0.862245
         -0.148329
           1.55511
        -0.0766522
          -1.42936
          -0.23417
            2.0415
           2.01324
          0.125353
         -0.646754
           1.15998
         0.0951403
##################### ACCEPTABLE SUBNET NUMBER: 68  #########################
           1.91553
 2
11
17
 6
37
28
21
29
49
39
           1.12785
          0.731256
          0.791071
         -0.304928
         -0.807285
         -0.756883
           1.27971
          0.219231
          0.690698
        -0.0232855
         -0.750813
##################### ACCEPTABLE SUBNET NUMBER: 69  #########################
           2.36059
 2
32
41
12
42
28
37
44
16
21
30
27
39
38
36
31
          0.833364
          0.848614
           1.14794
           1.42922
         0.0428085
       -0.00188689
           1.53204
          -0.56613
          0.553721
          -1.14709
          0.246968
         -0.194817
           -1.9161
          -1.08592
        -0.0493695
         -0.226523
          -1.35938
##################### ACCEPTABLE SUBNET NUMBER: 70  #########################
           1.61226
 0
 1
28
          0.812811
          0.416936
          0.193109
          0.673226
##################### ACCEPTABLE SUBNET NUMBER: 71  #########################
           3.63527
 0
10
44
40
34
48
45
39
30
49
 7
33
           1.64894
           1.55481
           1.61801
           1.79194
          0.468304
          -0.31617
          -0.40844
           1.15837
         -0.348205
           1.48354
         -0.518521
          0.558972
           1.30533
##################### ACCEPTABLE SUBNET NUMBER: 72  #########################
           2.54884
 3
 5
 6
41
 7
14
48
30
34
33
42
46
          0.878361
           0.87106
           0.60437
          0.199471
          -1.09233
         -0.689791
          0.806041
         -0.721234
         -0.525619
          0.510356
         -0.876956
         -0.474955
          -1.07314
##################### ACCEPTABLE SUBNET NUMBER: 73  #########################
           4.78216
 0
 3
36
37
27
          0.933425
          0.913896
           1.07203
           1.15755
         -0.179981
         0.0411988
##################### ACCEPTABLE SUBNET NUMBER: 74  #########################
           1.95007
 0
 2
28
36
           1.20008
          0.705388
          0.277835
           0.79967
          -1.33531
##################### ACCEPTABLE SUBNET NUMBER: 75  #########################
           3.97632
 2
41
11
10
40
28
44
34
29
39
33
37
31
49
          0.643815
          0.548627
          0.334736
         0.0566358
          -1.64299
          0.255291
           -1.7787
           0.47219
         -0.216342
          0.124084
         -0.153893
        -0.0510092
          -1.04552
          -1.40395
            -1.784
##################### ACCEPTABLE SUBNET NUMBER: 76  #########################
           2.93856
 4
41
 6
 5
13
11
16
29
28
49
30
39
42
44
36
45
27
          0.447903
          0.421449
          0.905988
          0.181248
          0.517703
          -1.73783
          0.940725
          0.651041
           1.10614
          0.611336
         -0.401457
          0.732464
           0.10797
         0.0795627
          0.085475
         -0.195449
           0.40236
          0.336002
##################### ACCEPTABLE SUBNET NUMBER: 77  #########################
            3.3524
 1
11
 7
31
33
29
42
44
46
37
           1.85548
           1.73647
           1.15558
        -0.0236174
           1.10117
           1.00092
          -1.01629
         0.0264249
           1.31736
          -1.02924
         -0.811517
##################### ACCEPTABLE SUBNET NUMBER: 78  #########################
            5.8865
 4
22
25
35
32
 6
21
31
36
34
44
30
         -0.390241
          -1.24104
         -0.241898
          -0.85566
        -0.0942197
         -0.207189
         -0.417528
          -1.33117
         -0.828132
         -0.185717
          -1.37349
         -0.322518
          -1.74708
##################### ACCEPTABLE SUBNET NUMBER: 79  #########################
           1.55344
 0
 2
28
30
          0.671693
          0.324305
           0.21584
          0.677968
          -1.12171
##################### ACCEPTABLE SUBNET NUMBER: 80  #########################
           5.66493
 4
 5
25
17
20
11
38
28
39
42
 7
29
49
48
47
21
27
         -0.739104
         -0.932227
          -0.67016
          0.303623
            1.6874
         -0.235737
       -0.00124324
           1.24072
         -0.395221
        -0.0301818
         -0.829009
          0.328892
           1.06343
           1.29965
          0.356955
           1.21522
          0.390934
          0.858637
##################### ACCEPTABLE SUBNET NUMBER: 81  #########################
           3.66106
 2
19
15
 9
 9
44
36
33
37
46
27
42
40
           1.10767
           1.01279
           1.08705
          0.200099
          -2.26369
           1.23872
           1.25644
         -0.716716
           -0.1091
         -0.529922
         -0.705482
         -0.392173
          -1.56102
          -2.01075
##################### ACCEPTABLE SUBNET NUMBER: 82  #########################
           2.56491
 0
 5
36
49
28
30
38
           2.12734
           1.69554
           1.62974
          0.787767
           1.09341
           2.13179
          0.108628
          0.327285
##################### ACCEPTABLE SUBNET NUMBER: 83  #########################
           3.09286
 3
32
19
23
 2
36
39
          0.557351
          0.595742
          0.150964
          0.685391
          0.119822
          -1.50265
          0.339886
         -0.302847
##################### ACCEPTABLE SUBNET NUMBER: 84  #########################
           3.35045
 2
 4
32
 2
44
33
          0.188307
          0.233773
       -0.00490881
          -0.38127
          0.884766
          0.344211
        -0.0211664
##################### ACCEPTABLE SUBNET NUMBER: 85  #########################
           3.34345
 2
32
24
 5
36
31
29
 1
27
           0.17831
          0.219286
          0.151502
          0.819328
          -2.86487
          -0.88102
          0.244042
          0.182089
         -0.346689
          -2.86596
##################### ACCEPTABLE SUBNET NUMBER: 86  #########################
           3.69768
 0
 4
27
47
29
46
          0.602322
          0.578286
          0.258465
           0.36153
          -2.04826
         -0.704908
          -1.28576
##################### ACCEPTABLE SUBNET NUMBER: 87  #########################
           4.82771
 2
17
 2
 4
31
36
34
28
           1.83093
           1.81567
           1.59244
          0.845201
         -0.695813
           1.64383
          0.153946
            1.4562
         0.0783144
##################### ACCEPTABLE SUBNET NUMBER: 88  #########################
           2.09211
 2
25
22
11
39
45
34
16
37
30
 9
44
36
42
14
          0.918384
          0.839708
          0.555839
          0.873916
         -0.859569
          -1.07383
          0.674973
         -0.207188
          0.553226
         -0.312877
          -1.65642
           1.10812
         -0.863504
         -0.156306
         -0.539808
         -0.603168
##################### ACCEPTABLE SUBNET NUMBER: 89  #########################
           1.50294
 3
 6
17
11
 3
44
28
46
          0.796647
          0.317849
          0.188742
         0.0384465
           -1.7709
          -2.47382
          0.221029
          0.699561
          -1.04706
##################### ACCEPTABLE SUBNET NUMBER: 90  #########################
           2.30562
 2
32
24
 5
14
33
34
27
48
            1.4839
           1.46567
           1.39134
           1.45386
          0.387546
           1.60012
           1.34518
          0.811067
          -1.70802
          0.292273
##################### ACCEPTABLE SUBNET NUMBER: 91  #########################
           2.13133
 0
 3
28
27
29
            1.3507
          0.901148
           1.38929
           1.89799
          0.904822
          0.727634
##################### ACCEPTABLE SUBNET NUMBER: 92  #########################
           3.85535
 5
17
24
22
15
43
 7
49
34
44
40
37
16
38
           1.96763
           1.89668
            1.6621
          0.177911
          -0.48533
           -1.7858
          -2.00951
          -1.29541
           1.62344
           1.59095
           1.24525
         0.0574551
           1.71594
        -0.0831333
         -0.535001
##################### ACCEPTABLE SUBNET NUMBER: 93  #########################
           3.98809
 0
 1
27
           1.85135
           1.89783
           1.46335
           1.53848
##################### ACCEPTABLE SUBNET NUMBER: 94  #########################
           2.60783
 8
20
41
 5
17
10
13
22
11
 9
44
40
31
28
45
36
48
29
30
           2.13775
            1.8826
           1.74924
         0.0953179
          -1.34972
          -2.25017
         -0.278001
         -0.720728
          -1.11858
          0.272387
           1.04377
           1.92082
          -0.49661
         -0.731122
           2.12958
         -0.215297
           1.22455
         -0.822199
         -0.222813
          -2.18774
##################### ACCEPTABLE SUBNET NUMBER: 95  #########################
           3.59385
 4
 6
11
 4
 5
13
44
34
16
30
31
40
28
27
38
33
47
49
36
           1.64558
           1.56513
           1.81283
           1.14774
          0.381908
          0.220589
          -0.72118
           1.96726
           1.01195
          0.962959
           1.46245
           1.72925
          0.425744
           1.78909
          0.551575
          0.109863
          0.415161
         -0.288803
          0.144086
        -0.0378997
##################### ACCEPTABLE SUBNET NUMBER: 96  #########################
           3.74413
 1
 6
 2
28
27
          0.690926
          -2.50701
          -0.80599
         -0.301702
         -0.557389
         -0.586012
##################### ACCEPTABLE SUBNET NUMBER: 97  #########################
           4.86864
 4
12
23
 6
32
 8
45
44
42
37
31
33
38
34
           1.78077
           1.74699
           1.50246
           -1.7227
         -0.342875
         -0.831361
           0.64167
            1.5636
         0.0859919
         -0.206702
         -0.326794
         -0.178446
         -0.297988
          0.457059
         -0.346885
##################### ACCEPTABLE SUBNET NUMBER: 98  #########################
           2.85538
 2
41
12
 8
42
40
 9
34
50
39
46
31
           1.81297
           1.64986
           1.48308
           1.18696
          -1.42268
          0.760127
           1.52528
         -0.057209
           1.21548
           1.62391
          0.501394
          -1.05016
             -2.36
##################### ACCEPTABLE SUBNET NUMBER: 99  #########################
           3.00385
 1
32
 3
31
33
40
           0.75211
          0.759376
          0.283214
          0.868761
          0.405188
          0.645036
         -0.682873
##################### ACCEPTABLE SUBNET NUMBER: 100  #########################
           3.16142
 1
 6
 4
 7
27
30
45
           0.66355
          0.651188
           0.51435
          0.537433
          0.265903
          0.680041
          0.249827
         -0.264668
----------Number of Acceptable Subnets found: 100 -----------
----------END FOR GENE 26 -----------
