File open successful. It contains: 
Finished reading file, will close now.
File x_dt open successful.
Finished reading file x_dt, will close now.
File sd_d open successful.
Finished reading file sd_d, will close now.
--------START FOR GENE 32 -----------
 Values arranged as error, n_ka, gene ids for ka, n_kd, gene ids for kd,
 r0, d, ea, ka_values, kd_values for each subnet. 
##################### ACCEPTABLE SUBNET NUMBER: 1  #########################
           2.52371
 1
 9
 2
44
34
           1.09148
          0.953359
          0.283313
          -1.27052
           0.45245
          0.172841
##################### ACCEPTABLE SUBNET NUMBER: 2  #########################
              1.94
 6
26
24
47
16
30
 8
 6
46
14
50
34
22
36
           1.67954
           1.69321
           1.73191
            1.7616
          0.164227
         -0.277654
         -0.256446
         -0.983495
         -0.987842
          -1.66954
           1.89713
         -0.930875
         -0.828049
         -0.928828
          -0.68804
##################### ACCEPTABLE SUBNET NUMBER: 3  #########################
           2.36646
 4
 8
 6
47
23
11
27
44
34
22
48
15
46
39
35
 7
13
           1.75748
           1.67253
           1.65493
          0.754258
          0.881073
           1.07594
           0.45878
           1.65144
           1.77088
           1.53715
          0.631358
         -0.793755
          0.229804
         -0.409169
          -0.97107
          0.941573
          -1.04604
        -0.0296065
##################### ACCEPTABLE SUBNET NUMBER: 4  #########################
           2.28199
 2
 4
30
 5
44
33
20
42
46
           1.01397
          0.764329
          0.681512
         -0.545875
         -0.474017
          0.892434
          0.649593
          -1.07574
         -0.132724
          0.214838
##################### ACCEPTABLE SUBNET NUMBER: 5  #########################
           1.26489
 1
26
 2
44
37
         0.0295921
          0.053363
         -0.886898
          0.826716
         -0.481815
         -0.706706
##################### ACCEPTABLE SUBNET NUMBER: 6  #########################
           1.04595
 1
26
 2
44
13
         -0.107996
        -0.0911585
          -2.65516
           1.37154
          0.577773
          -1.16641
##################### ACCEPTABLE SUBNET NUMBER: 7  #########################
           2.63664
 1
24
 2
27
44
          0.943968
          0.872847
          0.633636
         -0.892828
          0.505173
          0.765416
##################### ACCEPTABLE SUBNET NUMBER: 8  #########################
          0.748675
 9
26
24
25
17
16
28
 1
21
 5
 5
44
46
37
27
22
          0.575213
          0.575398
        -0.0268882
          0.737394
         -0.435749
         -0.385797
         -0.475259
         -0.494858
         -0.811612
          0.528512
         -0.500936
          -1.17299
          0.394955
           0.46726
          -1.56254
         -0.218305
          -1.16577
##################### ACCEPTABLE SUBNET NUMBER: 9  #########################
           2.54459
10
29
25
31
 3
 2
30
21
 1
 4
49
18
22
34
35
33
43
13
14
15
39
45
46
42
37
40
27
50
48
44
         -0.905196
          -1.74945
         -0.781405
            1.2653
            1.4751
          0.794447
          0.896694
         -0.264772
         -0.502154
         -0.700358
         -0.028391
          0.159618
        -0.0730424
          0.496566
           1.68399
         -0.345281
          0.390366
          -0.28012
          -1.47687
          -1.47687
         -0.267692
         -0.196009
         -0.209651
         -0.644254
          -0.94783
          -1.04178
          -1.23446
         -0.507135
         -0.619121
         0.0128635
         -0.882094
##################### ACCEPTABLE SUBNET NUMBER: 10  #########################
           1.31892
 1
26
 7
45
44
46
43
40
39
48
        -0.0629273
        -0.0435346
          -2.02606
          0.846124
         -0.737487
         -0.661815
          -0.47988
         -0.469751
         -0.770366
         -0.768926
         -0.141745
##################### ACCEPTABLE SUBNET NUMBER: 11  #########################
           2.31369
 9
26
47
38
28
17
16
25
18
 2
 2
44
22
           1.59145
           1.57951
            1.6795
             1.785
           1.29697
         -0.376648
        -0.0517578
         -0.471632
           1.36514
          0.590608
          -1.08176
           -1.5619
           1.81974
          0.637936
##################### ACCEPTABLE SUBNET NUMBER: 12  #########################
           1.26899
 2
26
21
 1
48
          0.028345
         0.0526065
          -1.69414
          0.824695
         -0.816189
         -0.739925
##################### ACCEPTABLE SUBNET NUMBER: 13  #########################
           1.78575
 1
18
 7
 7
14
35
39
46
13
34
           1.01081
          0.974479
           1.43552
          0.126451
         -0.997516
           1.61862
         0.0872681
          -1.53121
         -0.340669
          -1.20338
           1.36976
##################### ACCEPTABLE SUBNET NUMBER: 14  #########################
           1.50162
 7
26
10
25
 5
17
 4
 2
 4
34
20
50
27
           1.33784
           1.26589
           1.02279
          0.531872
          0.210608
          0.420788
         -0.868838
         -0.295905
         -0.714474
         -0.481375
          0.951841
           1.26374
         0.0758409
           0.64181
##################### ACCEPTABLE SUBNET NUMBER: 15  #########################
           2.42742
 4
18
17
26
 1
 5
27
 7
14
42
22
            0.5388
          0.542845
          0.724153
           1.10984
         -0.293135
         -0.748185
        -0.0206804
          0.849623
         0.0859088
         -0.155352
          -2.58109
           -1.8252
##################### ACCEPTABLE SUBNET NUMBER: 16  #########################
           2.24246
 1
25
 7
27
44
42
33
39
 7
50
             1.362
           1.20218
           1.11659
          -2.25437
           1.09584
           1.27464
        -0.0673237
           1.01669
        -0.0244938
         -0.191367
          0.255069
##################### ACCEPTABLE SUBNET NUMBER: 17  #########################
           2.32839
 9
26
16
30
10
19
31
 4
25
38
 2
44
36
           1.95996
           1.95585
           1.89288
            2.0242
         0.0482231
          0.254012
           1.10275
         -0.385794
        0.00322048
          0.468999
         -0.635127
         -0.122231
           2.02754
          0.820189
##################### ACCEPTABLE SUBNET NUMBER: 18  #########################
           1.71489
 1
31
 5
33
14
43
20
15
           1.23408
            1.1561
          0.893235
          -1.05499
          0.790525
           1.08938
         0.0585176
          -0.98921
         -0.606268
##################### ACCEPTABLE SUBNET NUMBER: 19  #########################
           1.61432
 2
31
21
 3
27
39
20
          0.671488
         -0.205828
         -0.112316
          0.176329
          0.110183
          0.422415
         0.0588729
          0.555777
##################### ACCEPTABLE SUBNET NUMBER: 20  #########################
           2.60465
 6
 8
24
38
 1
 2
 5
 3
14
43
 7
         0.0940245
          -1.17344
         -0.285291
          0.177329
         -0.419605
         -0.560562
         -0.185256
         -0.299827
         -0.625504
          0.418033
          -1.78554
         0.0655913
##################### ACCEPTABLE SUBNET NUMBER: 21  #########################
           1.27582
 1
26
 2
36
 7
        0.00696498
         0.0296143
         -0.521845
          0.828639
          -0.98227
        -0.0614192
##################### ACCEPTABLE SUBNET NUMBER: 22  #########################
           1.66413
 6
26
38
 4
24
49
 3
 2
20
34
           1.37075
           1.37747
           1.26341
           1.39169
         -0.532978
         -0.981099
          -0.36435
         -0.924843
          0.195797
           1.48193
          0.298802
##################### ACCEPTABLE SUBNET NUMBER: 23  #########################
           1.74763
 3
24
30
 8
 4
14
33
 7
40
           1.10932
          0.731554
        0.00101509
         -0.428449
         -0.552181
         -0.552302
           0.26658
        -0.0240781
         -0.298633
           -1.1292
##################### ACCEPTABLE SUBNET NUMBER: 24  #########################
           1.09592
 4
26
18
 2
21
 8
44
45
42
35
39
37
43
34
           0.29943
          0.325204
           -0.3571
           0.63182
          0.678979
         -0.174446
          -1.00732
          0.157475
         0.0467004
          -0.14327
        -0.0891543
         -0.129245
         -0.904025
          0.247225
          -2.04496
##################### ACCEPTABLE SUBNET NUMBER: 25  #########################
           2.10376
 2
 5
 1
 2
43
34
          0.414928
         -0.097786
       -0.00689054
         -0.099235
         0.0590907
          0.315091
          -1.89704
##################### ACCEPTABLE SUBNET NUMBER: 26  #########################
           2.31569
 7
26
 4
30
 5
 1
 3
24
10
44
35
34
27
43
36
 7
37
13
22
           1.77595
           1.77273
           1.67393
           1.80991
          0.288076
          0.315035
          0.410488
          0.317517
         -0.934521
        -0.0991389
           1.80502
         -0.431097
           0.89403
        -0.0520254
          -1.24444
           1.39022
            0.3941
         -0.138507
         -0.674175
          -0.30317
##################### ACCEPTABLE SUBNET NUMBER: 27  #########################
           1.68068
 1
16
 4
34
20
33
14
           1.27981
           1.19894
          0.733767
          0.479905
           0.46125
            0.5457
          0.635262
          0.928699
##################### ACCEPTABLE SUBNET NUMBER: 28  #########################
           2.86583
 2
26
 1
 4
44
39
40
43
          0.693347
          0.546459
           0.18793
           -1.3141
         -0.611148
          0.345441
         -0.989058
          -1.00813
          -1.75722
##################### ACCEPTABLE SUBNET NUMBER: 29  #########################
           2.16734
 2
30
26
 7
27
20
36
43
34
14
13
         -0.260642
         -0.279951
         -0.086058
          0.915305
          -1.03627
          0.498368
         -0.744402
       -0.00849728
         -0.159009
          -1.26206
          0.466653
          0.465628
##################### ACCEPTABLE SUBNET NUMBER: 30  #########################
           2.49132
 4
41
21
30
26
 6
44
39
37
13
33
43
           1.45559
           1.38914
           1.30474
           1.33695
         -0.832541
          0.287448
          0.326366
            1.4614
          0.910479
         -0.868678
          0.950011
         -0.454447
          0.961467
##################### ACCEPTABLE SUBNET NUMBER: 31  #########################
           2.32012
10
26
38
 9
18
21
29
10
17
31
47
10
44
22
20
14
39
50
13
 7
46
42
           1.78474
           1.78182
           1.75228
            1.8896
         -0.152885
           -2.1787
          -0.12105
          -1.05496
         -0.368857
          -2.13057
           1.18712
         -0.128615
          0.984956
           1.89108
        -0.0268798
         -0.903553
         -0.597376
           1.23545
          0.757774
         -0.896019
          -1.60391
        -0.0113619
          -0.98188
##################### ACCEPTABLE SUBNET NUMBER: 32  #########################
           1.40486
 1
26
 3
43
15
45
        -0.0306261
       -0.00960084
         -0.384179
           1.02071
         -0.460329
          0.166267
          -0.13374
##################### ACCEPTABLE SUBNET NUMBER: 33  #########################
           1.70186
 3
26
18
 3
 2
20
33
          0.494184
          0.509768
           0.35531
           0.63555
          0.445383
          -1.06449
          0.563323
         -0.262464
##################### ACCEPTABLE SUBNET NUMBER: 34  #########################
           2.42113
 7
30
24
 9
16
 1
 2
21
11
27
34
48
33
15
50
43
20
45
 7
13
           1.30026
           1.26018
            1.8359
         -0.530117
          0.902536
           1.98327
         -0.139742
           1.67631
         -0.371752
          0.652436
           1.95282
           1.74922
             1.315
          0.985595
          0.200507
         -0.542509
          -2.21024
          -1.09525
          -1.26417
          -1.48636
          -1.68689
##################### ACCEPTABLE SUBNET NUMBER: 35  #########################
            1.3389
 5
26
 4
 6
 8
24
 9
44
 7
43
46
34
33
22
45
15
          0.401892
          0.399095
        -0.0407284
          0.610631
          -1.01722
          0.353178
          -1.12454
          -1.85316
          0.386996
         -0.454436
          -1.31845
          0.184975
          0.403673
          -1.74984
         -0.506935
         -0.353163
         -0.668843
##################### ACCEPTABLE SUBNET NUMBER: 36  #########################
           1.15205
 1
26
 1
27
        -0.0239855
        -0.0013591
         -0.273426
           1.16188
          0.347945
##################### ACCEPTABLE SUBNET NUMBER: 37  #########################
           1.26782
 1
26
 1
14
        -0.0105478
         0.0125847
          -1.58849
          0.833188
         -0.843651
##################### ACCEPTABLE SUBNET NUMBER: 38  #########################
            2.2896
 6
26
16
 5
 8
 1
23
 8
44
50
48
13
36
20
35
46
           1.88982
           1.87883
           1.79181
           1.89753
          0.248423
           1.24159
          -0.34966
          -1.05046
          -1.53967
           1.92653
         0.0609982
          0.775068
         -0.380018
           1.43006
          0.373646
          -2.35838
          -1.64186
##################### ACCEPTABLE SUBNET NUMBER: 39  #########################
           1.72903
 4
26
49
 3
 5
 5
34
14
46
37
33
            1.2411
           1.23536
           1.05673
           1.28521
          0.820494
          0.299393
           1.05221
           1.13816
           1.30671
         -0.654068
          -1.71156
         -0.522845
##################### ACCEPTABLE SUBNET NUMBER: 40  #########################
           1.28911
 6
26
18
16
 3
 4
 5
 2
44
22
        -0.0288581
       -0.00746922
         -0.558413
          0.859689
         -0.185872
         -0.312912
          -2.32685
          -2.32685
          -2.32685
         -0.572868
         -0.147078
##################### ACCEPTABLE SUBNET NUMBER: 41  #########################
           1.51566
 4
26
41
 9
29
 2
46
14
          -0.16752
         -0.157078
         -0.545133
          0.856349
           -0.6988
          -0.35586
         -0.506259
          -0.19722
          -2.24756
##################### ACCEPTABLE SUBNET NUMBER: 42  #########################
           1.27006
 6
16
 1
30
 6
19
 9
 4
20
33
48
34
           1.19331
           1.22178
          0.450691
           1.23296
           0.92335
          -2.11259
         0.0710882
          0.741099
         -0.642936
           1.02227
         -0.243118
          0.132429
         -0.261974
##################### ACCEPTABLE SUBNET NUMBER: 43  #########################
           2.44611
 7
24
26
18
47
 4
41
25
 5
44
48
14
34
46
           1.43082
           1.29188
           1.28548
          0.385696
         0.0774012
         -0.588581
          0.681158
           -1.0186
            -1.736
          -1.19529
           1.46618
          0.909944
         0.0228757
           1.19801
         -0.614647
##################### ACCEPTABLE SUBNET NUMBER: 44  #########################
           1.75759
 3
24
25
28
 2
27
48
       -0.00708584
        0.00692707
         0.0244015
         -0.786569
          0.974567
         0.0773561
          0.700657
         -0.713745
##################### ACCEPTABLE SUBNET NUMBER: 45  #########################
           1.71153
 6
26
 6
31
30
 8
 2
 6
44
15
13
40
39
42
           1.65038
           1.63222
           1.47569
           1.89153
           1.80526
          -1.24329
            1.2796
          0.809968
           0.64254
           1.82383
           1.40935
          0.706133
           1.73212
           0.51132
          0.114618
##################### ACCEPTABLE SUBNET NUMBER: 46  #########################
           1.37056
 2
26
19
 2
44
 7
         0.0886885
          0.116876
         -0.369512
          0.818552
          -1.67829
         -0.363432
          -1.41481
##################### ACCEPTABLE SUBNET NUMBER: 47  #########################
           1.86478
 2
26
38
 1
37
         -0.245799
         -0.241686
         -0.263748
          0.851745
         -0.911865
         -0.933554
##################### ACCEPTABLE SUBNET NUMBER: 48  #########################
           1.99315
 2
21
 8
 5
14
20
42
 7
36
           1.46273
           1.26259
         0.0570347
         -0.778018
          -2.10981
          0.271155
         -0.776813
          -1.68037
         -0.120164
         -0.780578
##################### ACCEPTABLE SUBNET NUMBER: 49  #########################
           1.09324
 6
26
28
29
 6
31
10
 1
44
        -0.0820375
        -0.0628123
         -0.495604
           1.02888
         -0.637733
         -0.185845
         -0.295482
         -0.828266
         -0.367213
          0.226881
##################### ACCEPTABLE SUBNET NUMBER: 50  #########################
           2.56502
 5
 4
47
17
28
16
 2
44
48
           1.54706
           1.46277
           1.22865
          0.596294
          0.379391
          0.526322
         -0.219032
          0.186578
           1.38586
          0.572429
##################### ACCEPTABLE SUBNET NUMBER: 51  #########################
           2.30719
 8
26
10
 8
 3
 4
 6
24
 1
 4
44
45
37
46
            1.9399
           1.91885
           1.88183
           1.94443
         -0.402551
           1.15207
         -0.176117
           -1.1031
          -1.18313
         -0.084703
           1.44028
           2.02275
          0.653261
          -1.52769
          -1.04872
##################### ACCEPTABLE SUBNET NUMBER: 52  #########################
           0.97548
 3
26
 9
10
 6
44
35
34
36
33
46
       -0.00427988
         0.0192076
         -0.135698
           1.46257
        -0.0231965
        -0.0235996
          0.686807
         0.0228217
           0.21133
        -0.0532568
          0.272146
        -0.0196792
##################### ACCEPTABLE SUBNET NUMBER: 53  #########################
           2.42063
 6
10
 6
47
38
28
21
 8
27
44
34
50
36
48
40
46
           1.52199
           1.44841
           1.56906
          -0.67236
          0.253175
          0.566595
          -1.63331
          -1.20081
         -0.166493
           1.61089
           1.63966
            1.4754
         -0.846447
         -0.112926
          0.285522
         -0.346405
         -0.610592
##################### ACCEPTABLE SUBNET NUMBER: 54  #########################
           1.27668
 1
26
 1
48
        0.00792626
          0.027853
          -1.44086
          0.840216
        -0.0397054
##################### ACCEPTABLE SUBNET NUMBER: 55  #########################
           2.27465
 5
 5
 6
 8
 9
19
 3
44
33
37
           1.61234
           1.41426
           1.43835
          0.714576
          -0.59459
         0.0862486
         -0.476634
         -0.402762
           1.63741
           1.35725
           -1.4482
##################### ACCEPTABLE SUBNET NUMBER: 56  #########################
           1.37099
 1
26
 3
46
15
22
         0.0247413
         0.0492904
         -0.114506
           1.60675
         -0.435525
           0.78394
         -0.234327
##################### ACCEPTABLE SUBNET NUMBER: 57  #########################
           2.56016
 4
17
21
19
26
 5
27
20
 7
46
33
           1.20736
           1.26141
         0.0767818
          -0.05228
          -1.06538
         -0.988689
             1.421
          0.666375
          -1.26991
         -0.709309
         -0.365955
           -0.7647
##################### ACCEPTABLE SUBNET NUMBER: 58  #########################
           1.86249
 2
26
38
 9
27
22
45
 7
40
44
37
36
35
         -0.281511
         -0.277874
         -0.398937
          0.869776
          -1.35214
         -0.638268
          -1.14943
         -0.813585
         -0.983044
          -1.21642
         -0.509558
          -1.33494
         -0.457121
          -1.35451
##################### ACCEPTABLE SUBNET NUMBER: 59  #########################
           1.03164
 2
26
30
 2
44
43
         0.0236709
         0.0464663
         -0.562928
          0.997518
         -0.092167
          0.108346
          0.168729
##################### ACCEPTABLE SUBNET NUMBER: 60  #########################
           1.93584
 4
26
 3
 2
 8
 1
14
           1.81931
            1.8344
           1.69783
           1.75398
          0.931235
         -0.628467
          -1.16799
           1.86496
##################### ACCEPTABLE SUBNET NUMBER: 61  #########################
            2.5145
 4
21
31
23
17
 5
27
44
42
34
46
           1.93344
           1.87408
           1.86896
         -0.947508
          -1.25266
         -0.543039
          -1.69157
           1.84399
           1.97774
         -0.904938
           1.24447
          -0.88986
##################### ACCEPTABLE SUBNET NUMBER: 62  #########################
            2.6022
 6
26
21
18
31
 8
16
 5
27
39
45
46
22
           1.09835
           1.10206
           1.02288
           1.28797
          0.754434
         -0.966085
         -0.776288
          -1.03861
         -0.850032
           1.11436
          0.962728
          0.286136
         -0.858671
          -1.13208
##################### ACCEPTABLE SUBNET NUMBER: 63  #########################
           2.33303
 7
26
 1
10
28
 9
24
25
 4
44
39
34
33
          0.864869
          0.861338
          0.703722
          0.873191
          0.390855
         -0.779632
         -0.468009
         -0.621819
         0.0115943
         -0.540352
            0.8346
          0.441254
        -0.0192517
          -1.26131
##################### ACCEPTABLE SUBNET NUMBER: 64  #########################
            2.8412
 9
30
31
 1
23
28
 2
 3
26
25
 6
13
34
39
44
27
15
          0.404203
          0.378585
          0.670598
          0.597426
          0.529458
          0.372725
         -0.453459
          0.143992
          -1.35818
          -2.94804
          -1.52599
         -0.621797
          0.739518
          0.500705
          0.192052
          0.675052
          -1.16397
         -0.178299
##################### ACCEPTABLE SUBNET NUMBER: 65  #########################
           1.65826
 5
26
38
31
 5
21
 5
20
33
37
43
27
           1.02729
            1.0375
          0.985664
           1.16719
          0.718746
          0.636258
         -0.952441
         -0.197112
           1.21303
          -1.66179
          -1.45656
          -0.35058
         -0.763967
##################### ACCEPTABLE SUBNET NUMBER: 66  #########################
           2.28731
 5
10
 1
26
25
30
10
27
44
40
22
33
43
36
48
39
14
           1.17679
           1.03941
           1.06628
        -0.0565337
         -0.436704
          0.388102
          -3.28042
          -1.09007
           1.03183
           1.21378
        -0.0181427
         -0.482629
          0.939735
          -0.22112
          -1.00323
          -0.51101
         -0.285958
          -1.04055
##################### ACCEPTABLE SUBNET NUMBER: 67  #########################
           1.51464
 5
25
19
21
16
30
 5
27
20
37
50
13
        -0.0083891
        0.00931212
         -0.061402
           1.01526
         -0.132074
         -0.163871
           1.30152
           -1.8139
          0.757069
        -0.0680142
         -0.728298
         -0.371463
         -0.198931
##################### ACCEPTABLE SUBNET NUMBER: 68  #########################
           2.45747
10
25
26
31
 6
 1
 3
18
38
30
21
16
27
44
33
42
45
43
 7
48
22
40
39
37
34
13
14
50
           1.82486
           1.75931
           1.70634
           1.37009
           1.33902
          -0.97207
            1.2344
           1.28387
         -0.337764
          -0.21924
          0.121112
         -0.888593
         -0.916562
           1.67551
            1.8243
         -0.255398
         -0.118675
         -0.730575
         -0.166779
         -0.024572
           1.33043
          0.734753
         -0.229396
        -0.0794639
          -1.51552
          0.163001
         -0.395313
         -0.363351
          -1.99167
##################### ACCEPTABLE SUBNET NUMBER: 69  #########################
           2.08647
 3
26
49
31
 4
44
33
43
34
           1.99566
           1.91373
           1.22596
           1.27537
         -0.388175
           -2.3572
           1.38658
           1.15072
            -2.392
        -0.0968836
##################### ACCEPTABLE SUBNET NUMBER: 70  #########################
           2.10755
 3
26
18
30
 3
44
33
46
           1.85321
           1.67528
          0.231916
          0.215492
        -0.0335425
         -0.275701
          0.420759
          0.207999
         -0.175244
##################### ACCEPTABLE SUBNET NUMBER: 71  #########################
           2.37425
 7
26
23
25
 5
47
16
 1
 1
44
          0.723018
          0.729292
           0.69284
          0.894561
         -0.520749
         -0.964762
          -0.62177
         -0.940979
         -0.569315
         -0.979911
           0.81924
##################### ACCEPTABLE SUBNET NUMBER: 72  #########################
          0.694802
 3
26
 1
 5
 8
44
 7
22
45
46
37
33
15
          0.469885
          0.419253
        -0.0683513
          0.930529
          0.619789
         -0.726245
          0.431608
         -0.438244
         -0.259556
          0.364207
          0.269826
         -0.323273
          0.786508
         -0.739915
##################### ACCEPTABLE SUBNET NUMBER: 73  #########################
           2.32754
 3
26
18
 6
 4
44
37
46
45
           1.68786
           1.68211
           1.60916
           1.72513
          0.373528
          -1.13832
           1.74254
         0.0192059
          -1.40862
         -0.476229
##################### ACCEPTABLE SUBNET NUMBER: 74  #########################
           0.84916
 2
26
 1
 0
         0.0623919
         0.0801292
         -0.782384
           0.53934
          0.244129
##################### ACCEPTABLE SUBNET NUMBER: 75  #########################
           1.27964
 2
26
31
 0
        -0.0139038
        0.00833651
          -1.81587
          0.830407
          -1.56236
##################### ACCEPTABLE SUBNET NUMBER: 76  #########################
           1.14486
 1
26
 2
44
33
          0.124292
          0.156299
          0.097719
           1.38371
          0.629317
           -1.6417
##################### ACCEPTABLE SUBNET NUMBER: 77  #########################
           2.34214
 1
25
 3
44
33
27
          0.940082
          0.522462
         0.0850245
          -1.53955
          0.331968
          0.104785
          -1.95508
##################### ACCEPTABLE SUBNET NUMBER: 78  #########################
          0.946416
 1
26
 3
43
14
13
        -0.0123055
         0.0116763
          -0.66421
           1.24821
          0.488057
         -0.951296
         -0.965146
##################### ACCEPTABLE SUBNET NUMBER: 79  #########################
           2.24362
 5
26
29
19
 3
 5
 4
44
14
36
33
           1.75879
           1.74535
           1.64735
           1.80668
           1.52414
           1.45014
         -0.893494
          0.454624
           1.81261
           1.57755
           0.61331
           1.09038
##################### ACCEPTABLE SUBNET NUMBER: 80  #########################
           1.71196
 3
26
24
31
 2
34
35
         -0.215946
         -0.206172
         -0.338683
          0.862977
         -0.460767
         -0.969492
          -1.00668
         -0.425879
##################### ACCEPTABLE SUBNET NUMBER: 81  #########################
           1.59935
 9
30
 8
10
21
47
17
28
25
26
 1
13
         0.0618077
         0.0739936
         -0.858484
          0.924802
         -0.108725
         -0.039938
         -0.150388
         -0.435883
          -1.12568
          -1.60488
         -0.996498
         -0.996498
          0.620516
##################### ACCEPTABLE SUBNET NUMBER: 82  #########################
           2.97111
 3
 5
 1
26
 2
27
14
            1.5731
           1.56771
           1.44664
          0.608062
          0.929751
        -0.0170691
           1.52827
          -0.42782
##################### ACCEPTABLE SUBNET NUMBER: 83  #########################
           2.37593
 4
26
 4
21
 1
 4
44
33
35
34
          0.592167
          0.602649
          0.703104
          0.943203
          0.156576
         -0.350087
         -0.874182
          0.824852
          0.335961
         -0.375335
          -1.74485
##################### ACCEPTABLE SUBNET NUMBER: 84  #########################
           1.26342
 1
26
 1
42
        0.00474658
         0.0275807
         -0.700968
          0.830965
          -1.46473
##################### ACCEPTABLE SUBNET NUMBER: 85  #########################
           1.36187
 1
16
 4
44
34
35
33
         0.0767427
         0.0952011
         -0.277162
           1.27703
          0.559462
          -1.50431
          -1.48794
         0.0766407
##################### ACCEPTABLE SUBNET NUMBER: 86  #########################
           2.29806
 2
25
24
 5
27
33
20
50
48
          0.483866
           0.39187
          0.701341
          0.794424
          0.198762
          0.832225
          0.579419
          0.171984
          0.478553
          0.638322
##################### ACCEPTABLE SUBNET NUMBER: 87  #########################
           1.24983
 3
26
16
28
 2
44
14
         -0.140277
         -0.123442
          -1.36585
          0.948574
          -1.67164
         -0.250913
         0.0871932
          -1.65813
##################### ACCEPTABLE SUBNET NUMBER: 88  #########################
          0.904217
 5
26
18
 8
10
 2
 2
44
34
          0.109223
          0.132986
         -0.400247
          0.719756
          0.697181
         -0.524501
         -0.284515
         -0.932153
          0.295663
         -0.105635
##################### ACCEPTABLE SUBNET NUMBER: 89  #########################
          0.661475
 5
26
 3
21
 1
 5
 3
44
33
43
          0.609059
          0.532725
       -0.00833917
          0.876321
         0.0355031
         0.0849882
          0.533907
          -0.49206
          0.453296
          0.765511
         -0.414736
##################### ACCEPTABLE SUBNET NUMBER: 90  #########################
           2.27933
 6
26
47
38
25
16
19
 5
44
34
39
20
27
           1.82719
           1.81525
            1.6539
           1.78485
           1.50498
          -0.67214
         -0.270061
          -1.01315
          -1.18751
           1.81162
          0.165694
           1.09661
          0.227034
          -0.64835
##################### ACCEPTABLE SUBNET NUMBER: 91  #########################
           2.61173
 4
26
 2
 3
 4
 4
27
33
20
34
           1.82147
           1.83314
           1.75065
           1.91634
          0.145199
         -0.416593
         -0.379389
           1.83898
           1.48675
          -1.25255
         -0.943908
##################### ACCEPTABLE SUBNET NUMBER: 92  #########################
           1.19056
 8
31
30
25
26
17
18
16
 1
 4
27
11
43
35
          0.128381
          0.157799
          0.241946
         -0.807686
           1.21276
         -0.871256
           1.69525
        -0.0570425
         0.0472375
         -0.049756
         -0.220209
          0.806668
          -1.51229
           1.03321
          0.216325
##################### ACCEPTABLE SUBNET NUMBER: 93  #########################
           1.75663
 4
16
30
47
26
 3
15
13
43
          0.173404
          0.198053
          0.212528
          0.171596
          0.953346
         0.0760486
          0.364999
         -0.379011
          0.656891
         -0.563158
##################### ACCEPTABLE SUBNET NUMBER: 94  #########################
           2.51028
 3
24
10
26
 3
44
22
39
           1.92164
           1.82738
           1.48051
          0.137366
            1.2448
          0.436669
           1.64418
         -0.261176
           1.05407
##################### ACCEPTABLE SUBNET NUMBER: 95  #########################
           2.26029
 2
26
 1
 5
44
34
22
48
36
          0.960374
          0.942959
          0.918098
           1.07082
          -1.75825
            1.0569
          0.908475
         -0.792864
          0.463868
          -1.68985
##################### ACCEPTABLE SUBNET NUMBER: 96  #########################
          0.920459
 6
26
16
17
18
 9
 5
 3
14
15
44
         -0.104683
        -0.0856751
         -0.916933
           1.26069
          0.544473
         -0.986557
          0.459337
          -1.00712
         -0.436903
          0.496913
         -0.925832
        -0.0978598
##################### ACCEPTABLE SUBNET NUMBER: 97  #########################
           1.67683
15
28
17
 4
 9
 8
24
 5
21
23
41
10
25
19
 3
29
 8
14
45
22
 7
35
42
34
20
           1.81206
           1.78005
           1.64858
           0.79357
          0.744244
         -0.363482
          -1.01779
           0.21306
          0.434736
          0.330613
          -0.13822
          -0.26783
          -0.31752
           1.56055
          -1.32575
          0.789258
          0.247057
          0.110077
           1.83399
          0.936069
          0.438485
           0.76863
         -0.485138
         -0.784739
            1.5692
          -1.66631
##################### ACCEPTABLE SUBNET NUMBER: 98  #########################
           1.55976
 5
10
30
16
 9
25
 7
20
34
22
44
45
33
46
           0.16763
          0.109646
          0.505395
         -0.318525
          0.656414
         -0.269053
          0.147345
          -1.04584
          0.732978
          0.434366
         -0.326963
          -2.15962
         -0.580968
          -1.14172
          -1.18472
##################### ACCEPTABLE SUBNET NUMBER: 99  #########################
            1.7163
 2
26
 9
 6
44
46
 7
20
48
33
          0.305148
          0.344264
         -0.619786
          0.860371
          -1.28549
         0.0259141
          -0.88674
         -0.391618
          -0.84361
         -0.709329
          -1.08072
##################### ACCEPTABLE SUBNET NUMBER: 100  #########################
           2.52305
 2
16
26
 5
44
13
14
39
15
           1.11296
          0.990189
          0.668947
           -1.4795
         -0.766949
           0.83346
           0.37772
          -1.80352
            0.4702
          0.203147
----------Number of Acceptable Subnets found: 100 -----------
----------END FOR GENE 32 -----------
--------START FOR GENE 33 -----------
 Values arranged as error, n_ka, gene ids for ka, n_kd, gene ids for kd,
 r0, d, ea, ka_values, kd_values for each subnet. 
##################### ACCEPTABLE SUBNET NUMBER: 1  #########################
           1.66134
 2
50
39
11
 9
20
 3
26
18
41
 2
32
25
17
 4
          0.815381
          0.338429
          0.707358
           1.00391
          0.937666
          0.697008
           1.29183
         -0.763237
           1.01783
          0.070516
         -0.130591
           1.67622
         0.0902282
         -0.231092
           0.39158
        -0.0626391
##################### ACCEPTABLE SUBNET NUMBER: 2  #########################
           2.53762
 5
23
 8
28
16
15
 5
20
26
19
 2
31
           1.18293
          0.467565
          0.910566
          0.943737
         -0.869689
         -0.889827
          0.648467
         0.0306428
           1.39402
           1.11743
           0.26639
         -0.222998
           -0.7558
##################### ACCEPTABLE SUBNET NUMBER: 3  #########################
           2.41716
 0
 5
 2
41
25
27
35
          0.246243
         -0.390113
          0.309462
           1.02194
          0.515085
          0.456759
          0.206324
          -1.07677
##################### ACCEPTABLE SUBNET NUMBER: 4  #########################
           1.52261
 2
39
50
 8
 2
47
46
 9
31
19
10
41
          0.950792
          0.108157
         -0.638754
         -0.138624
         -0.141136
          0.682049
         -0.417742
         -0.642471
          0.179872
         -0.965139
          -1.87182
          -1.22887
          -1.07293
##################### ACCEPTABLE SUBNET NUMBER: 5  #########################
           3.83509
 0
 4
26
20
35
 4
            1.5521
           1.16221
          0.500507
          0.597323
          0.801424
          0.431732
          -1.00431
##################### ACCEPTABLE SUBNET NUMBER: 6  #########################
           5.96952
 4
39
16
 8
48
 3
26
 2
20
            1.3237
           1.40221
          0.545721
           1.26407
           1.10804
          -1.65007
          0.846947
          0.522218
         -0.220592
           1.00462
##################### ACCEPTABLE SUBNET NUMBER: 7  #########################
           5.17557
 1
15
 5
26
27
43
41
17
           0.90856
          0.815541
          0.876351
          0.395609
         -0.611831
           0.43857
           1.01663
          0.781446
          0.398557
##################### ACCEPTABLE SUBNET NUMBER: 8  #########################
           4.08633
 2
39
28
10
 3
47
20
 6
 9
17
38
26
40
29
          0.809392
          0.531145
          0.617374
          -1.16642
          -1.19113
         0.0973619
          -1.20437
          0.892688
         -0.942445
          -1.35129
          -2.73217
         0.0774025
          0.671275
          -2.24319
          -2.25869
##################### ACCEPTABLE SUBNET NUMBER: 9  #########################
           2.55527
 1
39
 5
46
 2
45
32
31
           2.00528
          0.977076
          -0.20036
         -0.146963
          0.132945
          0.735364
          -1.04378
          -1.35507
         -0.719714
##################### ACCEPTABLE SUBNET NUMBER: 10  #########################
           4.35394
 1
16
 3
 9
 2
44
         0.0982441
          0.170405
         -0.551667
           1.28348
        -0.0225376
           1.01333
         -0.673967
##################### ACCEPTABLE SUBNET NUMBER: 11  #########################
           3.46744
 0
14
36
26
 5
10
20
22
31
35
11
27
 1
 2
 6
29
           1.47444
           1.17108
          0.974246
           0.17011
           1.03573
          0.324162
          -0.58593
           1.24974
         -0.484696
         -0.618725
         -0.816441
         -0.260915
         -0.131368
          0.903172
         -0.457433
          0.449294
         -0.521469
##################### ACCEPTABLE SUBNET NUMBER: 12  #########################
           4.91909
 3
42
15
28
 5
49
40
 3
 1
17
          0.358536
          0.326416
           1.39362
           1.77435
          -2.18912
           -1.5771
           1.64154
        -0.0741879
        -0.0464395
          -0.90449
          0.323945
##################### ACCEPTABLE SUBNET NUMBER: 13  #########################
           5.65667
 1
48
 2
43
36
           1.30517
           1.29609
          0.764347
          0.696801
          0.883248
         -0.363197
##################### ACCEPTABLE SUBNET NUMBER: 14  #########################
           3.46059
 2
23
50
 8
43
41
17
 2
20
 6
26
 5
           1.35092
          0.837164
           0.66294
          0.531551
          0.640029
           1.01509
          0.761537
          0.230529
          0.440241
          0.551582
          -0.39371
          0.439893
          -1.53263
##################### ACCEPTABLE SUBNET NUMBER: 15  #########################
            3.6926
 0
 9
26
 2
20
 9
49
44
31
41
19
          0.686223
         -0.102619
         -0.121717
         0.0148339
          0.627355
          -0.14624
          0.290043
          -1.11884
          -1.20319
          -1.38675
         -0.641888
         -0.520653
##################### ACCEPTABLE SUBNET NUMBER: 16  #########################
              3.99
 1
16
 4
36
26
20
 3
           1.01984
          0.698632
           0.33627
         -0.109975
          0.251885
          0.404359
          0.614009
         -0.511391
##################### ACCEPTABLE SUBNET NUMBER: 17  #########################
           5.98736
 0
 6
41
 6
17
32
27
45
          0.633739
          0.383089
          0.262506
          0.126343
         -0.348039
          0.248567
          0.270882
          0.375462
         -0.674472
##################### ACCEPTABLE SUBNET NUMBER: 18  #########################
           5.98242
 1
15
 3
26
27
20
          0.855791
          0.797684
          0.130973
          -0.94961
         -0.334134
         -0.342287
          0.291871
##################### ACCEPTABLE SUBNET NUMBER: 19  #########################
           5.10193
 1
 8
 4
46
17
38
 5
           2.01527
          0.406782
         -0.321126
         -0.605213
            0.1028
          0.186635
         -0.590367
           -1.3058
##################### ACCEPTABLE SUBNET NUMBER: 20  #########################
           5.36401
 2
15
39
16
 2
43
 1
31
32
41
40
11
46
45
18
 4
 5
17
36
35
          0.725544
          0.606587
          0.636061
          0.619714
           0.25728
          0.789803
          0.842889
          0.460209
         -0.353354
          0.148023
          0.360338
          -1.00042
         -0.798269
         -0.857721
         -0.342909
         0.0274944
         -0.845715
         -0.488587
          0.232478
         -0.652729
         -0.312456
##################### ACCEPTABLE SUBNET NUMBER: 21  #########################
           4.75034
 1
15
 9
 2
26
43
46
 3
 5
 1
13
31
            1.1472
            0.8565
          0.972132
         0.0914814
           1.25626
          0.978163
           1.18689
           0.20845
         -0.490404
          -1.62623
          0.441388
          -1.44491
          0.599522
##################### ACCEPTABLE SUBNET NUMBER: 22  #########################
           5.66963
 4
48
23
15
 8
 9
26
49
11
20
40
24
17
27
13
           1.29668
           1.35567
          0.958711
           1.20743
          0.887357
          0.992099
         0.0349501
          -1.90719
          -1.02329
           -0.3886
           1.24631
          0.768858
         -0.029903
          0.388414
         -0.279555
          0.630279
##################### ACCEPTABLE SUBNET NUMBER: 23  #########################
           5.50353
 1
50
 8
31
26
17
49
32
 1
 2
43
          0.590475
           0.27189
          0.197391
          -0.28283
          0.197405
          0.249355
          0.287613
         -0.288853
         -0.297333
          -2.71515
          -1.47805
           0.26684
##################### ACCEPTABLE SUBNET NUMBER: 24  #########################
           4.76996
 4
 8
23
21
48
18
49
44
43
41
36
34
31
26
24
18
 9
 7
 3
13
17
10
27
20
         -0.868761
          -1.43952
          -0.15806
           1.15066
         -0.341023
          -1.47144
         -0.171234
         -0.140846
         -0.188186
          -1.53264
          0.167758
          0.115938
          0.192674
          0.176011
          0.513804
          0.293765
          0.607385
         -0.205207
         -0.326692
         -0.538738
        -0.0580703
           1.01316
         -0.866304
         -0.413211
        0.00193824
##################### ACCEPTABLE SUBNET NUMBER: 25  #########################
           5.79855
 1
39
 5
 6
 2
18
 1
26
          0.727289
           0.70584
          0.642068
         -0.259218
          0.462805
           1.27077
          -1.87665
          -1.46477
          0.208101
##################### ACCEPTABLE SUBNET NUMBER: 26  #########################
           5.62544
 3
28
15
21
 7
43
26
46
 9
34
27
20
           2.02823
           1.97248
           1.20453
         -0.510294
           1.06894
         -0.844502
           1.36218
         -0.372245
        -0.0405601
          -0.52602
         -0.301959
         -0.650486
         -0.400638
##################### ACCEPTABLE SUBNET NUMBER: 27  #########################
           4.45828
 1
48
 8
27
32
 2
26
40
20
45
44
          0.326191
          0.120623
          0.546949
         -0.239358
          0.254941
          0.384845
           1.16358
          0.503199
          0.520045
         -0.250119
        -0.0343187
        -0.0412652
##################### ACCEPTABLE SUBNET NUMBER: 28  #########################
            4.5921
 2
15
21
 8
17
20
41
 2
 1
47
46
45
          0.030247
         -0.335296
       -0.00174669
          0.156309
         -0.323751
          0.337721
         -0.507966
        -0.0841833
         -0.889338
         -0.706118
         -0.269238
        -0.0556017
         -0.175523
##################### ACCEPTABLE SUBNET NUMBER: 29  #########################
           3.84979
 2
15
16
 9
17
13
18
19
 9
46
26
27
25
         0.0236891
         -0.915089
         -0.232804
         0.0943278
         -0.806864
          0.301079
         -0.573435
         -0.118531
         -0.368449
        -0.0737106
         -0.461974
          -0.49956
          0.183385
         -0.495403
##################### ACCEPTABLE SUBNET NUMBER: 30  #########################
           5.72918
 3
48
 8
50
 4
20
49
40
13
           0.74104
            0.8064
          0.361549
          0.771488
         -0.380869
         -0.859388
           0.69856
         -0.859388
         -0.875025
          -1.30571
##################### ACCEPTABLE SUBNET NUMBER: 31  #########################
           5.02908
 2
39
15
11
46
 9
35
36
34
32
13
 2
44
 3
25
           1.18128
          0.996574
         -0.323101
           1.44426
         0.0913529
           1.42264
            1.0436
          0.645815
          0.932453
          0.801366
          0.832978
         0.0808909
         0.0901296
          0.764476
          0.264841
          0.323992
##################### ACCEPTABLE SUBNET NUMBER: 32  #########################
           5.91211
 1
15
13
35
44
43
 3
32
38
11
 6
25
45
31
20
27
          0.842541
          0.829473
          0.963789
          -1.63098
          0.448395
          0.228379
           1.06985
          -1.39703
          -1.70727
         -0.716852
         -0.743338
          -1.03314
         -0.030603
          -2.12314
          -1.83188
         -0.612503
          -1.12308
##################### ACCEPTABLE SUBNET NUMBER: 33  #########################
           5.60748
 2
23
48
 7
44
43
27
26
32
45
41
           1.77937
           1.72756
          0.951485
          0.804451
         -0.475887
         -0.869483
            1.1038
          -1.41125
          -1.40203
         -0.232706
          0.118758
         -0.309245
##################### ACCEPTABLE SUBNET NUMBER: 34  #########################
           4.80555
 1
39
 2
 2
25
          0.656105
           0.50818
         0.0145046
         0.0407949
          0.654638
         -0.470689
##################### ACCEPTABLE SUBNET NUMBER: 35  #########################
           2.87714
 2
50
39
 8
 4
13
46
31
32
45
40
 2
          0.330421
         0.0861164
        -0.0801954
          0.205251
          0.222014
        -0.0772435
         -0.668014
          -1.17197
         -0.815501
          0.147213
          0.156241
         -0.440467
          0.848626
##################### ACCEPTABLE SUBNET NUMBER: 36  #########################
           4.76955
 1
39
 5
20
27
 9
32
26
         0.0543489
         0.0256446
        -0.0725318
          0.531558
          0.247706
         -0.740701
         -0.649015
           0.21288
          0.330761
##################### ACCEPTABLE SUBNET NUMBER: 37  #########################
           5.91267
 1
12
 4
24
34
44
43
         -0.885464
          -1.40403
          0.281084
          0.501977
          0.530385
          0.576543
           0.38825
         -0.986111
##################### ACCEPTABLE SUBNET NUMBER: 38  #########################
           4.42363
 1
39
 3
11
 2
 4
           0.34091
          0.417554
         -0.126557
          0.855103
          -1.77101
           1.03364
         -0.334684
##################### ACCEPTABLE SUBNET NUMBER: 39  #########################
           2.55504
 2
50
 8
 9
26
 9
20
25
 6
 2
41
22
10
           1.12651
          0.523427
          0.560157
          0.563334
         -0.397279
          0.732583
         0.0303081
          0.996448
         -0.569253
          0.157709
          0.410492
          0.542075
          -1.06686
         -0.394471
##################### ACCEPTABLE SUBNET NUMBER: 40  #########################
           5.03187
 1
42
 8
17
31
11
27
22
49
32
20
          0.419418
          0.481667
          0.395756
          0.867131
          0.654241
         -0.721979
         -0.865801
         -0.666527
         -0.471777
          -2.87226
        0.00553294
          0.765636
##################### ACCEPTABLE SUBNET NUMBER: 41  #########################
           4.88978
 0
 6
34
32
31
25
 2
17
         -0.444908
         -0.610538
          0.597675
        -0.0196726
          0.582123
         0.0379015
          0.190768
           1.08243
         -0.227173
##################### ACCEPTABLE SUBNET NUMBER: 42  #########################
            5.9312
 1
21
 3
43
19
 6
          0.758044
          0.749524
          0.602764
         -0.380864
          0.703179
           -1.1509
         -0.655122
##################### ACCEPTABLE SUBNET NUMBER: 43  #########################
           5.04188
 0
 1
 2
          0.107883
         0.0520275
          0.175315
           0.75516
##################### ACCEPTABLE SUBNET NUMBER: 44  #########################
           4.45756
 0
 6
43
41
37
 2
18
46
            0.1513
         -0.326352
        -0.0543648
         -0.114152
       -0.00206413
          -1.80496
          0.539091
          -1.00554
         -0.722016
##################### ACCEPTABLE SUBNET NUMBER: 45  #########################
           5.98424
 2
15
12
 4
27
32
11
31
           0.74834
          0.442019
          0.619698
          0.552255
          -0.63669
          0.820359
          0.674209
         -0.441194
          -1.75322
##################### ACCEPTABLE SUBNET NUMBER: 46  #########################
           1.49728
 2
39
23
 9
31
29
32
 1
43
 2
 6
 7
26
           1.06674
          0.611647
           0.53674
          0.657754
          0.374659
         0.0961425
        -0.0321929
          0.736517
          0.757345
          -1.25373
           1.35046
          0.112833
         -0.552807
          -1.65042
##################### ACCEPTABLE SUBNET NUMBER: 47  #########################
           3.07124
 2
28
16
 8
26
43
 9
 1
 2
13
18
20
           1.41846
          0.792175
          0.399844
         -0.602536
         -0.557982
           0.53157
          0.644099
          0.740028
        -0.0353373
           1.14206
         -0.527619
          -0.24994
          -1.09328
##################### ACCEPTABLE SUBNET NUMBER: 48  #########################
           3.34094
 1
39
 6
26
43
46
47
 4
20
           1.34745
          0.554688
          0.225466
          0.103697
          0.367684
           0.57612
          0.404854
          -1.33358
         -0.650177
          -2.23152
##################### ACCEPTABLE SUBNET NUMBER: 49  #########################
           5.81849
 1
28
 5
11
37
43
32
31
           1.78199
           1.75375
           1.96942
           -1.5504
           1.28977
         -0.554036
           2.09212
           1.16782
          -1.64282
##################### ACCEPTABLE SUBNET NUMBER: 50  #########################
           3.65173
 0
 9
 2
46
 4
 6
 1
38
41
40
10
          0.442277
        -0.0161545
         0.0680554
          0.777936
          0.167836
         -0.230864
         -0.150797
         0.0455823
         -0.874865
         -0.406732
          -0.24848
          -1.28424
##################### ACCEPTABLE SUBNET NUMBER: 51  #########################
           3.96562
 1
15
 7
29
 2
11
32
44
17
18
         0.0862978
           -1.2803
           -0.3313
         -0.172682
         -0.791459
          0.513916
          -0.68234
          -1.59706
           -1.2732
          -1.53784
         0.0261248
##################### ACCEPTABLE SUBNET NUMBER: 52  #########################
            3.8855
 0
 4
26
43
 9
32
           1.08512
          0.424032
          0.482609
           0.64355
          0.789301
           0.80342
          -1.68722
##################### ACCEPTABLE SUBNET NUMBER: 53  #########################
           5.68228
 2
21
15
 3
17
20
18
          0.156121
         -0.205466
        -0.0517516
         -0.384398
         0.0379198
          0.237866
         -0.255599
         -0.492342
##################### ACCEPTABLE SUBNET NUMBER: 54  #########################
           4.97256
 0
 5
 2
35
32
36
26
       -0.00162516
          0.018743
           1.12121
           1.67535
         -0.728553
         -0.890521
        -0.0829289
          0.654431
##################### ACCEPTABLE SUBNET NUMBER: 55  #########################
           5.50492
 1
21
 8
27
20
22
26
32
 2
 9
46
          0.386688
           0.32572
          0.186417
         -0.776402
         -0.485222
          -1.60492
         -0.217504
         -0.875439
          -1.17036
           0.79939
          -1.66757
         -0.694885
##################### ACCEPTABLE SUBNET NUMBER: 56  #########################
           5.69696
 1
23
 6
43
 6
46
24
29
10
           1.73416
           1.70681
           1.51769
           1.33109
           1.64704
          0.313203
         -0.411589
          0.627487
         -0.309803
          -2.34084
##################### ACCEPTABLE SUBNET NUMBER: 57  #########################
            4.4707
 0
 5
27
26
 2
36
25
          0.314797
        -0.0978929
         -0.017818
        -0.0944492
        -0.0211507
          0.628844
         -0.411185
          -1.29373
##################### ACCEPTABLE SUBNET NUMBER: 58  #########################
           4.48251
 1
39
 1
 2
          0.505162
           0.58064
         0.0446126
          0.857066
           1.04895
##################### ACCEPTABLE SUBNET NUMBER: 59  #########################
           5.81783
 1
48
 5
25
20
47
 5
34
          0.502326
          0.556918
           0.26532
          0.511257
         -0.888943
          0.476876
         -0.417136
          -1.94457
          -1.64306
##################### ACCEPTABLE SUBNET NUMBER: 60  #########################
           4.53823
 3
28
15
23
 6
20
26
47
17
46
25
          0.275283
          0.111538
            1.8104
          0.915834
          -0.14724
         -0.409605
           2.01888
           1.81181
          0.514062
          -1.42585
          0.794632
         0.0191304
##################### ACCEPTABLE SUBNET NUMBER: 61  #########################
           5.60212
 1
16
 4
17
35
41
47
          0.220821
          0.294173
        -0.0376352
           1.24544
           0.46364
         -0.853438
          0.044691
          -3.10439
##################### ACCEPTABLE SUBNET NUMBER: 62  #########################
           4.85406
 2
50
15
17
40
49
10
11
13
43
29
44
41
19
 9
46
 5
37
25
17
22
           1.28896
           1.15507
           0.86491
          0.622711
         -0.948257
          -0.36632
           0.10427
         -0.277578
         -0.257073
         -0.361707
           1.03855
          -2.59909
           -1.4551
          0.791373
          -1.25781
         0.0903234
          0.440826
          -1.61818
          -1.36649
          -0.92595
        -0.0534509
         -0.947031
##################### ACCEPTABLE SUBNET NUMBER: 63  #########################
           5.75116
 0
 6
13
36
 2
41
43
10
          0.625139
          0.568722
          0.239409
         -0.338555
         0.0535018
          0.858353
         -0.313414
         0.0294591
          -1.30128
##################### ACCEPTABLE SUBNET NUMBER: 64  #########################
           5.13896
 0
 4
22
26
 9
43
          0.337223
           0.05534
          0.164368
         -0.222961
          0.162293
          -1.14164
          0.341664
##################### ACCEPTABLE SUBNET NUMBER: 65  #########################
           3.64294
 1
39
 4
 2
26
 9
 5
          0.446011
         0.0622678
          0.178146
         -0.874219
          0.866065
           0.23723
          0.531407
        -0.0428061
##################### ACCEPTABLE SUBNET NUMBER: 66  #########################
           5.53816
 0
15
22
43
32
46
13
 2
37
41
 6
20
47
27
36
10
 5
           1.91347
           1.68987
          0.998645
           0.76442
          -1.22492
          -1.20821
          0.983282
          0.814272
           1.70735
         -0.621854
         -0.629682
         -0.477526
         -0.691159
          -1.07651
         -0.132275
          0.844594
          0.188097
          -1.43458
##################### ACCEPTABLE SUBNET NUMBER: 67  #########################
           5.61959
 0
 3
31
32
 2
         -0.209213
         -0.787869
         -0.050067
          -2.02565
         0.0350822
          0.461379
##################### ACCEPTABLE SUBNET NUMBER: 68  #########################
           1.76708
 5
15
48
39
50
21
 3
 2
46
26
          0.769618
          0.481341
          0.276817
         -0.756606
         -0.601829
          0.465907
          -1.78006
          -2.08484
           1.01934
          0.505127
          0.191389
##################### ACCEPTABLE SUBNET NUMBER: 69  #########################
           5.00516
 1
39
 2
 2
47
          0.113826
         0.0207946
          0.125686
         -0.374141
          0.707435
          -0.84435
##################### ACCEPTABLE SUBNET NUMBER: 70  #########################
           5.01108
 0
 1
 2
        -0.0519593
        -0.0250495
          0.763176
           1.30573
##################### ACCEPTABLE SUBNET NUMBER: 71  #########################
           5.08826
 2
21
39
 7
 2
20
22
44
43
 6
 1
          0.145845
          0.100963
          0.198523
         -0.467679
          -1.01597
          0.784583
         -0.374327
         -0.387338
          -1.91215
          -1.16087
          -1.16087
          -1.75797
##################### ACCEPTABLE SUBNET NUMBER: 72  #########################
           5.89735
 1
39
 7
26
27
46
 2
32
24
 9
          0.513252
          0.276464
        -0.0167252
         0.0539523
         0.0187719
         0.0536423
          -1.60946
         -0.690183
          -0.37429
         -0.764299
         0.0524456
##################### ACCEPTABLE SUBNET NUMBER: 73  #########################
           5.15648
 0
 2
 2
49
          0.125506
          0.140176
          0.537175
           1.11452
          -1.87353
##################### ACCEPTABLE SUBNET NUMBER: 74  #########################
            5.6821
 2
23
39
 5
37
36
35
34
27
         -0.958689
          -1.38653
         -0.802215
          0.424011
          0.462193
          -1.61522
          -1.55813
          -1.74632
          0.676516
          0.298387
##################### ACCEPTABLE SUBNET NUMBER: 75  #########################
           5.87997
 2
23
21
 6
43
32
 2
36
17
34
          0.701819
          0.688351
          0.672631
         -0.444633
          -1.96909
          0.776132
        -0.0528704
          0.899034
          -1.35066
         -0.420814
          -1.49105
##################### ACCEPTABLE SUBNET NUMBER: 76  #########################
            5.9468
 2
21
15
 4
20
 1
26
 2
           1.82084
           1.87585
           1.36456
           1.02787
         -0.321129
           1.50254
         -0.485631
          0.939787
         -0.241839
##################### ACCEPTABLE SUBNET NUMBER: 77  #########################
            4.5916
 1
15
 5
43
11
46
 7
41
           2.02171
           1.76769
           1.22558
          0.400921
           1.42312
         -0.331586
           1.22197
         -0.648107
           1.03832
##################### ACCEPTABLE SUBNET NUMBER: 78  #########################
           5.20488
 4
23
 8
39
16
 6
43
17
 1
41
44
18
           2.01447
           1.85738
          0.946814
          0.947697
          0.583836
             -1.03
        -0.0806098
           1.18247
         -0.475857
       -0.00581507
          0.637192
         -0.919166
         -0.586338
##################### ACCEPTABLE SUBNET NUMBER: 79  #########################
           5.53773
 2
21
50
 6
20
40
32
 4
17
49
           1.54839
           1.56787
          0.947399
         -0.173796
          -0.45554
           1.09667
          -1.41518
          0.731992
         -0.329163
          0.288748
         -0.109129
##################### ACCEPTABLE SUBNET NUMBER: 80  #########################
           5.79118
 3
50
21
16
13
 6
43
25
 1
17
 3
10
13
27
 9
26
 5
 4
          0.893813
           0.97238
          0.656684
         -0.198325
           0.53313
           1.74098
          -0.30537
          0.913455
          0.605627
        -0.0176756
          0.933381
         -0.628851
         -0.375731
         -0.644205
         -0.377699
          -2.32932
          -1.60939
         -0.171727
         -0.770762
##################### ACCEPTABLE SUBNET NUMBER: 81  #########################
            5.6926
 0
 9
41
19
34
17
 3
43
20
27
45
           1.77768
           1.75108
          0.909225
          0.542279
          -1.09292
         -0.513953
         -0.264012
          -0.53041
           1.02715
         -0.366059
          -1.91684
           -1.1363
##################### ACCEPTABLE SUBNET NUMBER: 82  #########################
           5.58899
 1
21
13
20
 5
45
 9
26
 2
41
27
32
34
49
 3
46
           1.67399
           1.68549
           1.65543
          0.602866
           1.81253
          0.677558
         0.0592094
            0.4567
          -2.59287
          -1.10513
          -1.03948
         -0.417215
          0.502376
        -0.0996496
          0.108913
         -0.336528
           1.48002
----------Number of Acceptable Subnets found: 82 -----------
----------END FOR GENE 33 -----------
