File open successful. It contains: 
Finished reading file, will close now.
File x_dt open successful.
Finished reading file x_dt, will close now.
File sd_d open successful.
Finished reading file sd_d, will close now.
--------START FOR GENE 39 -----------
 Values arranged as error, n_ka, gene ids for ka, n_kd, gene ids for kd,
 r0, d, ea, ka_values, kd_values for each subnet. 
##################### ACCEPTABLE SUBNET NUMBER: 1  #########################
           2.85706
 8
17
12
35
19
33
 1
16
28
 2
43
46
            1.4192
            1.2172
          0.352904
         -0.266128
         -0.898441
         -0.159151
         -0.815315
         -0.179885
          0.429471
         -0.478151
          -1.02826
          0.503622
          0.357613
##################### ACCEPTABLE SUBNET NUMBER: 2  #########################
           1.62788
 2
37
 5
 1
47
           0.21479
          -1.90631
          -1.07025
          -0.29085
          -1.25979
         -0.695885
##################### ACCEPTABLE SUBNET NUMBER: 3  #########################
           1.99474
 6
 1
 9
15
24
30
17
 3
20
43
34
          0.702018
          0.656461
          0.210924
          0.804162
          0.860663
          -1.09219
         -0.538989
         -0.549645
         -0.665214
          0.706098
         -0.136801
         -0.563748
##################### ACCEPTABLE SUBNET NUMBER: 4  #########################
            2.7728
 4
 1
10
25
30
 6
40
41
29
14
20
46
          0.417719
           0.36737
           0.29302
          0.749984
           0.19884
          0.458679
          -1.09397
           0.43507
         0.0186358
         0.0722342
          0.383228
          0.127672
        0.00517419
##################### ACCEPTABLE SUBNET NUMBER: 5  #########################
           2.77217
 3
33
 1
32
 2
46
21
          0.347834
          0.287287
         -0.535053
          0.218173
          0.310921
         -0.922633
         -0.203635
         -0.588367
##################### ACCEPTABLE SUBNET NUMBER: 6  #########################
           2.89669
14
15
19
24
 3
11
18
45
35
 5
30
38
25
33
36
 2
14
41
           1.51009
           1.50009
           1.01086
          0.473806
         -0.631929
         -0.880946
          -1.27256
         -0.626571
           1.55057
           0.94384
        -0.0940616
         0.0101187
         -0.907532
         -0.427731
           0.26648
          -1.23739
          0.452912
           1.20624
           1.11754
##################### ACCEPTABLE SUBNET NUMBER: 7  #########################
           2.39602
 8
30
 1
19
38
 5
33
 7
31
 4
41
20
29
43
           1.75339
           1.72841
           1.05354
           1.61691
           1.35073
           0.70924
         0.0356757
          -1.00684
          0.743773
          0.240632
          0.285526
           1.15041
           1.43666
          0.220962
         -0.271589
##################### ACCEPTABLE SUBNET NUMBER: 8  #########################
           1.77224
10
45
 3
 1
 9
25
23
 7
18
33
11
 6
44
14
42
20
40
50
          0.944046
          0.926166
          0.499336
          0.481393
         -0.574015
            1.1789
         -0.548032
          0.797093
          -1.50957
          -1.34284
         -0.241014
           -2.3328
          -1.29644
          0.489058
          0.981926
          -1.02744
          0.812871
          -2.43595
          -1.48063
##################### ACCEPTABLE SUBNET NUMBER: 9  #########################
           2.43251
11
 8
10
 1
13
32
30
35
 3
25
45
28
 4
20
41
47
49
           1.92478
            1.8876
           1.35066
           1.18659
           1.38426
           1.67168
          0.303142
          0.890305
          0.922102
         -0.599079
          0.450362
            1.0003
         -0.104886
           0.92881
           1.59985
           1.25818
          0.500967
         -0.393376
##################### ACCEPTABLE SUBNET NUMBER: 10  #########################
           2.69624
 8
16
 1
10
33
32
23
 9
37
 6
20
21
50
42
43
22
           1.09236
           1.09142
         -0.281467
           1.25798
           1.63863
          0.429431
           1.16422
         -0.986218
         -0.673722
         -0.487275
           -1.8973
           1.49402
          -1.06983
          0.142793
          0.184966
         -0.407494
         0.0786452
##################### ACCEPTABLE SUBNET NUMBER: 11  #########################
           2.49288
 3
33
 1
37
 3
46
47
14
          0.671209
          0.599893
         -0.448203
          0.281594
          0.285416
           -2.4765
         0.0806779
         -0.622143
         -0.540526
##################### ACCEPTABLE SUBNET NUMBER: 12  #########################
           2.87508
11
38
25
 9
 1
15
48
 7
18
33
31
12
 6
27
29
47
41
50
46
          0.656224
          0.614185
          0.504319
         0.0448712
         -0.259546
          0.507615
          0.922991
         -0.198977
         -0.935866
         -0.369176
          0.163433
         -0.608409
          -1.10645
         -0.568995
          0.682133
          0.272944
         -0.202222
          0.414021
          -1.43502
           -1.4976
##################### ACCEPTABLE SUBNET NUMBER: 13  #########################
           2.88632
10
30
11
32
 5
 8
 7
25
 1
24
36
 3
41
43
40
           1.34103
           1.31273
          0.635795
           1.32883
          -1.45302
          0.901138
          0.374169
          0.130087
          0.214972
         -0.418302
         0.0467844
         -0.699674
         -0.917133
          0.855205
           1.05518
        -0.0658155
##################### ACCEPTABLE SUBNET NUMBER: 14  #########################
           2.51337
10
 9
30
25
28
37
32
33
45
12
24
 3
20
46
43
          0.933205
          0.901578
          0.319325
         0.0843407
          0.951237
          0.508326
         -0.419313
         -0.502157
         -0.805054
         -0.087991
         -0.675905
          -1.56489
         -0.566446
          0.742006
          0.484902
           -1.8142
##################### ACCEPTABLE SUBNET NUMBER: 15  #########################
           2.97323
 5
 3
35
33
15
38
 2
20
41
          0.773053
          0.173243
         -0.225484
         -0.263234
       -0.00396351
          -0.15687
         -0.359384
         -0.113971
           0.34151
         -0.186066
##################### ACCEPTABLE SUBNET NUMBER: 16  #########################
          0.732808
 9
15
 1
32
11
 9
33
16
19
45
 7
43
46
29
50
22
34
14
           1.31857
           1.18677
          0.856139
          0.625084
           1.54259
           1.44593
          0.278525
         -0.195434
          0.625791
        -0.0570832
            0.5271
          -0.51408
           1.38316
           1.42587
          0.958657
          0.337427
          0.181256
          -1.12862
           1.08541
##################### ACCEPTABLE SUBNET NUMBER: 17  #########################
            2.4049
 6
32
 1
33
45
 9
 8
 4
49
21
34
50
           0.43759
          0.368653
           1.21129
           1.28998
           1.94591
           1.72488
          0.268933
          -1.20525
           1.38376
           1.65473
           1.14273
           1.63155
         -0.630568
##################### ACCEPTABLE SUBNET NUMBER: 18  #########################
           2.28842
 7
 1
33
 7
37
32
31
38
 2
43
46
          0.432419
          0.372685
         -0.665242
          0.362441
          0.292158
          0.224969
         -0.719827
         -0.939041
         -0.506917
          -2.24986
         0.0419579
           0.08398
##################### ACCEPTABLE SUBNET NUMBER: 19  #########################
           2.71125
 3
32
 1
23
 4
20
22
41
34
           1.39762
           1.36408
         -0.337072
          0.182511
          0.350242
          -1.71797
          0.161445
          -1.07087
          -1.11352
          -1.68913
##################### ACCEPTABLE SUBNET NUMBER: 20  #########################
            2.3675
 1
15
 3
14
20
21
           1.63828
          -2.39666
          -1.44198
         -0.605388
         -0.157789
        -0.0367034
        -0.0270223
##################### ACCEPTABLE SUBNET NUMBER: 21  #########################
           2.55648
 8
 1
25
23
24
 2
30
28
 7
 3
 6
27
47
            1.2967
           1.27347
          0.384058
          0.981814
           0.62564
          -1.03901
          -1.25046
          0.565913
         -0.469933
         -0.950073
         -0.337696
          0.178813
           0.73617
          -1.22512
##################### ACCEPTABLE SUBNET NUMBER: 22  #########################
           2.79322
 6
32
35
 1
37
 8
15
 2
20
41
         -0.134427
         -0.307386
         -0.362605
         0.0492858
         -0.467548
          0.350311
         -0.348575
         -0.886544
         -0.768799
         -0.939274
         -0.513343
##################### ACCEPTABLE SUBNET NUMBER: 23  #########################
           2.07465
11
30
16
 8
28
25
37
 2
19
18
 9
 5
 3
20
46
29
           1.47343
           1.44257
          0.320894
          0.880469
         0.0234663
          0.267296
          -1.23618
          0.509685
         -0.856761
          -1.48404
          -1.38553
          0.661929
         -0.668483
         -0.383133
          0.689599
          0.460854
          -1.43474
##################### ACCEPTABLE SUBNET NUMBER: 24  #########################
           3.20107
 1
 1
 2
43
41
          0.111768
        0.00316243
          0.345664
          0.683451
           0.49834
          0.268385
##################### ACCEPTABLE SUBNET NUMBER: 25  #########################
           5.49205
 9
 7
33
32
35
25
30
24
23
45
 2
20
27
         0.0771973
         0.0808516
         -0.224628
         -0.434256
          0.257569
          -1.43451
          -1.48387
          0.414127
          -0.80314
          -2.38988
          -2.38988
          -1.50411
         -0.160212
         -0.502665
##################### ACCEPTABLE SUBNET NUMBER: 26  #########################
           4.66605
 3
37
16
11
 4
20
21
44
22
        -0.0467129
         -0.700684
         -0.180969
         0.0139375
          -1.04321
         -0.324375
          0.229522
          -1.12314
         -0.325238
          -1.19834
##################### ACCEPTABLE SUBNET NUMBER: 27  #########################
           2.47892
 9
30
11
10
23
16
 2
33
28
25
 2
20
41
           1.15073
           1.14295
         0.0240828
            1.3026
          0.354005
           1.08728
          0.417789
          0.835772
           1.01338
           0.93204
          -1.20217
         -0.949482
           1.08045
          0.875034
##################### ACCEPTABLE SUBNET NUMBER: 28  #########################
           3.03022
 4
30
 7
25
31
 3
40
41
27
          0.252068
          0.156051
        -0.0765564
          0.653084
             0.254
           -1.1211
         -0.584267
         0.0978655
          0.252398
          0.288727
##################### ACCEPTABLE SUBNET NUMBER: 29  #########################
           5.16814
 6
30
28
 9
 1
 5
33
 1
44
           0.72864
          0.556875
         0.0713171
          -0.82543
          -1.04424
          0.363982
         -0.692483
         0.0368117
         -0.915278
          0.224255
##################### ACCEPTABLE SUBNET NUMBER: 30  #########################
           4.69586
 6
24
 7
36
 1
 3
17
 3
44
21
27
          0.598664
          0.239342
         0.0709822
          0.271637
         -0.117221
          0.197595
         -0.583658
         -0.109857
         -0.812801
          0.399533
          0.164059
          -0.56504
##################### ACCEPTABLE SUBNET NUMBER: 31  #########################
           4.97427
 7
25
 7
24
 9
 8
28
33
 2
27
34
          0.240892
          0.263068
          -0.13728
          0.728843
          0.366487
         -0.171922
          -1.91769
          -0.10021
          -1.49367
          -2.41563
          0.343888
         -0.774889
##################### ACCEPTABLE SUBNET NUMBER: 32  #########################
            5.1789
 5
 7
24
25
 1
19
 0
        0.00530223
      -4.08389e-05
          -0.35897
          0.428282
         -0.176456
          0.406183
          -1.37787
         -0.764026
##################### ACCEPTABLE SUBNET NUMBER: 33  #########################
           5.20381
 5
12
 5
30
13
 2
 9
43
34
22
50
40
42
 6
14
29
           2.08017
           1.91294
           1.44283
           1.57491
         -0.960766
           1.45922
          0.862448
         -0.476046
            1.6921
          0.390686
         -0.761789
          -1.26405
          -1.58096
          0.389647
          0.700902
           1.59134
          0.618445
##################### ACCEPTABLE SUBNET NUMBER: 34  #########################
           3.58727
 4
25
35
 2
 7
 2
47
20
          0.927487
          0.953786
          0.299122
           1.26286
         -0.659922
         -0.835057
         -0.189109
          0.642759
           1.03357
##################### ACCEPTABLE SUBNET NUMBER: 35  #########################
           4.66995
 7
 5
25
35
10
17
28
24
 4
41
20
29
14
           1.92691
           1.88157
           1.21044
          0.539921
          0.626928
          0.287074
         0.0975534
          -1.28175
         -0.225643
         -0.797531
           1.14418
           1.32705
          -1.26329
         -0.245238
##################### ACCEPTABLE SUBNET NUMBER: 36  #########################
           5.79283
 8
12
 3
19
25
37
35
11
13
 2
44
41
          0.808277
          0.684137
          0.317444
         -0.490701
          0.408416
          -0.49048
        -0.0907105
         -0.875749
         -0.874884
         -0.478583
          -0.83505
          0.508482
          -1.14695
##################### ACCEPTABLE SUBNET NUMBER: 37  #########################
           2.96946
 6
35
36
17
16
10
37
 3
20
34
29
          0.136522
         -0.359556
         -0.182902
          0.109118
         -0.308387
          -1.35736
        -0.0955556
        -0.0411499
          -1.04177
          0.331055
        -0.0288815
         -0.652292
##################### ACCEPTABLE SUBNET NUMBER: 38  #########################
           5.61187
 1
 1
 0
           -0.5003
         -0.864997
        -0.0907597
          0.248497
##################### ACCEPTABLE SUBNET NUMBER: 39  #########################
           4.28604
 6
30
25
28
 2
 1
13
 1
20
          0.704285
          0.732757
          0.283758
           1.12451
         -0.820496
          -1.55759
         -0.720437
          -1.06189
          -1.03175
          0.865224
##################### ACCEPTABLE SUBNET NUMBER: 40  #########################
           2.60072
 4
10
33
 1
16
 0
          0.278286
          0.197405
         -0.620236
          0.227767
          0.175583
          0.307571
         -0.933923
##################### ACCEPTABLE SUBNET NUMBER: 41  #########################
           5.72782
 7
 1
 2
37
45
 9
38
33
 5
49
44
43
34
27
         0.0605848
         -0.646381
          -0.18501
       -0.00485101
         -0.947614
          -1.84573
         -0.494678
         -0.947564
         -0.727043
         -0.947389
          -0.26767
          -0.19372
         -0.162485
         -0.947389
          -0.98677
##################### ACCEPTABLE SUBNET NUMBER: 42  #########################
           5.41926
 6
 2
 5
16
 8
37
35
 3
44
43
22
          0.897989
          0.866555
          0.835223
         0.0469004
         -0.305551
         -0.664196
           1.07819
           -1.9949
          -1.28198
          0.959787
          0.502788
          -1.10863
##################### ACCEPTABLE SUBNET NUMBER: 43  #########################
           2.01557
 5
 7
18
 1
45
38
 4
20
44
27
21
           1.72873
           1.69027
          0.559448
        -0.0283618
          0.814852
          0.934784
         -0.677689
          -1.35683
          0.380437
           0.75436
          0.343599
          0.166398
##################### ACCEPTABLE SUBNET NUMBER: 44  #########################
           5.67695
 8
30
23
 8
13
32
 2
28
12
 7
22
20
47
14
34
42
41
          0.481938
          0.523049
          0.352212
           1.39697
           -1.3758
         -0.419278
         -0.913778
         -0.513607
         -0.461163
         -0.970717
         -0.328252
          0.967577
          0.431374
          0.398188
          -1.01286
         -0.721178
          -1.17077
         -0.169678
##################### ACCEPTABLE SUBNET NUMBER: 45  #########################
           4.51612
14
25
 8
 9
10
35
 2
 1
 7
19
11
12
15
13
38
 4
43
40
34
41
           1.87492
           1.70056
           1.05162
           1.04904
          -0.33161
         -0.279081
         -0.398183
           1.18553
          -1.31479
         -0.336896
          0.302605
          0.360049
          -1.76305
          0.562899
         -0.502944
         -0.431414
         -0.379041
           1.33909
         -0.751956
         -0.238408
         -0.150882
##################### ACCEPTABLE SUBNET NUMBER: 46  #########################
           4.91254
 2
25
 7
 0
          0.113306
          0.108372
         -0.444821
          0.404704
          0.429375
##################### ACCEPTABLE SUBNET NUMBER: 47  #########################
           5.21031
 4
33
17
 9
32
 2
20
50
           0.85898
          0.906944
       -0.00141974
            1.2868
         -0.891071
          0.127165
         -0.678749
          0.727874
         -0.713806
##################### ACCEPTABLE SUBNET NUMBER: 48  #########################
           5.79458
12
31
25
37
15
13
 9
10
36
35
 8
16
12
 1
14
          -0.78998
          -1.72499
           -1.4345
         -0.313042
         -0.744583
         0.0138778
          0.166041
         -0.146788
          -1.30489
          -1.30408
          -2.05798
          -2.05798
          -1.10077
          -1.12641
          -1.12641
          0.200363
##################### ACCEPTABLE SUBNET NUMBER: 49  #########################
           3.81122
 6
18
35
32
 1
33
10
 3
14
41
34
          0.607841
          0.641127
          0.207925
           1.58093
          0.401784
        -0.0688987
         -0.530705
          0.776386
         -0.464612
           1.12788
          0.692358
        -0.0574276
##################### ACCEPTABLE SUBNET NUMBER: 50  #########################
            4.9862
 7
18
19
 7
23
33
31
35
 5
22
20
34
27
47
           0.38864
          0.425897
           0.35702
            1.7368
          -1.35014
         0.0101516
         -0.560918
          0.724389
          0.264572
          -1.60113
           1.16172
          -1.46264
         -0.370642
         -0.738547
          -1.46264
##################### ACCEPTABLE SUBNET NUMBER: 51  #########################
           2.89323
 3
30
33
15
 3
41
14
44
          0.252627
          0.202689
         0.0483469
          0.830429
         -0.593268
        -0.0917301
          0.406345
          0.535448
          -0.30225
##################### ACCEPTABLE SUBNET NUMBER: 52  #########################
           4.02191
 5
25
30
33
23
 7
 5
20
34
22
50
49
          0.669749
          0.626567
         -0.388406
         0.0480896
          0.363694
          0.172904
          -2.18138
         -0.459491
         -0.553326
         -0.382535
         -0.669729
         -0.379925
          -1.48425
##################### ACCEPTABLE SUBNET NUMBER: 53  #########################
             5.777
 8
33
19
 2
38
 3
 5
25
45
 1
43
           1.46223
           1.50899
           1.13158
           1.95794
          0.947452
          0.654149
          0.286246
         -0.408193
         -0.314552
         -0.264368
          -1.38593
           1.35267
##################### ACCEPTABLE SUBNET NUMBER: 54  #########################
           5.81128
 2
 1
38
 1
40
          -0.13153
         -0.768074
         -0.178365
         0.0421891
          -1.23842
          -1.23689
##################### ACCEPTABLE SUBNET NUMBER: 55  #########################
            5.7471
15
24
23
 1
17
37
35
25
32
31
33
13
 7
 8
19
28
 1
43
           1.44792
           1.43748
           1.36995
         -0.267447
         -0.324349
          0.598346
         -0.332019
          -1.01476
         -0.761914
         -0.180531
         -0.169278
         -0.580122
          -1.69007
         -0.444033
          -1.02312
           1.49976
            -1.032
           1.14704
           1.45559
##################### ACCEPTABLE SUBNET NUMBER: 56  #########################
           4.32519
 4
15
30
10
45
 2
20
14
           1.54609
           1.57294
          0.765667
          0.964719
           1.54922
          0.194986
          -0.89678
           1.31515
          -0.27954
##################### ACCEPTABLE SUBNET NUMBER: 57  #########################
            5.1169
 1
31
 3
22
43
21
           1.16878
          0.935316
          0.706286
          0.833042
         0.0688027
            1.0037
         0.0385737
##################### ACCEPTABLE SUBNET NUMBER: 58  #########################
           5.62232
 2
31
 7
 1
27
           1.77228
           1.59351
          0.751449
             1.253
          0.054178
           1.31423
##################### ACCEPTABLE SUBNET NUMBER: 59  #########################
           5.37979
 6
32
13
24
25
35
28
 1
14
            1.2295
           1.27904
          0.811859
           1.65972
         -0.277823
         0.0670792
           -1.4934
          0.628806
          -1.56515
          0.981002
##################### ACCEPTABLE SUBNET NUMBER: 60  #########################
           4.99585
 2
37
35
 1
14
         -0.313166
          -1.11038
         -0.277421
         -0.665494
         0.0500343
          0.193771
##################### ACCEPTABLE SUBNET NUMBER: 61  #########################
           5.27755
 3
 8
48
 7
 2
27
14
          0.662029
          0.337158
        -0.0587119
        -0.0216261
         -0.163718
         -0.770598
         -0.686181
         0.0638468
##################### ACCEPTABLE SUBNET NUMBER: 62  #########################
           3.41016
 9
15
 9
10
35
 2
 3
 5
 1
13
 5
14
42
20
49
47
          0.379906
           0.10828
        -0.0503123
          0.252073
          0.401789
         0.0481987
         -0.942742
        0.00100179
         -0.964558
         0.0213816
          -1.89785
         -0.423448
          0.429386
         -0.722947
          -1.31826
           -2.3088
          -1.77346
##################### ACCEPTABLE SUBNET NUMBER: 63  #########################
           5.32837
 5
15
 1
 3
36
35
10
22
50
49
47
14
42
41
40
27
43
         -0.410681
         -0.684108
        -0.0169466
          -0.06845
          0.318254
          -1.20059
         -0.117074
         -0.857777
          -1.53161
         -0.516201
         -0.765569
         -0.741323
          0.120291
            -1.344
        -0.0533405
          -1.34062
         -0.281935
         -0.652976
##################### ACCEPTABLE SUBNET NUMBER: 64  #########################
           2.73639
 7
25
30
19
15
28
38
33
 2
14
46
          0.764737
          0.734438
         0.0205927
          0.444123
           0.87694
         0.0877899
         -0.554362
         -0.831903
         -0.227623
        -0.0849518
          0.611004
          0.412886
##################### ACCEPTABLE SUBNET NUMBER: 65  #########################
           3.99659
 1
25
 2
14
27
          0.552563
          0.564733
          0.041611
          0.626458
          0.334018
        -0.0422485
##################### ACCEPTABLE SUBNET NUMBER: 66  #########################
           5.67515
 4
31
 3
24
 8
 1
14
         -0.101662
         -0.394125
        -0.0550772
          0.101731
          -1.17836
          0.170052
         0.0307224
          0.281665
##################### ACCEPTABLE SUBNET NUMBER: 67  #########################
           2.82813
10
12
30
24
25
23
33
32
15
16
35
 2
20
34
          0.714949
         0.0775252
         -0.148259
         0.0334012
          -1.65144
         -0.830703
         -0.185673
         -0.750259
         -0.703226
         -0.934818
         -0.943292
         -0.975255
         -0.401591
          0.359515
         -0.713759
##################### ACCEPTABLE SUBNET NUMBER: 68  #########################
           3.83427
 7
12
17
 2
37
36
 1
35
13
14
41
42
20
44
21
27
34
43
47
40
46
29
          0.778587
          0.803626
           1.37593
         0.0401978
          -1.43573
         -0.669606
         -0.141786
          -1.32436
           1.82659
         -0.469605
           1.62382
          0.758294
         -0.260987
         -0.248349
          -1.00645
         -0.770496
         -0.242074
         -0.429039
         -0.946077
         -0.405816
         -0.035164
         -0.966527
          0.109112
##################### ACCEPTABLE SUBNET NUMBER: 69  #########################
           3.62016
 9
25
11
23
24
 8
17
28
 1
10
12
46
20
43
47
40
41
27
44
 6
29
50
42
           1.04219
           1.07057
          0.928234
           1.83925
           -1.4147
          0.858729
          0.883904
          -0.11303
          0.287885
         -0.819247
          0.556768
         -0.499997
          -1.25484
             1.625
            0.7111
         -0.693935
         -0.369183
          -1.64938
         -0.614758
          0.920198
          -2.19027
         -0.163037
          0.193732
           1.02504
##################### ACCEPTABLE SUBNET NUMBER: 70  #########################
           3.83583
 5
31
33
30
28
 7
 1
34
        0.00855633
         -0.225939
         -0.291844
         -0.379076
         0.0509827
          0.310326
         -0.410123
        -0.0484255
         0.0680362
##################### ACCEPTABLE SUBNET NUMBER: 71  #########################
           3.56276
 4
25
30
32
 7
 8
21
50
49
47
29
 6
20
46
          0.135904
         0.0136869
         -0.339267
         0.0579274
          0.368336
        -0.0749109
         0.0388875
        -0.0199222
         -0.522901
          -1.05847
          -1.05339
         -0.821706
         -0.753947
         -0.378881
         -0.571978
##################### ACCEPTABLE SUBNET NUMBER: 72  #########################
           3.59913
 7
30
33
24
11
 7
13
23
 7
43
46
44
14
27
29
49
           1.91055
           1.89949
          0.849466
           1.48922
         0.0438883
          0.239325
          -1.21264
          0.611173
           -1.5922
           -1.2177
           1.10633
          0.446264
           1.13316
          -0.14079
          -1.45213
          -1.83199
          -1.13234
##################### ACCEPTABLE SUBNET NUMBER: 73  #########################
           3.24717
 6
25
48
 7
17
35
31
 4
43
20
34
47
           1.00709
           1.02122
          -0.18346
          0.629283
         -0.138007
          0.468185
           -1.1285
          -2.42065
         -0.645789
          0.178393
          0.379063
         -0.673326
          -1.58579
##################### ACCEPTABLE SUBNET NUMBER: 74  #########################
           2.10285
 9
30
16
45
11
 1
33
 2
 7
31
 1
20
          0.525759
          0.486473
          -0.34026
          0.415261
          0.137878
          -1.09725
         -0.913902
          0.498604
          0.132813
         -0.712004
         -0.739422
          -1.45209
          0.348731
##################### ACCEPTABLE SUBNET NUMBER: 75  #########################
           4.72646
 6
45
24
10
37
31
35
 4
44
49
20
47
          0.632742
          0.465783
            1.0896
           1.26251
           1.04375
         -0.412579
          0.998109
          -0.62833
          -2.48912
           1.37686
         -0.609208
          -1.24025
           0.70019
##################### ACCEPTABLE SUBNET NUMBER: 76  #########################
            4.8551
 6
24
37
10
19
23
15
 1
44
           2.04117
           1.90842
           1.37876
           1.47945
           1.47371
         -0.264303
         0.0289462
          -1.44454
          0.823058
           1.61143
##################### ACCEPTABLE SUBNET NUMBER: 77  #########################
           5.48577
 3
33
 7
10
 1
20
          0.400926
          0.446405
         -0.160297
            1.0407
         0.0347428
          -1.40452
          0.460556
##################### ACCEPTABLE SUBNET NUMBER: 78  #########################
           5.52483
 7
18
 7
 3
33
28
11
 9
 4
40
27
20
50
          0.884535
           0.91489
          0.403756
           1.01389
          -1.40224
         -0.738819
          -1.37231
         -0.783767
          -1.05943
         -0.620986
          0.472059
         -0.150311
         -0.661499
           0.23179
##################### ACCEPTABLE SUBNET NUMBER: 79  #########################
           3.48502
 4
33
16
30
31
 3
29
44
46
            1.1004
           1.09966
           0.27757
          0.812355
          0.266904
           1.29814
         -0.987828
         0.0589522
          0.990456
        0.00436561
##################### ACCEPTABLE SUBNET NUMBER: 80  #########################
           2.61734
 5
38
16
13
15
30
 6
40
34
41
14
21
22
          0.734461
          -1.41756
           1.09713
          -1.87307
           0.96966
         -0.594857
            1.5339
          -1.34921
           1.94316
        -0.0905416
           1.68223
           1.54681
         -0.731521
          0.786508
##################### ACCEPTABLE SUBNET NUMBER: 81  #########################
           3.60781
 8
30
10
 3
 7
33
32
 8
28
 2
44
47
           1.92766
           1.91397
           1.27058
           1.94179
           1.22682
          0.208846
        -0.0259143
          0.434593
          0.285888
         -0.375184
         -0.226122
           1.64686
          -0.17973
##################### ACCEPTABLE SUBNET NUMBER: 82  #########################
           4.86488
15
37
23
 7
13
 8
45
28
33
 3
 9
10
32
25
17
31
 6
43
41
21
14
47
 6
           1.40226
           1.31667
            1.8517
          0.965245
          0.952407
           1.05699
         -0.884854
         -0.410289
           0.58508
          0.464227
          0.401777
            -0.164
          0.409393
         -0.297035
          -1.16474
          0.716711
          -1.36906
        -0.0177711
           1.92841
           1.79209
          0.356611
         -0.433288
          0.869357
         -0.848505
##################### ACCEPTABLE SUBNET NUMBER: 83  #########################
           3.55982
 5
30
24
 7
35
33
 4
27
41
46
22
          0.916077
            0.9047
          0.961025
           1.63879
          0.448423
          0.828423
         -0.500742
           1.20302
           1.29069
           1.18524
          0.248453
          0.273757
##################### ACCEPTABLE SUBNET NUMBER: 84  #########################
           3.42491
 3
19
30
45
 0
         -0.743637
          -1.68225
         -0.384979
         0.0318887
         -0.434565
          -1.04383
##################### ACCEPTABLE SUBNET NUMBER: 85  #########################
           1.74995
 7
25
33
 1
 9
24
31
32
 3
20
34
27
          0.457539
          0.430072
          0.270672
          0.538169
          -1.00624
          0.877552
          -0.57705
          -0.55394
          -0.16712
          -1.41472
          0.713588
        0.00778869
         -0.487116
##################### ACCEPTABLE SUBNET NUMBER: 86  #########################
           3.15419
 2
 1
33
 2
20
47
           1.73278
           1.75285
          0.854519
           1.48768
           1.20895
           1.34308
          -1.58082
##################### ACCEPTABLE SUBNET NUMBER: 87  #########################
           4.64008
 7
10
30
32
31
24
25
15
 2
14
49
          0.855589
          0.897912
          0.266196
          0.827093
         0.0495249
         -0.244857
          -1.66326
         0.0673446
          0.811944
         -0.558935
          0.533404
         -0.206376
##################### ACCEPTABLE SUBNET NUMBER: 88  #########################
           2.74225
 1
12
 3
41
20
21
          0.728152
          0.121983
        0.00957569
          0.198888
          0.171914
          0.524638
         -0.812932
##################### ACCEPTABLE SUBNET NUMBER: 89  #########################
           1.85015
 8
30
25
15
19
 1
28
 9
36
 2
14
20
           1.30972
           1.28317
          0.162478
          0.256791
          0.397904
         -0.273473
         -0.816827
          0.759809
         -0.536619
           -1.1252
         -0.384258
          0.572647
          0.446927
##################### ACCEPTABLE SUBNET NUMBER: 90  #########################
           4.40238
11
24
25
37
33
35
16
 8
13
32
 3
 1
 3
40
21
29
           1.65294
           1.66747
          0.527783
           0.52257
            1.2142
         -0.338512
         -0.632133
          -2.05476
          -1.04018
          -0.51651
           -1.5274
         -0.164553
         -0.577672
          -1.52771
          0.833228
          0.352669
          0.645483
##################### ACCEPTABLE SUBNET NUMBER: 91  #########################
           5.51768
 6
25
 8
35
30
13
 1
 3
43
40
34
           1.52832
           1.51025
          0.973265
           0.70383
            1.1569
          0.183339
           1.02708
           -0.4398
          0.268226
           1.08836
         -0.494478
         -0.692773
##################### ACCEPTABLE SUBNET NUMBER: 92  #########################
           4.64442
 6
16
 1
11
15
 3
 5
 1
20
          0.878059
          0.922657
           0.13859
            1.7495
          0.503999
         -0.790196
         -0.397456
         -0.607733
          -1.09093
           1.01698
##################### ACCEPTABLE SUBNET NUMBER: 93  #########################
           5.46132
14
31
16
30
 2
33
12
13
19
 8
 7
25
 1
28
32
 3
22
50
40
           1.93207
           1.97665
           1.46622
          -1.00405
          0.916967
           2.18848
           1.36514
          0.878761
          -1.19208
          -1.27277
         -0.757857
          -0.71381
          0.647935
          -1.28104
           1.00832
         -0.160559
          0.504164
           1.77542
            1.3201
         -0.402088
##################### ACCEPTABLE SUBNET NUMBER: 94  #########################
           2.06888
 6
 9
 1
19
37
33
25
 6
47
42
20
40
41
22
           1.27172
           1.22712
          0.816873
           1.47612
            1.3943
         -0.427541
        -0.0950977
          -1.58024
          -1.51463
          0.807192
          -1.42332
           1.31944
          -0.37118
          0.165211
          -1.10078
##################### ACCEPTABLE SUBNET NUMBER: 95  #########################
           4.71556
 8
28
 3
 2
 9
25
 1
32
37
 4
27
42
47
14
           1.65137
           1.68747
           1.34692
          0.951098
          0.148316
          0.171398
          0.407812
           2.09422
          0.045201
          0.726033
         -0.516783
           1.75312
         0.0924675
          -0.78287
         -0.432421
##################### ACCEPTABLE SUBNET NUMBER: 96  #########################
           4.86196
17
36
30
 3
16
 7
28
24
 2
 1
 8
19
23
13
15
33
 9
38
 2
14
27
           1.14203
           1.18701
          0.875559
          0.607644
           1.29201
          0.101502
           1.90198
          -1.73501
          0.772886
         -0.615409
          -1.11749
          0.685953
        -0.0423065
          -1.94259
       0.000353197
         -0.324591
         -0.457836
          0.259644
          0.270158
         -0.240356
           1.16817
          -1.02521
##################### ACCEPTABLE SUBNET NUMBER: 97  #########################
           5.09365
 6
12
10
 8
 9
16
 5
 3
14
50
41
         -0.189452
         -0.842691
         -0.179483
         0.0500674
         -0.197016
         -0.262551
          -0.48023
         -0.391434
         -0.682559
          0.224018
         -0.500757
          -0.79926
##################### ACCEPTABLE SUBNET NUMBER: 98  #########################
           4.89185
 4
45
10
16
 1
 3
41
43
 6
           1.63141
           1.54147
            1.2914
           0.50774
         -0.213986
          0.239809
          0.470788
           1.23667
           1.37533
          0.440669
##################### ACCEPTABLE SUBNET NUMBER: 99  #########################
           4.62022
11
11
12
10
13
32
25
19
38
 1
45
33
 4
14
44
27
43
           1.52589
           1.32794
          0.864272
          0.592362
           1.03071
          0.686218
          0.767467
          -1.22351
          0.414935
          0.344387
          -1.82708
          0.260865
          0.471889
           -0.3039
           1.08303
           1.12458
         -0.653416
         -0.771764
##################### ACCEPTABLE SUBNET NUMBER: 100  #########################
           3.64671
 9
30
 9
 3
11
28
 8
 5
33
45
 2
20
14
           1.28095
           1.28157
       -0.00913159
          0.610628
          0.170081
         -0.230697
         -0.513712
          -1.36375
          -1.44261
         -0.665105
          0.136505
          -1.02783
          0.381547
         -0.913591
----------Number of Acceptable Subnets found: 100 -----------
----------END FOR GENE 39 -----------
