File open successful. It contains: 
Finished reading file, will close now.
File x_dt open successful.
Finished reading file x_dt, will close now.
File sd_d open successful.
Finished reading file sd_d, will close now.
--------START FOR GENE 44 -----------
 Values arranged as error, n_ka, gene ids for ka, n_kd, gene ids for kd,
 r0, d, ea, ka_values, kd_values for each subnet. 
##################### ACCEPTABLE SUBNET NUMBER: 1  #########################
           2.05618
 0
 1
39
          -1.07319
          -0.79771
          0.415759
         -0.602723
##################### ACCEPTABLE SUBNET NUMBER: 2  #########################
           1.84223
 5
17
13
29
28
30
 0
         -0.326846
         -0.706238
          -0.14366
         -0.265842
         -0.574344
          -1.50103
          -1.59086
          -1.57551
##################### ACCEPTABLE SUBNET NUMBER: 3  #########################
          0.603861
 8
37
 1
28
 2
 4
33
24
42
 0
           0.32835
          0.408565
         -0.154466
        -0.0136363
        -0.0953584
          -1.02899
          0.823636
         0.0379122
          -0.92356
          -1.85297
           -1.7003
##################### ACCEPTABLE SUBNET NUMBER: 4  #########################
           1.58029
 5
43
 7
 8
 2
 1
 0
        -0.0945052
         -0.481641
         -0.148809
         -0.177531
         -0.841505
         -0.880299
         -0.829523
          -1.47615
##################### ACCEPTABLE SUBNET NUMBER: 5  #########################
           2.05624
14
33
20
22
16
 8
13
14
37
47
46
45
43
48
42
 0
          -1.08221
         -0.797431
          -1.56417
           3.08714
          0.556273
         -0.578259
          0.556273
         -0.759156
          0.288506
         -0.759156
          0.490137
           1.47194
          0.491427
           1.47194
          0.491427
           1.47194
          0.491427
##################### ACCEPTABLE SUBNET NUMBER: 6  #########################
          0.849794
11
45
 6
21
10
15
33
 2
16
 8
 5
49
 3
25
26
11
           1.27181
           1.41257
          0.276092
           1.01043
          -2.29928
        -0.0803423
          -1.87343
          0.859832
         -0.988196
          -1.07553
           -1.9079
          -1.80619
          0.531508
          0.347626
          0.765936
          0.602171
         -0.613658
##################### ACCEPTABLE SUBNET NUMBER: 7  #########################
           2.05525
 0
 1
39
         -0.622762
         -0.798294
        -0.0688829
         -0.682571
##################### ACCEPTABLE SUBNET NUMBER: 8  #########################
           1.30157
 3
15
13
10
 0
          0.853687
          0.977269
         0.0787634
          -1.28292
          0.392545
         0.0810845
##################### ACCEPTABLE SUBNET NUMBER: 9  #########################
           1.26529
10
 6
46
15
 7
13
 1
10
33
29
30
 1
25
          0.818411
          0.972846
         0.0755309
          0.544993
         -0.174219
       -0.00837616
          0.155466
         -0.911802
          -1.07458
         -0.544845
         -0.750429
          0.204637
          -1.73426
         -0.497733
##################### ACCEPTABLE SUBNET NUMBER: 10  #########################
           1.24829
 2
10
 7
 1
11
         -0.183067
         -0.830306
         -0.241213
         -0.145655
         -0.480156
         -0.434594
##################### ACCEPTABLE SUBNET NUMBER: 11  #########################
           1.82179
 2
29
 7
 0
         -0.997407
         -0.765175
          0.206151
         0.0661284
          0.479602
##################### ACCEPTABLE SUBNET NUMBER: 12  #########################
           1.03678
 3
37
30
 7
 2
26
25
           1.82615
            1.9597
            1.2735
           1.40432
          -1.73793
        -0.0471408
           1.19797
           1.15523
##################### ACCEPTABLE SUBNET NUMBER: 13  #########################
           2.05142
 1
10
 0
         -0.333527
         -0.796063
         -0.165464
         -0.703072
##################### ACCEPTABLE SUBNET NUMBER: 14  #########################
           1.36933
12
28
43
24
 7
48
 5
10
29
 8
33
13
47
 3
39
25
27
           1.06126
           1.21148
          0.920232
           1.48191
          0.630502
           1.42791
          0.104221
        -0.0766322
           -1.3625
          0.881233
          -1.58135
         -0.452685
          0.230578
          -1.61932
         -0.782725
           1.06304
          0.607721
          -2.34868
##################### ACCEPTABLE SUBNET NUMBER: 15  #########################
           1.30634
 4
33
21
17
43
 3
50
39
32
          0.953649
           1.10306
          0.649835
         0.0176341
          0.145843
          0.451428
          -1.40269
         -0.204088
          -1.01909
           0.55718
##################### ACCEPTABLE SUBNET NUMBER: 16  #########################
           1.88671
 7
15
37
29
17
45
43
42
 1
39
         0.0465418
          -0.54206
          -0.20394
         -0.754134
         -0.387421
         -0.380149
          -1.99922
         -0.949402
           -0.9089
         -0.955619
         -0.687858
##################### ACCEPTABLE SUBNET NUMBER: 17  #########################
           2.05624
10
47
21
45
42
40
43
38
37
33
16
 3
41
39
34
           -1.0821
         -0.797356
         -0.652658
           3.35072
          -1.39494
          0.238118
          -1.31474
          0.238118
          -1.31474
          0.238118
          -1.31474
          0.238118
          -0.58952
          -1.31474
          -1.31474
          -1.31474
##################### ACCEPTABLE SUBNET NUMBER: 18  #########################
           2.05506
 1
13
 0
          -1.00966
         -0.796894
          0.186082
         -0.331372
##################### ACCEPTABLE SUBNET NUMBER: 19  #########################
           1.11115
11
33
45
37
17
46
 7
14
49
16
43
21
 3
 9
32
39
          0.574913
          0.680945
         0.0320881
          -1.58917
           0.12698
          0.245884
         -0.537813
         -0.344341
        -0.0357919
          -1.12874
          -1.13187
          -1.76104
         -0.620279
         -0.679631
          0.259405
          -1.90441
         -0.553213
##################### ACCEPTABLE SUBNET NUMBER: 20  #########################
           1.33436
 9
13
37
33
31
29
47
17
28
15
 2
39
32
          0.658389
          0.809413
           1.99267
          0.301305
            0.7687
          0.475748
          0.532296
            0.4137
           -2.2636
         -0.415475
         -0.193071
          -0.50917
          0.900147
           1.89823
##################### ACCEPTABLE SUBNET NUMBER: 21  #########################
           1.03423
 9
 7
 4
46
15
 6
33
47
29
42
 2
39
32
          0.606625
          0.733837
         0.0770574
         0.0906818
          0.396283
        -0.0809179
        -0.0948682
          -1.54901
         -0.471754
         -0.762825
          -2.02269
         -0.696932
         -0.787699
         -0.244849
##################### ACCEPTABLE SUBNET NUMBER: 22  #########################
           1.11579
 4
 5
 1
20
21
 1
19
          0.134481
         -0.189895
         -0.121941
         -0.658403
          -1.08506
        -0.0788083
          -1.96473
          -1.95889
##################### ACCEPTABLE SUBNET NUMBER: 23  #########################
           1.23265
 2
10
12
 0
         -0.158017
         -0.792423
         -0.236781
         -0.127336
         -0.812963
##################### ACCEPTABLE SUBNET NUMBER: 24  #########################
           2.05096
 1
22
 0
          0.412671
         -0.777309
         -0.364653
         -0.784222
##################### ACCEPTABLE SUBNET NUMBER: 25  #########################
           1.37641
 2
 4
17
 0
         0.0368973
          0.134297
         0.0734541
          0.216627
          -1.52408
##################### ACCEPTABLE SUBNET NUMBER: 26  #########################
           2.05279
 0
 1
11
          0.464501
         -0.797865
         -0.382494
         -0.470978
##################### ACCEPTABLE SUBNET NUMBER: 27  #########################
           1.34599
 2
22
10
 1
11
         -0.121872
         -0.141743
        -0.0121619
         0.0298244
         0.0788055
          -0.32815
##################### ACCEPTABLE SUBNET NUMBER: 28  #########################
           2.00224
 1
37
 2
50
25
         -0.225359
         -0.854329
         -0.212117
          -1.19464
         -0.206206
         -0.455248
##################### ACCEPTABLE SUBNET NUMBER: 29  #########################
           1.02858
 3
 2
45
12
 3
25
11
34
          0.544432
          0.563087
         0.0197067
         -0.406493
         0.0869814
           -1.8383
        -0.0462571
          -1.40943
          -1.30748
##################### ACCEPTABLE SUBNET NUMBER: 30  #########################
           1.36157
 8
10
14
16
17
 6
13
12
15
 0
          0.229057
         -0.437616
         -0.226662
         -0.436682
         -0.281155
          -1.49445
          -1.81699
          -1.59558
          -1.18127
          -1.16984
         -0.621909
##################### ACCEPTABLE SUBNET NUMBER: 31  #########################
          0.720719
 4
20
 7
49
21
 0
          0.740557
          0.673781
        -0.0314641
            0.1408
         -0.113955
          -1.27936
           -1.1523
##################### ACCEPTABLE SUBNET NUMBER: 32  #########################
           1.49283
 2
33
17
 3
26
39
25
           1.48992
           1.63611
           1.64686
           1.19246
         -0.181637
           1.56598
        0.00976068
         -0.428372
##################### ACCEPTABLE SUBNET NUMBER: 33  #########################
           1.15827
 6
33
 4
37
 8
13
29
 0
          0.956059
            1.0975
         -0.374764
          0.104273
          0.420186
          0.239407
         -0.653849
           -0.2688
          0.446932
##################### ACCEPTABLE SUBNET NUMBER: 34  #########################
           1.26839
 3
12
17
14
 0
          0.736693
          0.753859
         0.0202284
       -0.00592684
         0.0701157
          -1.43358
##################### ACCEPTABLE SUBNET NUMBER: 35  #########################
           1.50655
 3
14
46
20
 1
19
         -0.446308
         -0.542939
        -0.0400826
         0.0340056
         -0.319912
         -0.206311
        -0.0378331
##################### ACCEPTABLE SUBNET NUMBER: 36  #########################
          0.822051
 5
33
30
12
13
10
 2
11
32
         -0.696949
         -0.897027
           0.39852
         -0.095039
          -1.66133
          -1.09528
          -1.10278
          -1.10328
          0.630938
          0.480135
##################### ACCEPTABLE SUBNET NUMBER: 37  #########################
            1.3095
 0
 1
32
          0.996951
           1.15177
           1.51076
            1.4117
##################### ACCEPTABLE SUBNET NUMBER: 38  #########################
           1.23548
 1
 7
 1
39
          -1.46661
          -1.26106
         -0.649778
           0.59539
         -0.365691
##################### ACCEPTABLE SUBNET NUMBER: 39  #########################
           1.24303
 1
28
 3
26
27
25
           1.28635
         -0.719446
         -0.556514
          -1.91883
         -0.819652
          -2.08499
        -0.0205302
##################### ACCEPTABLE SUBNET NUMBER: 40  #########################
           1.15747
 8
13
14
15
30
 7
46
12
45
 0
          0.388216
          0.542876
        -0.0862409
          0.387759
         -0.881007
          0.578624
          -1.12885
          -1.90889
         0.0886575
          -1.20923
         -0.123028
##################### ACCEPTABLE SUBNET NUMBER: 41  #########################
           1.24821
 4
 6
 7
 5
28
 0
           -1.4684
          -1.26718
          -1.03739
         -0.582316
          0.561885
         -0.678188
          -1.51725
##################### ACCEPTABLE SUBNET NUMBER: 42  #########################
           1.23663
10
40
38
 6
 7
 8
24
21
20
 2
17
 3
39
 9
25
         -0.836803
         -0.700391
           0.18579
          -0.68976
         -0.711552
          -1.17168
        -0.0208871
         -0.247447
          -1.10506
          -1.09711
          -1.11161
          -1.13475
         -0.353778
        -0.0143078
         -0.235131
          0.142084
##################### ACCEPTABLE SUBNET NUMBER: 43  #########################
           2.05624
 0
 1
11
         -0.670664
         -0.797067
          -0.04945
          -1.23105
##################### ACCEPTABLE SUBNET NUMBER: 44  #########################
          0.889936
 5
14
29
 2
 7
17
 0
          0.520032
          0.652072
        -0.0110189
         -0.222336
          0.412057
           0.18956
          0.118617
          0.388707
##################### ACCEPTABLE SUBNET NUMBER: 45  #########################
           1.04841
11
 8
10
45
43
13
17
 1
24
 5
 7
33
 0
          0.866567
          0.910109
         0.0187367
       -0.00430349
         -0.467004
         -0.775409
        -0.0574935
         -0.377582
          0.167511
         -0.357201
         -0.231606
         -0.606465
           -1.0907
         -0.160973
##################### ACCEPTABLE SUBNET NUMBER: 46  #########################
           1.25939
 1
29
 3
25
19
 9
          0.900494
           1.03695
        -0.0224389
          0.515362
          -0.41355
         -0.238212
         -0.261397
##################### ACCEPTABLE SUBNET NUMBER: 47  #########################
          0.866281
 2
10
28
 0
           -1.2213
          -1.00803
         -0.237055
          0.681575
        0.00729003
##################### ACCEPTABLE SUBNET NUMBER: 48  #########################
           2.02383
 4
 2
 4
40
38
 1
11
         -0.988117
         -0.748526
          0.240193
        -0.0132019
          0.340821
         -0.969918
         -0.925736
          -1.07685
##################### ACCEPTABLE SUBNET NUMBER: 49  #########################
           1.36079
 1
13
 0
          0.327608
           0.44618
         0.0854425
          0.298914
##################### ACCEPTABLE SUBNET NUMBER: 50  #########################
           1.94435
 1
13
 0
        -0.0020073
         -0.696904
         -0.233162
         -0.427506
##################### ACCEPTABLE SUBNET NUMBER: 51  #########################
           1.22486
 4
15
30
 2
 4
 0
          0.445618
          0.600718
          0.049886
          0.588727
           0.20015
         0.0617727
         -0.702083
##################### ACCEPTABLE SUBNET NUMBER: 52  #########################
           1.99046
 1
33
 1
39
         -0.173037
         -0.773191
         -0.197749
          -2.81369
         -0.194399
##################### ACCEPTABLE SUBNET NUMBER: 53  #########################
           1.06933
 4
 7
 6
10
15
 0
          -1.29954
          -1.08154
         -0.152452
          0.624882
         -0.944812
           0.39596
         -0.382944
##################### ACCEPTABLE SUBNET NUMBER: 54  #########################
          0.893744
 2
43
10
 3
 9
11
26
          0.378062
         0.0239081
         -0.149794
        -0.0909582
         -0.102464
         -0.499728
         -0.507778
         -0.517009
##################### ACCEPTABLE SUBNET NUMBER: 55  #########################
           1.38348
 5
37
20
22
10
30
 3
23
 9
11
         -0.152875
          -1.31552
         -0.312159
          -1.69402
         -0.908518
         -0.880411
         -0.547659
         -0.237737
          0.426888
         -0.547577
          0.468568
##################### ACCEPTABLE SUBNET NUMBER: 56  #########################
           1.06983
 7
29
28
10
24
33
45
16
 1
 9
         0.0596067
          0.199003
        -0.0132981
          0.524169
         -0.207101
          -1.40481
          0.316599
         -0.930654
          -1.34777
          -1.71453
           0.35503
##################### ACCEPTABLE SUBNET NUMBER: 57  #########################
           1.14427
 2
20
49
 1
25
          0.867285
          0.860897
        0.00375027
          0.201865
         -0.942761
         -0.886252
##################### ACCEPTABLE SUBNET NUMBER: 58  #########################
           2.05619
18
10
12
 6
13
14
15
 1
 5
16
45
43
42
46
40
47
29
28
30
 1
39
          -1.08226
         -0.797471
           2.20543
          -0.59778
          -0.59778
         -0.650183
          -0.59778
         -0.650183
          -0.59778
         -0.650183
          0.164312
          0.294128
          0.330893
           1.13022
          0.330893
           1.13022
          0.330893
          -1.72627
          -2.10698
          -2.10698
          -2.10698
           1.16144
##################### ACCEPTABLE SUBNET NUMBER: 59  #########################
           1.20489
 7
 4
14
16
17
22
10
 5
 0
         -0.994573
         -0.771563
          -1.67198
         -0.984387
          0.304345
        -0.0498703
          0.384024
        -0.0151069
          0.583111
          -1.53964
##################### ACCEPTABLE SUBNET NUMBER: 60  #########################
           2.05624
 1
48
 0
          -1.08209
         -0.797352
           -1.7931
           2.39187
##################### ACCEPTABLE SUBNET NUMBER: 61  #########################
           1.80303
 4
13
14
38
37
 0
          0.748886
         -0.664471
         -0.425146
          -0.71403
          -0.57318
           -2.1858
          -2.18454
##################### ACCEPTABLE SUBNET NUMBER: 62  #########################
           2.05624
 3
10
43
22
 0
          -1.08208
         -0.797328
            1.4361
          -1.34127
           1.61438
          0.152978
##################### ACCEPTABLE SUBNET NUMBER: 63  #########################
           2.05624
 3
20
47
43
 0
           -1.0821
         -0.797366
           -1.1003
           2.56427
          -1.19235
          -2.09845
##################### ACCEPTABLE SUBNET NUMBER: 64  #########################
           2.05256
10
21
12
16
 2
 4
 6
 7
13
17
28
 3
11
 9
27
          -1.06759
         -0.786385
          -1.58148
           1.14073
        -0.0748617
        -0.0819196
          -1.20002
         -0.511106
         -0.510717
          -1.19903
         -0.511286
         -0.512613
          -1.04058
          0.136109
       -0.00336339
         -0.996363
##################### ACCEPTABLE SUBNET NUMBER: 65  #########################
           1.18239
 5
10
17
47
43
38
 4
32
 9
39
41
          -1.04334
         -0.808389
          -1.33537
           1.24498
         -0.600526
         -0.165081
          -0.97116
        -0.0887883
          0.567954
        -0.0410934
         -0.973581
         -0.088652
##################### ACCEPTABLE SUBNET NUMBER: 66  #########################
          0.450325
 5
37
22
 1
 2
 5
 1
27
          0.616236
           0.62391
         -0.151632
       -0.00527882
         0.0397536
         -0.266048
           0.76994
         -0.517229
         0.0297602
##################### ACCEPTABLE SUBNET NUMBER: 67  #########################
           1.06658
 9
33
 7
22
14
31
49
 6
 8
47
 2
26
25
          0.551998
          0.678566
          0.521073
          -0.16074
          0.144003
        -0.0151983
          -1.33568
          0.414946
          0.117363
        -0.0938114
         -0.850919
         -0.661595
          0.436353
          0.385423
##################### ACCEPTABLE SUBNET NUMBER: 68  #########################
           2.05577
 1
28
 1
27
          -1.08185
          -0.79722
          0.796566
           1.19787
        -0.0730855
##################### ACCEPTABLE SUBNET NUMBER: 69  #########################
           1.24776
 6
15
30
22
24
 1
 7
 0
          0.861957
           1.01731
         0.0651051
            0.5792
         -0.425811
          -1.19263
          0.155551
         -0.160686
         -0.237879
##################### ACCEPTABLE SUBNET NUMBER: 70  #########################
           1.04606
 8
 7
20
 8
10
37
38
33
45
 1
26
          -1.02091
         -0.805501
         -0.249469
          -1.11189
          0.304748
          -0.24664
          0.688567
         -0.553841
         -0.568455
         -0.651818
          -0.58284
          -1.36379
##################### ACCEPTABLE SUBNET NUMBER: 71  #########################
           2.00144
 1
15
 1
19
         -0.143184
         -0.863499
         -0.240302
         -0.837782
         -0.204221
##################### ACCEPTABLE SUBNET NUMBER: 72  #########################
           1.18313
 3
 8
29
10
 1
27
          -0.12958
         0.0225043
         -0.283597
          0.587144
          0.545717
         -0.720871
         -0.104653
##################### ACCEPTABLE SUBNET NUMBER: 73  #########################
           2.62731
 5
22
 5
33
17
21
 4
11
34
26
32
           1.29465
           1.47069
          0.648768
           1.79461
          -2.02099
          -1.40717
          -1.43474
          -1.00853
           1.44065
           1.10207
          0.388075
          0.468582
##################### ACCEPTABLE SUBNET NUMBER: 74  #########################
          0.987135
 5
17
 6
46
 1
33
 0
          0.748654
          0.740177
        -0.0187297
          0.108843
        -0.0819167
          -0.66909
         -0.888095
        -0.0917271
##################### ACCEPTABLE SUBNET NUMBER: 75  #########################
           1.24535
 6
49
 8
10
29
28
17
 1
 9
           0.74049
          0.889789
         0.0977515
         -0.218878
          0.665209
         -0.500889
         -0.328482
         -0.782892
         -0.640592
          0.251333
##################### ACCEPTABLE SUBNET NUMBER: 76  #########################
           2.05618
 2
15
14
 0
           -1.0821
         -0.797388
          0.937438
          -1.43414
           1.10262
##################### ACCEPTABLE SUBNET NUMBER: 77  #########################
           0.73933
 5
33
30
13
14
29
 0
          0.119894
         0.0925939
        -0.0693433
        -0.0143155
         -0.110821
         -0.425954
           0.13427
         -0.600798
##################### ACCEPTABLE SUBNET NUMBER: 78  #########################
           1.15307
 2
13
 7
 0
          0.108559
         -0.147845
         -0.103195
         -0.135175
         -0.213975
##################### ACCEPTABLE SUBNET NUMBER: 79  #########################
           2.05398
 1
28
 0
         0.0775849
         -0.797639
         -0.282237
         -0.843005
##################### ACCEPTABLE SUBNET NUMBER: 80  #########################
           1.10088
 3
10
45
43
 1
11
           -1.2129
          -1.05944
          0.125327
          0.218904
          -1.03316
          -1.02121
           0.22953
##################### ACCEPTABLE SUBNET NUMBER: 81  #########################
           2.91331
26
37
33
31
42
40
24
13
15
16
14
49
17
46
45
29
 7
 2
 4
 5
38
21
20
47
43
22
30
 8
41
39
27
34
25
18
26
19
            1.7168
           1.90988
           1.31052
            1.4489
          0.727989
          0.715013
           1.02321
         -0.232232
           0.95237
         -0.705379
          0.500925
          0.752869
           1.61952
         -0.101029
           1.48889
         -0.227809
           1.07854
          -1.86899
          0.733553
           2.04938
          0.444515
           1.32418
          0.107835
          0.560002
         -0.761823
         -0.449725
         -0.156975
          0.993659
          0.393079
           1.26478
          -3.27576
         -0.437666
         -0.419262
           1.02517
         -0.585984
          0.387074
          0.358988
##################### ACCEPTABLE SUBNET NUMBER: 82  #########################
          0.749377
 4
17
 7
 6
 8
 2
27
11
        0.00960697
          0.098983
          0.032162
          0.320053
         0.0597346
         -0.354828
          -1.04749
          -1.96984
        -0.0893077
##################### ACCEPTABLE SUBNET NUMBER: 83  #########################
           0.73068
 6
10
 7
21
12
 2
28
 2
39
19
          0.527751
           0.55868
         0.0534462
          -1.93735
         -0.636259
        0.00600848
          -1.13316
          0.744234
          -0.39123
         0.0398345
         -0.224342
##################### ACCEPTABLE SUBNET NUMBER: 84  #########################
           1.27003
 4
 7
14
47
 4
 2
26
25
           1.73347
           1.87947
           1.07485
           1.10641
          0.326046
         -0.267915
         -0.908234
           1.01078
         -0.607507
##################### ACCEPTABLE SUBNET NUMBER: 85  #########################
          0.663019
 3
28
 2
10
 1
11
           0.37399
          0.283266
        -0.0847275
          0.289312
          0.238917
       -0.00204407
         -0.246601
##################### ACCEPTABLE SUBNET NUMBER: 86  #########################
           1.23644
 4
37
13
 2
33
 0
          0.515822
          0.618341
         0.0517167
          0.217861
        -0.0916901
         -0.675613
           -0.2702
##################### ACCEPTABLE SUBNET NUMBER: 87  #########################
          0.919123
 1
28
 1
23
         -0.129993
         -0.139117
        -0.0305184
          0.306643
         -0.506238
##################### ACCEPTABLE SUBNET NUMBER: 88  #########################
           1.27954
 2
48
 2
 2
32
 9
           1.76973
           1.91971
           1.30711
          -2.09138
          -1.18909
           1.21468
          -0.27516
##################### ACCEPTABLE SUBNET NUMBER: 89  #########################
           2.05547
 1
43
 0
           1.21143
         -0.797532
         -0.572944
          -1.33193
##################### ACCEPTABLE SUBNET NUMBER: 90  #########################
           1.20626
 1
14
 0
         0.0401399
         -0.181951
        -0.0849907
         -0.070556
##################### ACCEPTABLE SUBNET NUMBER: 91  #########################
           1.17724
 5
 7
17
47
16
15
 2
11
25
          -1.49313
          -1.28776
          -1.12451
          0.636136
           -0.2581
         -0.864126
           -2.1846
         -0.690021
          0.300898
         -0.635944
##################### ACCEPTABLE SUBNET NUMBER: 92  #########################
           2.04682
 1
15
 0
         -0.175655
         -0.781803
         -0.207437
          -0.61056
##################### ACCEPTABLE SUBNET NUMBER: 93  #########################
           2.05625
 1
45
 0
          -1.08217
         -0.797407
         -0.660816
           1.73495
##################### ACCEPTABLE SUBNET NUMBER: 94  #########################
           1.39979
 3
12
24
29
 0
          0.632976
          0.413576
        -0.0827566
         -0.132396
         -0.782163
          -0.89116
##################### ACCEPTABLE SUBNET NUMBER: 95  #########################
           2.05624
 1
28
 0
         -0.207121
         -0.797385
         -0.203232
          -1.53428
##################### ACCEPTABLE SUBNET NUMBER: 96  #########################
           2.05623
 1
 7
 0
          -1.08075
         -0.797433
          0.616864
        -0.0283034
##################### ACCEPTABLE SUBNET NUMBER: 97  #########################
           2.05624
 0
 1
25
           -1.0822
         -0.797429
           2.49349
         -0.932422
##################### ACCEPTABLE SUBNET NUMBER: 98  #########################
           2.04868
 1
13
 0
         -0.186035
         -0.791286
         -0.207474
         -0.717475
##################### ACCEPTABLE SUBNET NUMBER: 99  #########################
           2.03272
14
38
31
22
17
 5
 7
 8
 2
46
43
29
24
21
13
 2
 3
11
          -1.08122
         -0.799965
          -2.30537
           1.84529
            -1.219
        -0.0226371
        -0.0135649
          0.984572
           1.00806
         -0.385531
           1.00684
          -1.28927
          -1.25573
           2.01813
         0.0200428
           1.43071
          -0.30851
           1.52205
           0.63497
##################### ACCEPTABLE SUBNET NUMBER: 100  #########################
           1.32608
 1
 8
 0
          0.435212
           0.59182
         0.0974715
           0.65217
----------Number of Acceptable Subnets found: 100 -----------
----------END FOR GENE 44 -----------
