File open successful. It contains: 
Finished reading file, will close now.
File x_dt open successful.
Finished reading file x_dt, will close now.
File sd_d open successful.
Finished reading file sd_d, will close now.
--------START FOR GENE 46 -----------
 Values arranged as error, n_ka, gene ids for ka, n_kd, gene ids for kd,
 r0, d, ea, ka_values, kd_values for each subnet. 
##################### ACCEPTABLE SUBNET NUMBER: 1  #########################
            2.9272
 3
30
 1
10
 2
36
28
            1.5836
           1.62304
           1.07189
           1.44143
         -0.728168
         -0.988549
           1.14373
         0.0420326
##################### ACCEPTABLE SUBNET NUMBER: 2  #########################
           2.93839
 2
26
16
 0
           1.29124
           1.35786
         -0.537153
          0.918054
         -0.746592
##################### ACCEPTABLE SUBNET NUMBER: 3  #########################
           1.96164
 6
30
35
26
24
22
37
 2
21
48
          0.231235
          0.239231
         -0.124796
           0.79223
         -0.933763
         -0.759922
          -1.27571
          -2.36917
         -0.557413
          0.590233
         -0.654797
##################### ACCEPTABLE SUBNET NUMBER: 4  #########################
           2.46255
 7
 8
17
38
30
35
45
14
 5
 5
 2
11
49
48
          0.137146
          0.162558
           1.74046
           1.43681
          -1.12027
         -0.843387
           1.00574
         0.0337807
          0.926792
          0.306139
           1.41479
           2.24404
          -0.32344
          -0.49969
          0.280168
##################### ACCEPTABLE SUBNET NUMBER: 5  #########################
            2.7707
 6
10
26
30
 6
42
17
 2
27
28
          0.905892
          0.947586
          0.424154
          0.973086
         -0.093262
          0.328469
          0.674517
          -0.60466
         -0.478136
          0.582749
         -0.867357
##################### ACCEPTABLE SUBNET NUMBER: 6  #########################
           2.91315
 4
18
15
23
24
 3
36
29
28
            1.4067
           1.45561
          0.871871
           1.42685
           0.50688
          -1.02061
          -1.68303
          0.957813
         0.0478645
         -0.205941
##################### ACCEPTABLE SUBNET NUMBER: 7  #########################
           2.83508
15
15
 9
 1
33
32
 7
31
19
42
45
12
18
17
39
10
 4
50
27
34
 2
            1.7834
           1.84485
           1.62965
          0.564877
          0.323362
           2.16075
            2.1345
          0.796265
         -0.920379
          0.905309
           1.15901
          0.547118
          0.255333
          -1.25064
          -1.09585
          0.223264
         -0.732967
           -1.4456
           1.84378
          0.470783
           1.06798
          0.585964
##################### ACCEPTABLE SUBNET NUMBER: 8  #########################
           1.88961
 3
 6
30
26
 4
27
28
29
25
        -0.0116449
         -0.107212
          0.495178
          0.843745
         -0.478026
         -0.255011
           0.73074
          0.801862
          0.403173
         -0.261859
##################### ACCEPTABLE SUBNET NUMBER: 9  #########################
           2.98351
 6
45
 8
16
31
39
 3
 3
36
13
34
           1.29717
            1.2674
           0.48515
         -0.712042
           0.64802
         -0.234526
          0.558412
          -0.97197
         0.0478709
           0.64269
         -0.271623
           0.07715
##################### ACCEPTABLE SUBNET NUMBER: 10  #########################
          0.866683
 8
 3
 4
39
38
37
22
35
 1
 1
28
           1.29052
          0.817834
          0.391306
          0.491221
         -0.295155
          0.384379
        -0.0891524
          0.200196
         -0.301803
         -0.518105
          0.257101
          0.971541
##################### ACCEPTABLE SUBNET NUMBER: 11  #########################
           2.81747
 3
26
 1
14
 2
36
 2
           0.48729
          0.552055
          0.905846
            2.6278
         -0.285632
          0.206784
           1.72365
         -0.344299
##################### ACCEPTABLE SUBNET NUMBER: 12  #########################
           1.97684
 3
26
12
15
 4
 2
48
27
36
           1.26145
           1.20773
           1.06577
          0.304754
          0.219861
         -0.761734
           1.66781
          0.921906
          0.848237
          0.746573
##################### ACCEPTABLE SUBNET NUMBER: 13  #########################
           2.96958
13
 6
22
37
26
 3
33
 9
42
17
 1
 7
18
16
 6
 5
36
48
11
50
 2
            1.9036
           1.97087
            1.0725
          0.570637
          -0.44483
         -0.196477
           2.27673
          0.759361
          0.311334
          0.927214
         -0.391177
         -0.849793
          0.635595
         -0.203987
         -0.716336
          -1.29574
           1.36541
         -0.447492
         -0.607284
         -0.582594
         -0.750838
         -0.418729
##################### ACCEPTABLE SUBNET NUMBER: 14  #########################
           2.40562
11
 7
 1
32
14
45
33
17
22
44
16
42
 5
11
21
27
34
48
          0.821998
          0.867085
         -0.893585
          0.707562
          0.386159
          -1.50253
         -0.420764
         -0.927786
          0.281271
          -1.47998
          -2.18863
         -0.725701
         0.0216484
          -1.10584
        -0.0903963
          -0.86248
        -0.0300297
         -0.510371
         -0.293097
##################### ACCEPTABLE SUBNET NUMBER: 15  #########################
           2.87692
 8
16
 7
32
45
18
35
37
39
 0
          0.796379
          0.855456
         -0.347374
          0.666304
         -0.638264
           0.27856
          -1.15158
           0.53184
          -1.00429
          -1.33374
         -0.293622
##################### ACCEPTABLE SUBNET NUMBER: 16  #########################
           1.44499
 8
 9
39
 1
38
19
12
26
35
 4
29
21
11
41
           1.25745
           1.25958
         -0.045972
         0.0836855
          0.614632
          0.971148
         -0.358068
          -1.61645
         -0.775654
          0.276727
         -0.996311
           0.59002
          0.805301
         -0.437389
          -2.00163
##################### ACCEPTABLE SUBNET NUMBER: 17  #########################
           1.29849
 3
18
17
19
 2
 2
11
          0.323612
          -0.42233
         -0.193513
         -0.188916
          -1.18326
         -0.172976
           0.51554
          -0.40665
##################### ACCEPTABLE SUBNET NUMBER: 18  #########################
           2.55183
 3
18
26
14
 4
36
21
48
34
          0.569715
          0.616296
         -0.320175
          0.637988
          0.415401
         -0.610165
         0.0373192
          -1.38928
         0.0549164
         -0.359175
##################### ACCEPTABLE SUBNET NUMBER: 19  #########################
           2.95295
 4
19
31
30
33
 1
29
          0.286945
         -0.836461
          -0.37562
         -0.503864
         -0.411811
         -0.206389
         -0.286695
         -0.814665
##################### ACCEPTABLE SUBNET NUMBER: 20  #########################
           1.34342
 8
35
18
12
45
 8
10
38
22
 3
28
47
21
           1.69661
           1.42251
           1.35702
           1.35607
          0.480356
           1.01723
         0.0710646
          0.417822
           1.22374
          -1.12296
        -0.0837137
           1.81756
          0.236254
          0.135506
##################### ACCEPTABLE SUBNET NUMBER: 21  #########################
           2.57484
 4
33
 8
 1
39
 1
48
          0.595514
           0.63791
           -1.5613
          0.468736
         -0.703906
          0.353146
         -0.597222
          0.103384
##################### ACCEPTABLE SUBNET NUMBER: 22  #########################
           2.01844
 5
26
 1
22
19
14
 2
36
34
          0.901315
          0.929759
          0.104652
          0.945116
           1.23545
          0.486029
          -1.26075
         -0.343625
          0.957278
          -1.68305
##################### ACCEPTABLE SUBNET NUMBER: 23  #########################
            1.3379
 6
31
 6
32
30
12
42
 2
28
34
           1.15275
           0.88473
           0.82016
          0.739899
          0.615457
          -1.22082
         -0.828832
          0.766155
         0.0703441
           1.27618
           -0.4756
##################### ACCEPTABLE SUBNET NUMBER: 24  #########################
           2.95609
10
39
35
 8
37
12
19
31
22
 1
38
 2
36
28
           2.03461
           1.96994
          0.209157
         -0.172136
         -0.387596
          0.328721
           0.17027
         -0.319417
         0.0485994
           0.15274
          -1.13487
         0.0451415
          -1.09695
          0.359385
          -1.86841
##################### ACCEPTABLE SUBNET NUMBER: 25  #########################
           1.80586
 5
 6
17
38
26
39
 1
28
           1.20329
           1.16941
         0.0154422
          0.340445
         -0.511633
         -0.446619
          0.318702
         -0.504361
          0.548071
##################### ACCEPTABLE SUBNET NUMBER: 26  #########################
           2.68374
14
33
 4
42
10
15
18
30
24
14
 8
 6
39
45
23
 3
27
48
 2
           1.31472
           1.32109
           1.29005
          0.910688
         -0.050024
          0.483042
        -0.0370244
          0.266328
          -1.14803
          0.223252
          0.462195
          0.877631
         -0.956194
          -2.30721
          0.629873
          -1.20028
         -0.366924
           1.09322
         -0.417918
           1.85821
##################### ACCEPTABLE SUBNET NUMBER: 27  #########################
            2.2448
 3
30
19
14
 4
28
 2
27
21
           1.97234
           1.92138
           1.41533
          0.642504
          0.571805
          0.952646
           1.70416
           1.74105
         -0.148626
         0.0664141
##################### ACCEPTABLE SUBNET NUMBER: 28  #########################
           1.91458
 0
 2
 2
48
          0.210211
           0.15006
          0.247941
          0.792774
          0.105465
##################### ACCEPTABLE SUBNET NUMBER: 29  #########################
           2.28692
 3
 1
19
23
 2
28
47
          0.969952
          0.796443
          0.172326
         -0.517892
         0.0797037
          -2.52828
          0.529464
         -0.558407
##################### ACCEPTABLE SUBNET NUMBER: 30  #########################
           2.53613
 5
 7
32
 1
15
30
 1
28
           1.30929
           1.34921
           1.03263
           1.80179
          0.914618
          0.681681
         -0.330963
          -0.66999
           1.33991
##################### ACCEPTABLE SUBNET NUMBER: 31  #########################
           1.69958
 3
 3
15
17
 3
28
 5
13
          0.161741
         -0.288792
      -0.000148254
         0.0879107
          -2.58769
          -2.59535
          0.452973
         0.0433325
         -0.553711
##################### ACCEPTABLE SUBNET NUMBER: 32  #########################
           2.73162
 8
 6
17
10
44
26
18
31
19
 3
27
36
21
          0.769908
          0.786953
          0.411212
          0.652457
          -1.30353
          -1.48977
         -0.822659
        -0.0564388
          -1.02201
           -1.3333
          -1.56024
           0.57554
         -0.951532
          -0.59728
##################### ACCEPTABLE SUBNET NUMBER: 33  #########################
           2.85206
16
38
35
12
42
24
 7
18
44
45
10
22
 9
23
26
32
16
 6
36
27
28
21
50
 2
          0.291122
           0.33332
         0.0744941
         -0.328089
         -0.203078
         -0.251568
         -0.630895
          0.057408
           1.04633
          0.728252
          -1.58636
         -0.204477
         -0.103181
        -0.0957008
         -0.376555
          -1.66504
         -0.381606
          -1.32193
          -1.13409
          0.295206
         -0.579268
         -0.498641
          -1.08679
          -1.16546
         -0.931892
##################### ACCEPTABLE SUBNET NUMBER: 34  #########################
           1.80404
 8
31
 8
 1
22
 6
19
35
18
 4
48
28
36
 2
           1.04492
          0.945987
            0.5073
         -0.452297
         -0.285886
       -0.00483086
          -1.27215
          -1.49148
          -1.08605
          0.444568
         -0.291656
         -0.279665
          0.858813
         -0.981301
         -0.753094
##################### ACCEPTABLE SUBNET NUMBER: 35  #########################
           2.51043
 8
26
19
44
 8
45
15
31
 6
 1
28
            1.0876
           1.15467
          0.212931
           1.56237
        0.00353028
         -0.520803
          -0.30416
         -0.296234
         -0.558254
          -0.16096
         -0.331393
          0.928788
##################### ACCEPTABLE SUBNET NUMBER: 36  #########################
             2.688
 2
39
 6
 2
 5
27
          0.354445
           0.37172
        -0.0477599
          0.471802
           0.67679
          0.182178
          0.558933
##################### ACCEPTABLE SUBNET NUMBER: 37  #########################
           2.55993
 5
39
37
 4
14
33
 1
 2
          0.127817
         0.0392294
         -0.038224
          0.174345
         -0.542819
          0.171558
          -0.28433
          -1.75869
          0.715364
##################### ACCEPTABLE SUBNET NUMBER: 38  #########################
           2.74832
20
39
16
18
14
19
33
 7
 6
 4
26
38
 9
 8
32
22
24
15
35
20
30
 1
 2
           1.70487
           1.71889
            1.3648
          0.792867
           0.29631
           1.44873
         -0.189341
         -0.274202
          -0.59318
          0.569333
         -0.491346
         -0.247024
          -1.07644
         -0.244509
          0.578719
          -1.47903
          -1.12247
          0.174085
          0.626735
         -0.421964
          0.623046
          0.814791
         -0.653086
           1.95174
##################### ACCEPTABLE SUBNET NUMBER: 39  #########################
           2.89535
 4
30
24
 3
 9
 1
27
           1.75815
           1.81298
          0.288196
           1.09395
        -0.0776421
          -1.39138
          -1.27398
          0.724326
##################### ACCEPTABLE SUBNET NUMBER: 40  #########################
           2.67842
 5
 1
 4
19
20
18
 2
21
 2
         -0.574446
         -0.679127
         0.0233768
          0.553198
         -0.728469
         -0.878237
         -0.738126
          0.247424
           0.23808
          0.242323
##################### ACCEPTABLE SUBNET NUMBER: 41  #########################
           2.29024
 6
39
 1
31
26
17
18
 3
36
47
48
          0.421122
          0.450202
         -0.972117
           0.47355
          0.738051
          -1.09341
         -0.403802
          -1.68108
         -0.830231
          0.427147
         0.0150159
          -1.35777
##################### ACCEPTABLE SUBNET NUMBER: 42  #########################
           2.45956
 3
 6
19
42
 5
27
25
13
 2
29
            1.1823
           1.17061
          0.409231
          0.493089
        -0.0299765
          -1.08776
          0.441101
          0.213313
          0.173281
          0.940521
        -0.0104475
##################### ACCEPTABLE SUBNET NUMBER: 43  #########################
            2.8008
 4
44
45
38
30
 3
 5
36
34
          0.332716
          0.361136
          0.840367
          0.572479
          -1.32619
         -0.199126
           1.26071
          0.541841
          0.933763
         -0.243404
##################### ACCEPTABLE SUBNET NUMBER: 44  #########################
           1.23554
 8
 6
42
30
24
 9
10
 1
22
 4
 2
21
48
11
          0.792745
          0.669742
           0.49488
          0.505321
          -1.12268
          -1.18693
          -1.07558
          -1.44197
         -0.549398
          -1.20159
         -0.331062
           1.15975
          0.510283
          0.373477
         -0.483626
##################### ACCEPTABLE SUBNET NUMBER: 45  #########################
           1.31616
 3
12
42
43
 3
28
27
48
           1.86315
           1.54357
           1.35589
           1.37423
           0.37111
         -0.241544
           1.83033
         0.0695944
          0.907267
##################### ACCEPTABLE SUBNET NUMBER: 46  #########################
           2.13306
 7
26
17
 3
18
32
37
10
 1
 2
            1.1977
           1.26531
          0.228878
           1.53012
        -0.0220225
         -0.198209
          0.713188
         -0.869499
          0.299201
         -0.495467
           1.23862
##################### ACCEPTABLE SUBNET NUMBER: 47  #########################
          0.861178
 8
 6
 4
35
10
12
14
 1
24
 2
21
28
           2.02708
           1.75902
           1.02067
           1.11073
          0.619642
          -1.06076
          0.804831
         -0.319612
           0.33765
          -1.54501
         -0.792337
            1.1031
           1.47059
##################### ACCEPTABLE SUBNET NUMBER: 48  #########################
           2.15134
 3
26
18
 1
 4
 5
25
34
36
          0.400622
          0.434259
         -0.346324
          0.438571
         -0.766281
          0.413591
        -0.0574205
          0.176487
         -0.780898
         -0.851705
##################### ACCEPTABLE SUBNET NUMBER: 49  #########################
           1.64239
 7
30
31
12
24
19
39
23
 3
21
28
41
            1.1871
           1.03072
          0.787691
           0.96864
          0.793647
          -0.58147
         -0.260644
           0.14334
          -1.70618
          0.450076
          0.941677
           1.18784
         -0.326748
##################### ACCEPTABLE SUBNET NUMBER: 50  #########################
           2.50695
17
35
 1
 9
14
 6
32
24
19
45
44
31
12
30
17
33
18
 7
 4
 5
27
21
36
           1.11011
           1.16832
         0.0635589
           0.20112
           1.34067
         -0.581485
          0.745039
         -0.473423
           1.18661
          0.223026
          0.407568
       -0.00849693
           0.43301
         -0.488528
         -0.216759
         -0.236434
         -0.962704
          -1.75127
         -0.200543
         -0.842708
            1.0148
           0.24166
         -0.785558
          0.255455
##################### ACCEPTABLE SUBNET NUMBER: 51  #########################
           2.77338
 6
 7
16
 6
32
33
12
 3
34
50
27
          0.327638
          0.368318
         -0.222188
          0.970075
          -1.56142
          0.502067
         -0.998901
          0.361982
         -0.837667
        -0.0548365
          0.356233
          -2.30017
##################### ACCEPTABLE SUBNET NUMBER: 52  #########################
           1.30541
 4
45
 3
18
14
 1
28
        -0.0399337
         -0.252364
          0.256064
         0.0412972
          0.418335
          0.367421
         -0.304615
          0.713831
##################### ACCEPTABLE SUBNET NUMBER: 53  #########################
           1.24038
 6
16
35
 4
18
 3
22
 1
28
          0.918519
          0.590526
          0.635836
          -1.93274
          0.601869
          0.545798
         -0.547842
         -0.282136
           0.52234
           1.12046
##################### ACCEPTABLE SUBNET NUMBER: 54  #########################
           2.98346
12
19
 6
18
 1
20
17
39
33
26
35
23
42
 3
13
47
25
           1.59612
           1.66296
           1.19132
         -0.561717
          0.231852
         -0.907394
         -0.917787
          0.340474
         0.0314562
         -0.660284
          -1.50049
           2.36247
          -1.09792
          0.787415
         -0.537278
           1.45079
         -0.671172
          -1.38579
##################### ACCEPTABLE SUBNET NUMBER: 55  #########################
           1.20956
12
 7
18
 1
10
19
31
30
 6
44
33
12
16
 2
28
27
           1.82474
            1.6038
            1.3433
           0.49433
           1.11077
         -0.352347
          0.536677
           1.27928
          0.616422
         -0.867471
           1.28464
          0.215567
          0.885978
           1.08637
           -1.5927
           1.77404
          0.639185
##################### ACCEPTABLE SUBNET NUMBER: 56  #########################
           1.37665
 3
 1
 7
22
 2
 2
21
         0.0002076
         0.0375388
         0.0492186
           1.06066
           1.22784
         -0.227195
           1.19061
         -0.148593
##################### ACCEPTABLE SUBNET NUMBER: 57  #########################
           2.70117
15
18
19
14
17
31
 1
 3
30
20
33
32
 7
26
44
39
 1
28
         -0.201984
         -0.989772
         -0.265195
         -0.104145
           -1.2499
          -1.09515
          -1.02845
         -0.380257
          -0.42242
         -0.445946
          -0.01318
         -0.779107
          -1.87318
          -1.87421
         -0.702704
         -0.840094
          -1.54208
         -0.841761
         -0.432276
##################### ACCEPTABLE SUBNET NUMBER: 58  #########################
           2.65054
 7
44
45
12
 8
 1
33
 6
 8
27
47
 2
48
28
34
21
49
           1.97393
           2.01932
          0.822059
        -0.0493638
         -0.635979
         -0.604491
          0.766509
           1.14666
          0.352311
          0.623079
          0.910522
         0.0690161
           1.09815
         -0.180894
        -0.0651829
         -0.568882
         0.0533026
         -0.229014
##################### ACCEPTABLE SUBNET NUMBER: 59  #########################
           1.22959
12
 9
26
 6
20
 1
15
22
23
32
10
39
24
 5
28
47
13
36
 2
           1.93221
           1.69464
           1.14675
          0.768269
         -0.364356
           1.09197
        -0.0885096
           -0.8603
         -0.822276
          0.102591
           1.09317
           -1.0567
        -0.0196649
           0.67676
         -0.477226
           1.58461
          0.235345
         -0.147233
         -0.119755
          0.684398
##################### ACCEPTABLE SUBNET NUMBER: 60  #########################
           2.39529
 4
24
14
18
 9
 4
21
13
27
 2
           1.21568
            1.1974
          0.815951
          0.411461
         -0.591003
          0.183406
          -2.24388
          0.596281
          0.223427
          -1.92629
           1.41593
##################### ACCEPTABLE SUBNET NUMBER: 61  #########################
           1.34686
 8
 6
42
12
38
17
16
15
14
 5
25
 2
48
49
34
          0.590258
          0.532748
           0.67675
          0.537414
          0.056365
          0.293561
          -1.45034
          -1.25081
         -0.195566
          -3.11665
         -0.652242
          0.573335
           1.28994
          -1.74301
         -0.702277
       -0.00909428
##################### ACCEPTABLE SUBNET NUMBER: 62  #########################
           2.07094
20
19
24
35
30
33
37
10
17
18
31
 8
 3
26
44
22
23
 4
12
 9
15
 6
 2
49
21
47
28
48
          0.822064
          0.693269
          0.366769
         -0.826499
          0.403415
          -1.86207
        0.00566562
         -0.912613
          -0.02694
          -1.00885
            0.3931
         -0.248439
         -0.132278
          -1.03488
          -1.47348
         -0.414816
         -0.413128
          -1.79268
          -1.19708
         -0.705244
          -1.37038
          -0.26758
       -0.00774309
           1.05038
          0.328348
           0.23382
          -0.82255
           -1.1907
        -0.0193877
##################### ACCEPTABLE SUBNET NUMBER: 63  #########################
           2.92132
 4
26
10
12
14
 2
13
28
          0.502104
          0.567904
         -0.797575
          0.936348
        -0.0829183
          -1.09884
          -1.09276
         -0.820246
         -0.154189
##################### ACCEPTABLE SUBNET NUMBER: 64  #########################
           1.46407
12
39
42
14
17
10
16
26
23
38
45
32
 7
 2
25
 2
           1.04578
           0.98635
         -0.350707
          0.149372
          0.362047
         -0.216429
            -1.039
          -0.54985
         -0.508348
          0.200017
         -0.812464
          -1.10219
        -0.0312783
         -0.303225
         -0.755555
           0.24154
          0.790092
##################### ACCEPTABLE SUBNET NUMBER: 65  #########################
           2.35994
 4
30
10
 7
35
 2
28
36
          0.164196
           0.16224
          0.588012
          0.977099
          0.481596
           0.05589
           -1.4604
           0.90875
         -0.544479
##################### ACCEPTABLE SUBNET NUMBER: 66  #########################
           1.40557
 7
35
 4
42
44
15
 9
45
 3
28
36
 2
           2.10743
           1.89838
           1.29126
          0.560896
          0.437766
           0.63477
         -0.285801
           1.27363
         -0.880324
         -0.910317
           1.71409
          0.355677
         -0.691791
##################### ACCEPTABLE SUBNET NUMBER: 67  #########################
           2.54883
 3
18
26
39
 0
         -0.035569
        0.00203481
         -0.474394
          0.615932
          0.328771
         -0.629056
##################### ACCEPTABLE SUBNET NUMBER: 68  #########################
            1.9778
 6
32
18
 7
19
17
 1
 2
 2
21
          0.404095
           0.46003
         0.0277095
          0.527108
          0.963715
          0.850638
          -1.65908
          -1.17448
          -1.97236
           0.98581
         -0.981157
##################### ACCEPTABLE SUBNET NUMBER: 69  #########################
           2.16226
 8
32
24
 1
42
 7
23
38
44
 4
36
29
41
50
           1.53251
           1.58053
          0.868253
        -0.0975891
         -0.727657
           1.31158
         -0.863919
           1.48175
          -1.40253
         -0.892906
         -0.677128
          0.952706
          0.950362
           -0.8271
         -0.261692
##################### ACCEPTABLE SUBNET NUMBER: 70  #########################
           2.87529
 2
30
19
 1
34
         -0.609919
         -0.988157
         -0.161175
          0.300707
          -1.30823
        -0.0850295
##################### ACCEPTABLE SUBNET NUMBER: 71  #########################
           1.40402
 7
43
14
 4
 6
30
26
20
 2
28
48
           1.00846
          0.622243
         0.0989561
        -0.0512735
          0.105334
         -0.389231
         0.0280939
         -0.536765
          -1.00243
         -0.382604
          0.569147
        -0.0235236
##################### ACCEPTABLE SUBNET NUMBER: 72  #########################
           2.58345
 9
 8
 7
18
26
24
23
45
35
22
 1
27
         0.0534443
          0.100244
        -0.0358408
          0.553059
           1.30953
           1.33495
         -0.514154
          -2.16369
          -2.15958
         -0.401497
         -0.835796
          -1.33325
          0.760802
##################### ACCEPTABLE SUBNET NUMBER: 73  #########################
           1.56122
 4
 3
19
 8
26
 4
 2
27
25
36
           1.51149
           1.44107
           1.19371
          0.726011
         -0.336748
          0.898282
          -1.79875
           1.82714
         -0.242636
           1.06783
          -1.67944
##################### ACCEPTABLE SUBNET NUMBER: 74  #########################
           2.00875
13
33
32
 4
 7
30
10
 6
42
23
16
44
39
31
 3
28
27
41
          0.926467
          0.907786
         -0.250001
          0.527096
          0.692394
          -0.96905
         -0.413744
         -0.432426
           0.48616
           0.76145
        -0.0701393
         -0.360308
          0.196244
        -0.0565763
          0.283633
          0.121005
          0.952959
         -0.105956
         -0.976273
##################### ACCEPTABLE SUBNET NUMBER: 75  #########################
            2.9349
 5
33
31
30
 3
37
 1
48
          0.190738
          0.225348
         -0.393158
          0.487084
         -0.493848
          0.453287
         -0.400328
          -1.49511
          0.158924
##################### ACCEPTABLE SUBNET NUMBER: 76  #########################
           1.27122
 7
 1
 4
23
 9
45
12
35
 1
28
           1.43629
           1.16546
           1.15287
           1.05925
          0.830671
            1.1227
          -1.97394
          0.250115
         -0.817271
          0.974873
           1.60659
##################### ACCEPTABLE SUBNET NUMBER: 77  #########################
           2.47722
 8
22
32
33
18
 6
 1
 7
17
 1
 2
           1.09214
           1.12969
           1.16461
          0.756451
           1.25055
          0.344697
          0.707932
          0.687331
          -1.04434
        0.00593753
         -0.412592
             1.739
##################### ACCEPTABLE SUBNET NUMBER: 78  #########################
           2.72524
 1
30
 0
         -0.477891
          -1.04648
         -0.415291
          0.257963
##################### ACCEPTABLE SUBNET NUMBER: 79  #########################
           1.29288
 7
33
35
26
18
12
22
 9
 7
28
36
47
49
13
21
27
          0.538563
          0.253675
          0.479722
          0.168401
          0.549154
         -0.152105
          0.489592
          0.350872
          -1.44149
         0.0560063
          0.963044
          0.412394
          0.229148
          0.133028
         -0.626319
         -0.190381
         -0.589639
##################### ACCEPTABLE SUBNET NUMBER: 80  #########################
            2.3784
 7
24
10
44
39
 6
 8
 7
 1
36
           1.01073
           0.99119
          0.893486
          0.690887
         0.0952639
          -1.34701
         -0.472328
           1.08037
         -0.234283
         -0.414404
           1.03643
##################### ACCEPTABLE SUBNET NUMBER: 81  #########################
           2.08516
 6
15
 8
10
31
20
19
 1
28
           1.51805
           1.45825
          0.900676
         -0.985739
          0.801346
          -1.01413
          0.473922
         0.0329322
          -2.18017
           1.21097
##################### ACCEPTABLE SUBNET NUMBER: 82  #########################
           2.82205
 6
43
26
24
10
 9
12
 3
27
28
11
          0.755805
          0.822761
         -0.394641
          -0.25844
           1.32326
         -0.184952
         0.0208833
           -1.2193
          -1.23615
          0.416762
          0.174018
          0.028633
##################### ACCEPTABLE SUBNET NUMBER: 83  #########################
           2.59568
 3
 7
 6
17
 3
21
13
27
          0.661489
          0.705915
          0.250625
          0.876212
          0.759906
         -0.912901
         -0.134502
          0.615948
         -0.290595
##################### ACCEPTABLE SUBNET NUMBER: 84  #########################
           2.71912
11
14
12
 8
 9
22
 1
 3
33
10
 4
15
 6
 2
34
27
21
 5
36
           1.92135
           1.92001
           1.78944
          0.692333
        -0.0786812
          -1.26483
          -1.26483
          -1.32417
          -0.55993
         -0.574075
          -1.92031
         -0.754035
         -0.508258
         -0.508258
           2.38062
          0.582524
          0.262522
           1.25847
          -1.00143
           0.90022
##################### ACCEPTABLE SUBNET NUMBER: 85  #########################
           2.89136
 6
33
18
23
22
 7
14
 4
27
21
36
 2
           0.71991
          0.771973
          -0.29285
          0.426533
          0.544416
          -1.23604
          -0.71901
          -1.16391
          -1.58621
          -1.20437
         -0.801084
          -1.04989
          0.197118
##################### ACCEPTABLE SUBNET NUMBER: 86  #########################
           2.94803
 1
26
 0
          0.548458
          0.615302
         -0.289172
          0.931939
##################### ACCEPTABLE SUBNET NUMBER: 87  #########################
           2.30979
 3
19
16
 7
 2
21
 2
           1.87899
           1.94106
          0.163566
         -0.244478
           1.32575
          -1.09027
         0.0334152
           1.08383
##################### ACCEPTABLE SUBNET NUMBER: 88  #########################
           2.49939
20
26
 8
32
35
 9
39
10
 1
14
15
23
42
 7
17
 3
31
24
33
19
18
 5
27
49
29
34
28
           1.83803
           1.87855
           1.52726
          0.859386
           1.10988
         -0.988748
           1.00896
          0.547759
          0.579738
        -0.0346691
           1.92875
          0.231817
          0.783042
          0.931744
          0.498329
         -0.237088
          0.205093
          -1.36205
          -1.80723
         0.0769655
         -0.467346
          -2.38067
         -0.283344
           1.67412
          0.146222
           0.32447
         -0.102041
         -0.569661
##################### ACCEPTABLE SUBNET NUMBER: 89  #########################
           2.96944
 7
10
 1
 4
18
 9
12
14
 3
 2
 5
13
         -0.687553
         -0.750834
        -0.0510005
         -0.158011
          0.549366
          -1.58808
          0.371458
          -0.78057
         -0.810614
          -0.81735
         0.0924685
          -1.54974
         -0.773961
##################### ACCEPTABLE SUBNET NUMBER: 90  #########################
            2.9142
 2
39
26
 1
13
          0.177694
          0.239924
         -0.393404
          0.405035
           1.32574
          0.369471
##################### ACCEPTABLE SUBNET NUMBER: 91  #########################
           2.52011
14
17
19
22
 6
39
 4
 8
16
42
43
 1
10
30
 7
 5
 5
36
 2
28
48
          0.514029
          0.564861
          0.738719
          0.967124
         0.0524885
          0.205349
          0.698285
           1.29801
          0.445983
           0.60982
          -1.96797
         -0.399329
          -1.21019
           1.43727
          -2.67623
          0.348066
          0.566214
           1.10684
         -0.308924
         -0.502433
          -0.69614
         -0.477641
##################### ACCEPTABLE SUBNET NUMBER: 92  #########################
           2.71006
10
18
30
31
26
32
22
23
20
44
42
 5
27
21
47
29
28
         -0.198997
         -0.161862
          0.198208
           1.05681
          0.260912
          0.165266
          0.242055
          -1.02178
          -1.05285
          -1.05285
          -1.05285
          -1.53484
          -1.53484
         -0.338811
           0.60384
        -0.0932241
          -1.02706
          -1.02103
##################### ACCEPTABLE SUBNET NUMBER: 93  #########################
           2.87244
 7
 7
18
 8
 6
 3
17
38
 7
13
34
21
11
27
28
47
          0.691848
          0.733186
          0.448178
           1.38892
         -0.430689
          -2.16497
         -0.171346
          0.328336
          -1.52722
          -1.29526
           0.56212
          0.771242
         -0.545096
         -0.423087
         -0.440587
          -1.15533
          -0.16842
##################### ACCEPTABLE SUBNET NUMBER: 94  #########################
           1.28665
 5
12
18
19
22
 7
 0
          -0.98326
          -1.87914
          -0.52872
         -0.171293
         0.0352769
         0.0359921
         -0.578739
         -0.818911
##################### ACCEPTABLE SUBNET NUMBER: 95  #########################
           2.74219
11
37
19
 4
23
 6
12
 8
26
30
38
24
 3
36
 2
27
           1.32912
           1.39717
          0.863848
         0.0329008
          0.448852
          -1.53043
           -1.9276
          -1.22327
          -1.07146
          0.192308
           1.98367
          -1.28282
          0.980647
         -0.904968
           1.12911
           -1.0385
         -0.667334
##################### ACCEPTABLE SUBNET NUMBER: 96  #########################
           2.95789
11
12
35
 7
 9
26
23
16
30
44
 6
 8
 3
27
 5
36
          0.549975
          0.606076
           1.73932
          0.888243
           1.41161
         -0.525231
         -0.229672
         -0.199981
         0.0949636
          0.307089
           2.23572
         -0.224477
         -0.793232
          -1.23137
           1.87448
          0.735277
          -1.92476
##################### ACCEPTABLE SUBNET NUMBER: 97  #########################
           2.92464
 3
26
 4
 3
 0
          0.195902
          0.258926
         -0.259058
          0.951096
         -0.788987
          -1.28649
##################### ACCEPTABLE SUBNET NUMBER: 98  #########################
           2.97445
 4
15
45
38
26
 1
27
          0.741169
          0.809096
           0.40623
           0.94806
         -0.913969
          0.244633
           1.94748
           1.06779
##################### ACCEPTABLE SUBNET NUMBER: 99  #########################
           2.71827
 5
 7
30
 8
 9
10
 1
13
          0.126685
          0.167558
          -1.14183
          0.862076
          0.594083
           -2.2367
           -2.2367
           -2.2367
          0.170026
##################### ACCEPTABLE SUBNET NUMBER: 100  #########################
           2.90739
 1
26
 1
21
          0.339246
          0.403905
         -0.433466
          0.948882
         -0.110847
----------Number of Acceptable Subnets found: 100 -----------
----------END FOR GENE 46 -----------
