File open successful. It contains: 
Finished reading file, will close now.
File x_dt open successful.
Finished reading file x_dt, will close now.
File sd_d open successful.
Finished reading file sd_d, will close now.
--------START FOR GENE 11 -----------
 Values arranged as error, n_ka, gene ids for ka, n_kd, gene ids for kd,
 r0, d, ea, ka_values, kd_values for each subnet. 
##################### ACCEPTABLE SUBNET NUMBER: 1  #########################
           2.69366
 4
40
12
29
15
 1
10
         -0.355906
         -0.461357
         -0.245522
          -1.45011
         -0.913894
         0.0780392
         0.0474963
         -0.287239
##################### ACCEPTABLE SUBNET NUMBER: 2  #########################
           1.90816
 3
15
25
31
 0
          0.548584
          0.488538
         -0.214373
          0.109276
        -0.0488759
         -0.417035
##################### ACCEPTABLE SUBNET NUMBER: 3  #########################
           1.77115
 9
19
 1
29
25
16
30
31
23
24
 2
10
 2
         -0.154888
         -0.116083
         -0.438709
          0.268347
          0.120312
          -1.01269
          -2.14787
         -0.442542
        -0.0448598
          0.183019
         -0.301521
         -0.201197
         -0.839412
         -0.589764
##################### ACCEPTABLE SUBNET NUMBER: 4  #########################
           1.63037
 3
12
15
19
 1
 7
          0.598644
          0.661655
         -0.609251
          0.325876
          0.488647
        -0.0993611
          0.237233
##################### ACCEPTABLE SUBNET NUMBER: 5  #########################
           2.35853
 6
48
25
29
15
18
19
 0
        -0.0854339
         -0.211391
         -0.292637
         -0.145368
          -1.15372
         -0.381832
         0.0720888
          -1.07397
         -0.298826
##################### ACCEPTABLE SUBNET NUMBER: 6  #########################
           2.24863
 1
16
 1
26
         -0.107856
         -0.256039
         0.0599917
          -1.01447
          0.292179
##################### ACCEPTABLE SUBNET NUMBER: 7  #########################
           2.54504
14
31
 1
25
34
15
33
13
47
50
37
16
27
24
46
12
 7
 9
 5
49
 3
43
17
28
 2
10
20
26
           1.23694
           1.30222
          0.966062
             1.333
           1.89638
          0.691048
          0.931898
         -0.939709
          0.743556
            1.1055
         0.0902305
          -0.93249
           1.34302
          -1.03159
          -1.98235
         -0.731581
         -0.893644
           1.52582
           1.62873
         -0.727054
          -1.50917
         -0.929857
         -0.281117
        -0.0841424
         -0.803396
          0.283877
          -1.36671
          -1.36543
            0.8851
##################### ACCEPTABLE SUBNET NUMBER: 8  #########################
           1.57913
 6
13
15
16
12
18
35
 1
28
          0.301004
          0.350812
         -0.200982
          0.271712
        -0.0770045
          -0.28133
          0.320479
         -0.592966
          -2.40566
         -0.134737
##################### ACCEPTABLE SUBNET NUMBER: 9  #########################
           1.51542
 5
22
48
14
38
34
 0
         0.0203191
         0.0417209
           -0.3055
          0.157343
         -0.227005
           0.28851
        -0.0365452
         -0.593364
##################### ACCEPTABLE SUBNET NUMBER: 10  #########################
           1.35743
 1
14
 0
         -0.191695
         -0.584602
         -0.306416
       -0.00107286
##################### ACCEPTABLE SUBNET NUMBER: 11  #########################
           2.52571
 8
29
27
50
23
 6
33
22
13
 8
44
43
 8
36
42
49
 5
10
            1.1495
            1.0214
          0.852918
          0.297101
           1.67147
         -0.789529
          0.565801
         -0.634408
          -1.72866
         -0.209388
         0.0934462
           1.61156
           1.56485
         -0.269189
         -0.997911
          0.134552
        -0.0486931
          0.214561
         -0.677041
##################### ACCEPTABLE SUBNET NUMBER: 12  #########################
           1.60974
 1
27
 1
28
          0.457258
         -0.628113
         -0.506863
         -0.258552
          -1.23352
##################### ACCEPTABLE SUBNET NUMBER: 13  #########################
           2.15941
 7
31
27
37
47
29
13
14
 0
         0.0498598
         -0.336142
         -0.306047
        -0.0681665
         -0.432957
          -1.43167
          -1.63467
         -0.544472
          -1.16121
          -1.12632
##################### ACCEPTABLE SUBNET NUMBER: 14  #########################
           1.64844
 4
24
27
39
46
 0
         -0.284275
         -0.616647
         -0.390418
         0.0942608
         -0.319463
          -1.30863
           -1.7085
##################### ACCEPTABLE SUBNET NUMBER: 15  #########################
           1.94385
 3
37
41
15
 3
10
36
20
           1.11091
            1.1354
          0.770988
           1.44494
          0.802345
          -1.59382
           1.61252
           1.22637
          -1.13692
##################### ACCEPTABLE SUBNET NUMBER: 16  #########################
            1.5819
 5
12
31
13
16
33
 3
10
42
 4
          0.671195
          0.716492
          -0.17265
           0.32776
         0.0823707
          -1.38872
         -0.513707
          -2.30788
        -0.0146104
         -0.941788
         -0.936592
##################### ACCEPTABLE SUBNET NUMBER: 17  #########################
           1.84864
 8
13
30
38
37
 6
 1
16
29
 1
36
          0.515507
          0.579302
         -0.393974
         -0.373108
          -1.34528
        -0.0103394
          -0.10848
          0.467806
          0.523231
          -1.72071
          -1.81804
          -2.38395
##################### ACCEPTABLE SUBNET NUMBER: 18  #########################
           2.10176
11
22
30
25
18
24
34
12
39
23
 1
13
 6
10
42
49
 8
 5
36
          0.869399
          0.922256
             0.695
           1.34827
           0.40936
          0.458774
          -0.22389
          -0.21905
          0.179221
          0.397842
         -0.385938
          -1.76922
          -2.69915
         -0.709187
           1.29607
          0.950407
          0.646177
         0.0603674
          0.871631
         -0.356789
##################### ACCEPTABLE SUBNET NUMBER: 19  #########################
            1.5078
 2
24
25
 1
42
         -0.241205
          -0.46363
         -0.315506
          0.164847
         -0.800638
       -0.00501482
##################### ACCEPTABLE SUBNET NUMBER: 20  #########################
           1.54524
 6
45
41
39
40
13
33
 4
42
 3
 9
 5
         -0.461552
         -0.761822
          0.181003
           1.07075
         -0.390165
        -0.0270373
          -0.44343
           1.16709
         -0.269262
           1.40234
         -0.225008
          -1.36762
         -0.182355
##################### ACCEPTABLE SUBNET NUMBER: 21  #########################
           2.31478
 7
15
22
23
24
47
46
18
 1
17
         -0.273954
         -0.317008
         -0.246174
         0.0940508
         0.0776841
         -0.274473
          -1.24327
        -0.0960145
         -0.957346
          -1.86271
          -1.84201
##################### ACCEPTABLE SUBNET NUMBER: 22  #########################
           1.57652
 9
37
31
23
46
38
13
19
22
41
 2
42
20
          0.308135
          0.316931
         -0.450186
        -0.0750271
          0.222811
        -0.0890695
         -0.766269
        -0.0911276
          -1.26539
         -0.283873
         -0.399263
          -1.35937
        -0.0338275
          -0.78331
##################### ACCEPTABLE SUBNET NUMBER: 23  #########################
           1.50547
 5
14
19
41
31
34
 0
          0.201249
          0.238749
         -0.279205
            0.3972
         -0.102291
          -1.06099
          0.102465
         -0.246037
##################### ACCEPTABLE SUBNET NUMBER: 24  #########################
           2.35887
 1
23
 0
         -0.471748
          -0.62547
         -0.294474
          0.104113
##################### ACCEPTABLE SUBNET NUMBER: 25  #########################
            1.1409
 7
14
18
13
46
24
50
35
 2
 5
 8
           1.20495
           1.17187
         -0.683543
           0.46821
        -0.0723461
          -1.33383
          -2.27469
           -1.1425
         -0.558021
          -2.50486
          0.179763
         -0.119241
##################### ACCEPTABLE SUBNET NUMBER: 26  #########################
           1.21852
 5
27
25
 1
41
16
 0
          0.404609
          0.100748
         -0.472853
       -0.00900262
         -0.141046
          -0.23394
          -0.24502
         -0.463354
##################### ACCEPTABLE SUBNET NUMBER: 27  #########################
           1.61442
 3
23
31
19
 0
          0.136903
          0.180375
         -0.737445
          0.181685
          0.201878
          0.269575
##################### ACCEPTABLE SUBNET NUMBER: 28  #########################
           0.61142
 2
14
 6
 3
 2
 4
 5
           0.13694
        -0.0495104
         -0.286656
          0.328536
         -0.123202
           -1.5134
          0.218517
          -1.50516
##################### ACCEPTABLE SUBNET NUMBER: 29  #########################
           1.89682
11
23
22
34
37
33
48
29
 1
14
39
18
 3
 7
42
10
          0.425499
          0.465694
         -0.567908
          -1.00845
         -0.865584
         -0.250075
          0.351983
        -0.0678664
          -0.43997
          -1.43338
        -0.0501155
         0.0119623
         -0.701845
          -1.29901
          0.439343
        -0.0144511
         -0.199934
##################### ACCEPTABLE SUBNET NUMBER: 30  #########################
           2.09666
 7
50
37
29
30
27
25
41
 1
10
         -0.438547
         -0.517232
         -0.357343
         -0.138726
         -0.704166
         0.0923434
          -1.93409
         0.0705391
          -1.88022
         -0.740688
          -1.14409
##################### ACCEPTABLE SUBNET NUMBER: 31  #########################
           2.36207
 5
30
12
27
24
 6
 1
 5
          0.639129
          0.701876
         -0.203141
          -1.38983
         -0.709015
         -0.441809
          -1.70425
          0.508094
          -1.36757
##################### ACCEPTABLE SUBNET NUMBER: 32  #########################
           2.74748
 2
35
19
 0
         -0.382554
         -0.464443
         -0.591193
           0.13716
         -0.104707
##################### ACCEPTABLE SUBNET NUMBER: 33  #########################
          0.734717
 5
50
27
25
24
45
 2
42
 4
          0.255766
         -0.316774
         -0.414045
         -0.807992
        -0.0872925
         -0.218698
         0.0163541
          -0.99606
         0.0566179
         0.0457435
##################### ACCEPTABLE SUBNET NUMBER: 34  #########################
           1.34145
 1
14
 0
         -0.235742
         -0.526731
         -0.272428
         0.0443994
##################### ACCEPTABLE SUBNET NUMBER: 35  #########################
           2.89256
 4
37
30
29
31
 0
         -0.255636
         -0.454314
         -0.289075
        -0.0626291
          -1.06529
         0.0282701
          -1.19126
##################### ACCEPTABLE SUBNET NUMBER: 36  #########################
           1.41265
 4
14
15
39
12
 4
49
 5
42
 7
          0.571531
          0.589059
         -0.691191
          0.544954
          0.259174
          -1.23223
           0.26342
          0.205425
         -0.527893
         -0.946451
          -1.73705
##################### ACCEPTABLE SUBNET NUMBER: 37  #########################
           1.93329
 1
16
 3
26
 3
 4
         -0.478985
         -0.449215
          0.508357
          0.442271
          0.738248
         -0.765149
          -1.24971
##################### ACCEPTABLE SUBNET NUMBER: 38  #########################
           1.48722
 4
14
31
29
25
 1
 5
         0.0494603
         0.0697544
         -0.219016
          0.309303
          0.122456
          -1.71027
          -1.19928
         -0.670822
##################### ACCEPTABLE SUBNET NUMBER: 39  #########################
           1.58335
 5
32
31
27
15
16
 0
          0.129323
          0.150521
         -0.702036
          -0.28472
          0.106576
          0.248549
         -0.884878
          -0.87586
##################### ACCEPTABLE SUBNET NUMBER: 40  #########################
            2.0324
 4
50
45
32
47
 0
          0.112066
         -0.111437
         -0.483281
         -0.419104
      -0.000884312
          -1.76714
         -0.189469
##################### ACCEPTABLE SUBNET NUMBER: 41  #########################
            1.5943
 8
12
48
13
30
39
16
34
37
 2
10
42
          0.298509
           0.34711
         -0.167026
          0.340308
         -0.411781
          0.137122
          -1.90004
         -0.765873
          -2.17398
          -1.23225
          -1.29756
        0.00366367
         -0.335237
##################### ACCEPTABLE SUBNET NUMBER: 42  #########################
           1.64271
 5
14
47
37
12
23
 0
         0.0675851
            0.1149
         -0.172505
         0.0361141
         -0.448622
         -0.447693
          0.326539
          -1.52656
##################### ACCEPTABLE SUBNET NUMBER: 43  #########################
           1.57065
 6
19
16
12
14
47
15
 0
        -0.0268344
         0.0224219
         -0.705821
          0.298466
         -0.135833
          0.118654
           0.37893
          -1.32587
        -0.0509649
##################### ACCEPTABLE SUBNET NUMBER: 44  #########################
           1.58778
 6
27
12
18
45
31
23
 5
42
 5
17
 9
10
         -0.274886
         -0.256694
         -0.205093
          0.194825
           0.43304
          -0.85224
            -1.449
         -0.495563
          -0.22175
          0.177449
          0.173286
          -1.19782
         -0.562873
         -0.640054
##################### ACCEPTABLE SUBNET NUMBER: 45  #########################
           1.28488
11
27
31
24
32
25
37
30
29
33
39
48
 1
49
          0.017837
         -0.227722
         -0.920996
       -0.00181037
         -0.749925
        -0.0480372
         -0.265945
         -0.172864
          -2.41915
         -0.810911
          -1.90553
         -0.824371
          -1.87856
         -0.574479
         -0.569824
##################### ACCEPTABLE SUBNET NUMBER: 46  #########################
           2.20186
 2
14
23
 0
         -0.154227
         -0.130845
         -0.233442
         -0.592646
          0.276843
##################### ACCEPTABLE SUBNET NUMBER: 47  #########################
            1.6841
 2
12
30
 0
         -0.175923
          -0.13843
         -0.177013
          0.298326
          -1.03804
##################### ACCEPTABLE SUBNET NUMBER: 48  #########################
           1.96603
 2
12
45
 1
 7
          0.201911
         0.0915369
         -0.380453
         -0.546575
          0.080457
        -0.0336217
##################### ACCEPTABLE SUBNET NUMBER: 49  #########################
           2.50725
11
 6
14
16
37
 1
50
33
19
34
32
25
 4
 7
 2
42
20
           1.40263
           1.45558
          0.942655
           0.78565
           1.60306
         -0.278979
           1.30439
         0.0909818
          -0.49159
         -0.911439
           1.64406
        -0.0194858
          -1.46214
          -1.71921
           1.54979
           1.94317
          0.421456
          0.531014
##################### ACCEPTABLE SUBNET NUMBER: 50  #########################
           2.20504
 2
37
 1
 0
          0.471889
          0.540345
         -0.162744
         -0.550066
           0.73511
##################### ACCEPTABLE SUBNET NUMBER: 51  #########################
           1.88407
 9
15
24
 1
48
47
37
18
12
45
 1
 7
          0.188142
          0.251754
          -0.58224
           0.49559
          0.137055
         -0.713457
         -0.615845
         -0.601384
          0.260014
          -1.62044
         -0.965479
         -0.694226
          0.386325
##################### ACCEPTABLE SUBNET NUMBER: 52  #########################
           1.60032
13
22
47
15
16
24
25
23
27
13
37
48
46
39
 1
26
           0.18481
          0.228843
         -0.250824
          0.173576
          -1.50816
         -0.561917
         -0.684639
         -0.302229
        -0.0293084
         -0.313572
          0.250256
          0.284251
         -0.720342
         -0.641015
         -0.650266
         -0.876503
        -0.0698547
##################### ACCEPTABLE SUBNET NUMBER: 53  #########################
           0.74682
11
 1
13
14
16
48
23
25
45
47
46
33
 1
 7
          0.274037
         0.0406254
         -0.288335
        -0.0608628
         -0.529161
         0.0736056
         -0.438855
         -0.299444
         -0.517819
          -0.17233
          -2.45438
          -2.45162
         -0.490617
         -0.577112
          -1.57307
##################### ACCEPTABLE SUBNET NUMBER: 54  #########################
           1.61079
 6
12
27
16
14
46
37
 0
         -0.092815
        -0.0542205
         -0.246323
          0.242125
          0.233914
         -0.908708
         -0.931884
         -0.884175
           -2.1386
##################### ACCEPTABLE SUBNET NUMBER: 55  #########################
           1.74628
 9
25
31
50
41
39
38
22
23
24
 1
 5
          0.195027
        0.00640823
         -0.402668
         -0.134863
        -0.0195354
          -0.16393
         -0.285296
          -1.23303
          -1.22639
         -0.256487
         -0.222507
          -1.43134
         -0.642011
##################### ACCEPTABLE SUBNET NUMBER: 56  #########################
           1.72611
10
30
25
27
22
16
24
12
47
13
48
 3
26
42
 4
          0.379039
          0.408261
         0.0857654
          0.296795
         -0.542605
         -0.453417
         -0.889699
          0.206409
         -0.112954
          0.252912
          -1.45381
         -0.644166
         0.0780929
          0.332281
         -0.274014
          -1.90836
##################### ACCEPTABLE SUBNET NUMBER: 57  #########################
           2.22702
 2
 1
48
 0
          0.328222
          0.395889
         -0.171213
          0.711569
         -0.230107
##################### ACCEPTABLE SUBNET NUMBER: 58  #########################
           2.58507
 7
41
45
35
 1
31
30
24
 5
10
 5
26
 9
20
          0.825928
           0.89086
          0.805246
           1.28703
          0.897227
           1.54237
          0.632396
          0.472648
          -1.54391
          0.172048
           1.83122
         0.0655101
          0.197763
          0.692332
          -1.02256
##################### ACCEPTABLE SUBNET NUMBER: 59  #########################
           1.45907
 7
31
32
14
24
38
33
47
 0
         -0.250586
          -0.28022
         -0.245505
         -0.010751
          -1.04588
          0.207028
        -0.0916315
          -0.87562
         -0.942001
         -0.151927
##################### ACCEPTABLE SUBNET NUMBER: 60  #########################
          0.732864
 6
47
14
13
15
 6
16
 2
 4
 5
          0.166314
        -0.0862642
         -0.478215
        -0.0720318
           0.18834
         -0.994141
         -0.310945
         -0.093627
         -0.250479
          -1.57008
          0.114546
##################### ACCEPTABLE SUBNET NUMBER: 61  #########################
           1.62395
 3
37
31
32
 1
 7
          0.377006
          0.385925
         -0.259421
         -0.185784
          0.211025
         -0.656636
          -1.53053
##################### ACCEPTABLE SUBNET NUMBER: 62  #########################
           1.86882
 7
45
27
22
31
29
23
24
 0
          0.148319
          0.131687
         -0.659165
         0.0733026
         -0.334428
         -0.201464
         0.0910075
         -0.341257
        -0.0630367
        -0.0878794
##################### ACCEPTABLE SUBNET NUMBER: 63  #########################
           1.41854
 2
25
27
 0
        -0.0340427
         -0.125289
         -0.244693
         -0.102085
          0.114322
##################### ACCEPTABLE SUBNET NUMBER: 64  #########################
           1.19161
 7
14
25
23
30
29
34
12
 2
 9
10
          0.130623
         -0.018495
         -0.229663
          0.135743
        -0.0900588
          -1.54966
           -0.5934
         -0.833816
         -0.745056
          -1.56263
          -1.56152
        0.00374021
##################### ACCEPTABLE SUBNET NUMBER: 65  #########################
           1.35137
 6
37
14
27
25
29
34
 3
36
10
 2
         -0.227517
         -0.515906
         -0.603245
          0.039246
          0.435144
         -0.309401
         -0.780223
         -0.325848
         -0.503263
            0.4049
         -0.813643
         -0.332604
##################### ACCEPTABLE SUBNET NUMBER: 66  #########################
           1.96124
 3
35
32
37
 3
26
28
36
         -0.516873
         -0.490462
            1.4946
          0.703002
          0.649206
         -0.562364
           1.71569
           1.03454
         -0.562364
##################### ACCEPTABLE SUBNET NUMBER: 67  #########################
           1.61077
 5
12
13
22
47
15
 1
 8
         -0.102045
        -0.0610555
         -0.199669
          0.300502
          0.241695
          -1.52487
         -0.465994
        -0.0739969
         0.0245502
##################### ACCEPTABLE SUBNET NUMBER: 68  #########################
           1.67749
 7
25
29
27
33
31
23
24
 0
        -0.0234591
        -0.0185302
         -0.326178
        -0.0935525
          0.180008
         -0.348845
          -1.15467
          0.102789
          -0.98411
          -0.98311
##################### ACCEPTABLE SUBNET NUMBER: 69  #########################
            2.6182
 5
27
35
47
13
14
 0
         -0.344904
         -0.298572
         -0.452664
          -0.30657
         -0.158233
          -1.03859
          0.417382
         -0.980736
##################### ACCEPTABLE SUBNET NUMBER: 70  #########################
           1.99671
 7
45
19
47
30
24
23
25
 0
         -0.236315
          -0.25921
         -0.485178
        0.00714625
          0.174828
         -0.105282
        -0.0856734
         -0.326499
          -0.48774
         -0.328977
##################### ACCEPTABLE SUBNET NUMBER: 71  #########################
           1.24189
 3
24
25
27
 0
           0.21287
        -0.0931261
         -0.291984
         -0.114059
         -0.177526
        -0.0330528
##################### ACCEPTABLE SUBNET NUMBER: 72  #########################
           1.99149
 2
35
46
 2
10
42
          0.510283
          0.560827
          0.304975
           1.05673
         -0.909139
           1.21539
           0.79991
##################### ACCEPTABLE SUBNET NUMBER: 73  #########################
          0.669128
 8
14
15
13
16
40
 6
29
30
 1
 4
           0.46231
          0.269872
         -0.299558
          0.281263
         -0.093092
         -0.438728
         -0.204889
         -0.633667
         -0.193335
         -0.137544
          -1.12823
          0.158825
##################### ACCEPTABLE SUBNET NUMBER: 74  #########################
           2.08846
 1
22
 0
         -0.323575
          -0.28502
         -0.280407
          0.352273
##################### ACCEPTABLE SUBNET NUMBER: 75  #########################
           1.69056
 2
31
32
 0
          0.106353
         0.0980926
          -0.49581
          0.183438
         -0.228347
##################### ACCEPTABLE SUBNET NUMBER: 76  #########################
           2.33829
 3
41
15
37
 4
10
 8
 5
36
          0.452803
          0.520398
          0.418174
           1.04106
           1.60976
          0.296802
           1.62197
          0.728963
           1.04473
         -0.623558
##################### ACCEPTABLE SUBNET NUMBER: 77  #########################
           1.85395
 8
29
 1
31
14
13
15
19
50
 0
         -0.344725
         -0.307422
          -0.42143
        -0.0188988
         0.0963256
          0.109659
         -0.455551
          0.257457
         -0.553005
          0.262548
          -1.12253
##################### ACCEPTABLE SUBNET NUMBER: 78  #########################
           1.50898
 7
31
25
27
38
14
13
30
 0
          0.175062
          0.119254
         -0.239869
          0.046427
         -0.114457
         0.0775234
         -0.739729
          -2.14558
          -2.00281
         -0.726036
##################### ACCEPTABLE SUBNET NUMBER: 79  #########################
           1.54916
 4
31
27
38
24
 0
        -0.0470073
        -0.0892085
         -0.329281
        -0.0339781
           0.12678
        -0.0524874
          -1.36836
##################### ACCEPTABLE SUBNET NUMBER: 80  #########################
           1.14458
 1
14
 2
44
17
          0.288335
         -0.060128
         -0.188764
          0.339554
           0.31403
           0.22429
##################### ACCEPTABLE SUBNET NUMBER: 81  #########################
           1.61489
 8
22
23
34
14
16
48
 1
19
 1
 3
          0.454009
          0.500342
         -0.502658
          0.328209
          0.268796
         -0.486963
         -0.480335
         -0.188062
          -1.78959
         -0.898695
         -0.605025
         -0.903303
##################### ACCEPTABLE SUBNET NUMBER: 82  #########################
            2.5301
 1
29
 0
          -0.49435
         -0.563245
          -1.20329
          0.233778
##################### ACCEPTABLE SUBNET NUMBER: 83  #########################
           1.59751
 4
13
22
25
14
 1
 8
          0.157905
          0.211284
         -0.786384
          0.361915
          0.328421
        -0.0676048
        -0.0348164
         -0.180737
##################### ACCEPTABLE SUBNET NUMBER: 84  #########################
           1.40651
 6
25
27
24
30
50
48
 0
       -0.00800627
        -0.0853852
         -0.248703
         -0.106486
          0.126002
         -0.147326
         -0.676727
         -0.609884
         -0.480079
##################### ACCEPTABLE SUBNET NUMBER: 85  #########################
           2.84464
 6
 6
15
25
24
30
23
 0
          -0.33977
         -0.406187
         -0.213274
         -0.667928
          0.161461
         -0.662543
          -1.71816
         -0.912319
          -1.74058
##################### ACCEPTABLE SUBNET NUMBER: 86  #########################
           1.52533
 9
12
14
27
39
38
16
32
46
13
 0
          0.152467
          0.195752
         -0.237136
           0.25956
          0.347696
          -1.72183
         -0.261174
         -0.251708
         -0.704466
           -2.9786
          -3.12691
          -1.64023
##################### ACCEPTABLE SUBNET NUMBER: 87  #########################
           1.88768
 9
25
27
24
29
45
30
46
33
47
 3
28
26
 7
           1.77029
            1.8245
           1.67063
            1.8536
           1.36466
           1.85914
          0.905079
          -1.75631
          0.463599
           1.31069
          -1.59354
         0.0903529
            1.3687
           1.87657
          0.702326
##################### ACCEPTABLE SUBNET NUMBER: 88  #########################
           1.65408
 3
15
13
31
 2
43
20
          0.260845
          0.276386
         -0.259247
        -0.0211468
         -0.161932
           0.21299
         -0.663201
         -0.852955
##################### ACCEPTABLE SUBNET NUMBER: 89  #########################
           2.86513
10
31
47
22
46
45
37
24
27
50
41
 3
10
42
20
          0.970083
           1.03314
           0.93217
         -0.949782
          -1.81699
           1.27566
          0.974618
         -0.662256
          0.725443
          0.544007
          0.314534
          -1.39203
         -0.532011
           1.55525
          0.608218
         -0.499933
##################### ACCEPTABLE SUBNET NUMBER: 90  #########################
           1.52963
 5
31
46
18
14
41
 2
42
28
            1.8221
           1.83562
         -0.341476
          0.218812
           -0.2522
         -0.954908
          0.112461
          -1.05551
         -0.400182
         -0.416421
##################### ACCEPTABLE SUBNET NUMBER: 91  #########################
           2.31581
 3
 1
41
16
 1
26
          0.246856
          0.314731
         -0.162241
          0.720828
          -1.36631
         -0.529534
         -0.570137
##################### ACCEPTABLE SUBNET NUMBER: 92  #########################
           1.65502
 5
27
13
16
12
25
 3
 3
 9
10
         0.0716745
          0.103723
         -0.536191
           0.31587
          -1.41271
         -0.962041
          -1.81795
           -1.4675
          -1.09292
          -1.81795
          -2.15113
##################### ACCEPTABLE SUBNET NUMBER: 93  #########################
           2.17117
 1
22
 1
42
         -0.464322
         -0.464268
         -0.287679
          0.324332
         0.0391127
##################### ACCEPTABLE SUBNET NUMBER: 94  #########################
            2.1203
 1
22
 0
         -0.319427
         -0.271737
          -1.77763
          0.395414
##################### ACCEPTABLE SUBNET NUMBER: 95  #########################
           1.37999
 9
47
24
30
22
14
15
50
23
34
 4
 3
 4
 5
28
        -0.0681571
        -0.0808151
         -0.710357
       -0.00501329
         -0.614389
         0.0505336
          -1.15157
          0.260515
         -0.415494
         -0.668699
           -1.1732
          -1.73293
         -0.344026
           -1.0112
         -0.401583
          -1.73319
##################### ACCEPTABLE SUBNET NUMBER: 96  #########################
           1.52163
 6
14
12
37
39
50
18
 1
49
          0.342364
          0.385267
         -0.585585
          0.455376
         -0.399029
        -0.0229732
         -0.240348
          -1.94766
         -0.652542
          -1.54889
##################### ACCEPTABLE SUBNET NUMBER: 97  #########################
           2.42989
 1
45
 1
10
          0.536473
        -0.0113858
         -0.378177
         -0.125665
          -1.06057
##################### ACCEPTABLE SUBNET NUMBER: 98  #########################
           1.67434
 1
31
 1
10
          0.244266
          0.257558
         -0.262078
          0.218639
         -0.917897
##################### ACCEPTABLE SUBNET NUMBER: 99  #########################
          0.632609
 3
 1
14
25
 0
          0.393051
        0.00948755
         -0.296026
         -0.144813
       -0.00184637
         -0.183711
##################### ACCEPTABLE SUBNET NUMBER: 100  #########################
            1.4608
 6
37
47
29
14
38
45
 1
36
         -0.303762
         -0.375472
          -1.01233
        -0.0611328
         -0.152291
         -0.549533
          0.276716
         -0.122622
          -1.40443
         0.0639738
----------Number of Acceptable Subnets found: 100 -----------
----------END FOR GENE 11 -----------
