File open successful. It contains: 
Finished reading file, will close now.
File x_dt open successful.
Finished reading file x_dt, will close now.
File sd_d open successful.
Finished reading file sd_d, will close now.
--------START FOR GENE 25 -----------
 Values arranged as error, n_ka, gene ids for ka, n_kd, gene ids for kd,
 r0, d, ea, ka_values, kd_values for each subnet. 
##################### ACCEPTABLE SUBNET NUMBER: 1  #########################
           2.40575
 2
14
 1
 0
         -0.284794
         -0.449128
         -0.175262
         -0.866633
           0.43907
##################### ACCEPTABLE SUBNET NUMBER: 2  #########################
           1.43863
 4
 5
39
30
 3
 3
20
15
31
         0.0904333
         -0.272859
         -0.197118
          0.206377
         -0.470385
         -0.188812
          0.332269
          0.520058
          -1.40398
          -1.40398
##################### ACCEPTABLE SUBNET NUMBER: 3  #########################
           2.94758
 6
14
19
 1
45
17
10
 1
13
         0.0475721
         0.0360896
          -1.35258
          0.361472
          0.442101
           0.84565
         -0.209049
          -0.89355
         -0.439101
          0.458857
##################### ACCEPTABLE SUBNET NUMBER: 4  #########################
           1.16421
 3
18
48
19
 2
34
20
          0.850031
           0.27965
         -0.436249
          0.677267
          0.409427
          0.524349
          0.853938
          0.801501
##################### ACCEPTABLE SUBNET NUMBER: 5  #########################
           2.17403
 8
 1
 5
33
18
 9
21
10
29
 3
34
 7
13
            1.1369
           1.14336
          0.610377
            1.6876
           1.06163
         -0.433963
         -0.730831
         -0.760158
          -1.14925
          -1.17172
          0.575177
          0.672306
           0.43747
           1.32853
##################### ACCEPTABLE SUBNET NUMBER: 6  #########################
           2.67028
10
36
10
11
12
40
 1
38
29
22
41
 0
         -0.402169
         -0.687644
         -0.651815
         -0.345196
         0.0218491
          -1.49366
          -1.24408
         -0.187957
          0.346517
         -0.908185
          -1.03205
          -0.50472
         -0.771429
##################### ACCEPTABLE SUBNET NUMBER: 7  #########################
          0.811953
10
29
 9
11
14
 2
35
27
 5
41
30
 4
20
 8
 7
34
           1.86107
           1.26218
         -0.798092
          0.169301
          0.455478
          0.329256
         -0.559946
          0.281756
          -1.10825
           -2.0591
           -1.1136
         -0.364467
          -1.27825
          0.671977
          0.217423
         -0.478669
         -0.951892
##################### ACCEPTABLE SUBNET NUMBER: 8  #########################
           2.43412
 1
 1
 2
 7
34
         -0.305569
         -0.472256
         -0.181736
          0.445655
          -1.63505
         -0.589095
##################### ACCEPTABLE SUBNET NUMBER: 9  #########################
           2.03342
 8
19
11
 1
30
44
33
36
37
 1
31
        -0.0932107
         -0.159583
        -0.0129103
          0.278499
          0.476715
           1.10013
         -0.993015
          0.224823
         -0.983346
         -0.282209
         -0.300867
          0.665504
##################### ACCEPTABLE SUBNET NUMBER: 10  #########################
           2.34919
 2
 1
33
 1
31
         -0.270916
         -0.430587
         -0.187013
          0.445976
         -0.299461
         -0.312666
##################### ACCEPTABLE SUBNET NUMBER: 11  #########################
           2.64473
 4
 1
37
36
21
 0
         -0.321357
         -0.490766
         -0.177748
          0.421287
         -0.413598
         -0.443233
         -0.171581
##################### ACCEPTABLE SUBNET NUMBER: 12  #########################
           2.27449
 4
 1
33
 2
 5
 3
 4
 6
 8
         -0.242653
         -0.385599
         -0.166367
          0.482249
         -0.497307
         -0.247251
         -0.197804
         -0.216552
           -0.5292
         0.0986614
##################### ACCEPTABLE SUBNET NUMBER: 13  #########################
            2.4722
 6
46
 1
18
 9
19
17
 2
 6
50
         0.0329322
        -0.0480043
         -0.121457
         -0.753182
          0.644027
         -0.596395
           -1.7012
         -0.966476
         -0.963111
          0.349113
          -1.72027
##################### ACCEPTABLE SUBNET NUMBER: 14  #########################
           1.63588
 4
21
 1
35
22
 1
20
        -0.0596524
         -0.109236
         -0.106409
          -1.70886
          0.794943
          -1.13332
          0.194289
          0.463651
##################### ACCEPTABLE SUBNET NUMBER: 15  #########################
           2.40931
 1
 1
 1
31
         -0.293903
         -0.456581
         -0.176286
          0.444115
           -0.7571
##################### ACCEPTABLE SUBNET NUMBER: 16  #########################
           2.20693
10
32
35
33
46
 1
10
11
14
16
47
 0
         -0.255979
         -0.462383
         -0.272252
         -0.318537
         -0.449582
         -0.689771
          -0.36359
            0.3976
        -0.0607438
         -0.352451
          -1.40975
          -1.41005
           -2.0071
##################### ACCEPTABLE SUBNET NUMBER: 17  #########################
           1.91457
 5
 1
48
47
19
21
 2
13
20
          0.039044
       -0.00326876
         -0.164417
          0.705238
          -0.59403
         0.0063011
         -0.570441
         -0.577088
          0.276199
         0.0184438
##################### ACCEPTABLE SUBNET NUMBER: 18  #########################
           2.39254
 4
 1
 9
10
18
 2
31
15
         -0.299268
         -0.435429
         -0.164128
          0.469304
         -0.638155
         -0.383167
          -1.60446
          -1.30129
          -1.35269
##################### ACCEPTABLE SUBNET NUMBER: 19  #########################
           2.13526
18
39
24
23
 1
30
38
10
37
19
47
14
45
29
 9
18
36
 2
21
 6
31
34
13
20
 6
42
          0.458557
          0.461282
          0.384608
         0.0850272
          0.237723
           1.06939
           1.66825
          0.137389
         -0.193901
           0.38908
          0.280266
          -1.14876
         -0.541715
         -0.193976
         0.0967837
          0.502273
          0.678642
          -1.53854
          0.441615
           -2.3035
         -0.279839
          0.166858
          0.573182
           1.29138
          -1.55732
         -0.624194
          0.322853
##################### ACCEPTABLE SUBNET NUMBER: 20  #########################
           1.96294
 2
 1
10
 1
15
         0.0131187
        -0.0447788
         -0.128911
          0.674587
         -0.066514
           0.25287
##################### ACCEPTABLE SUBNET NUMBER: 21  #########################
            2.0169
12
 2
30
36
39
23
19
18
 1
10
27
29
28
 3
 4
13
26
         0.0620573
         0.0290713
         -0.118078
         -0.717423
         -0.336531
         -0.960047
          -2.61714
         -0.137585
          -1.64251
         -0.878396
          0.743283
         -0.552837
          -1.54921
          -1.28408
          -1.28408
          0.319394
          -1.30267
         -0.532375
##################### ACCEPTABLE SUBNET NUMBER: 22  #########################
           1.92264
 4
44
10
 1
 2
 1
13
          0.167621
          0.145646
        -0.0993958
         -0.757455
         -0.430532
          0.799832
        -0.0344171
          0.388864
##################### ACCEPTABLE SUBNET NUMBER: 23  #########################
           2.20201
 3
 1
19
10
 0
         -0.343894
         -0.543251
         -0.258838
          0.425607
         -0.406346
        0.00114108
##################### ACCEPTABLE SUBNET NUMBER: 24  #########################
           2.01933
15
21
19
 1
33
32
30
 9
 2
35
40
27
11
41
14
17
 3
13
15
50
          0.358754
          0.358829
         -0.644787
          0.431944
          -1.31752
           1.05237
         -0.783456
         -0.220754
         -0.619744
         -0.091854
           -1.7525
          -1.67999
          -1.78953
          -1.20604
         -0.445689
        -0.0599227
        -0.0511048
          0.158407
          0.661218
          -1.12663
         -0.441492
##################### ACCEPTABLE SUBNET NUMBER: 25  #########################
           2.59576
20
35
11
 5
 9
46
39
19
18
 1
24
27
23
28
29
12
48
14
10
17
37
 2
20
 7
          0.268757
          0.144957
         -0.392764
          0.110729
          0.109064
          0.324718
          -0.45337
         -0.651222
          -2.38378
          0.294739
          -1.08726
          -0.22299
          0.273939
         -0.471819
         -0.697649
          -3.14638
          -1.07025
         -0.599947
           -0.1489
         -0.294112
          -2.62136
         -0.318796
          -1.18305
          0.495816
        -0.0119331
##################### ACCEPTABLE SUBNET NUMBER: 26  #########################
           2.37229
 4
 2
36
 1
 3
 2
 6
 8
         -0.254886
         -0.434263
         -0.177034
         -0.132201
         -0.364441
          0.449314
         -0.200903
          -2.56743
          0.130017
##################### ACCEPTABLE SUBNET NUMBER: 27  #########################
           2.47897
 1
 1
 0
         -0.296656
          -0.48821
         -0.190709
          0.426409
##################### ACCEPTABLE SUBNET NUMBER: 28  #########################
           2.43359
 7
14
 1
47
44
32
30
36
 0
          -0.29403
         -0.448501
         -0.947542
          -1.71101
          0.395144
        -0.0224379
         -0.652833
         -0.223121
         -0.502948
          -1.13232
##################### ACCEPTABLE SUBNET NUMBER: 29  #########################
           5.43799
 3
40
10
38
 0
         0.0925897
         -0.544306
         -0.691033
          -1.59745
          -1.71019
         -0.100854
##################### ACCEPTABLE SUBNET NUMBER: 30  #########################
           2.41312
 1
 1
 0
         -0.291974
         -0.461373
         -0.178916
           0.43885
##################### ACCEPTABLE SUBNET NUMBER: 31  #########################
           4.14978
 3
11
10
46
 1
13
         -0.120184
         -0.239414
         -0.227479
          0.262306
         0.0277986
         -0.478598
          0.173398
##################### ACCEPTABLE SUBNET NUMBER: 32  #########################
           2.42704
 3
28
37
 1
 0
         -0.290149
         -0.446176
         -0.172984
         -0.487789
         -0.508827
          0.446343
##################### ACCEPTABLE SUBNET NUMBER: 33  #########################
            1.9261
11
21
 1
18
10
 9
12
30
23
16
41
19
 1
13
          0.319649
          0.307455
          -1.22307
          0.324491
          0.853168
         0.0233971
         -0.791775
          0.120343
         -0.832012
           0.20813
          -1.43599
         -0.510295
          -1.01115
         -0.564213
           0.46389
##################### ACCEPTABLE SUBNET NUMBER: 34  #########################
           3.24289
 3
47
14
 3
 1
20
          0.062395
         -0.402966
         -0.611134
         -0.029821
         -0.523336
           -1.8128
        -0.0030686
##################### ACCEPTABLE SUBNET NUMBER: 35  #########################
           2.67027
13
 1
 2
11
10
14
21
46
35
38
40
19
23
17
 4
 8
 7
31
15
          0.859474
          0.731839
          0.102453
           1.43901
           1.28338
          0.112276
          0.627957
         -0.166133
         -0.129129
         -0.695464
           -1.2139
          -1.07055
          -1.22197
         -0.808991
          0.596681
          0.314367
           1.34796
          0.874914
          0.946524
         -0.475474
##################### ACCEPTABLE SUBNET NUMBER: 36  #########################
           2.36419
 7
22
 1
 5
10
18
19
11
 0
         -0.297218
         -0.477109
         -0.187601
         -0.270528
           0.42475
         -0.616091
         -0.197135
           -3.0162
          -3.02582
          -1.71629
##################### ACCEPTABLE SUBNET NUMBER: 37  #########################
           5.11941
 2
 1
14
 3
 7
20
34
           1.46663
           1.37694
           1.26191
            1.1438
           0.25314
           1.66718
           1.36149
           1.40969
##################### ACCEPTABLE SUBNET NUMBER: 38  #########################
            2.0131
10
36
 1
17
21
19
 3
41
40
39
10
 1
20
         -0.201875
         -0.319546
         -0.164627
         -0.522355
          0.536877
         -0.626645
         -0.045523
          -0.32345
         -0.533855
           -1.3573
         -0.870572
         -0.304231
          -1.05686
          0.132133
##################### ACCEPTABLE SUBNET NUMBER: 39  #########################
           2.56703
 7
30
47
44
 5
 1
33
32
 2
31
34
         -0.318345
         -0.459879
         -0.313617
         -0.169576
       -0.00147484
         -0.703087
         -0.301943
          0.440118
         -0.843297
         -0.555585
         -0.110521
         -0.657573
##################### ACCEPTABLE SUBNET NUMBER: 40  #########################
           2.41033
 2
40
 1
 0
         -0.284215
         -0.449334
         -0.176587
         -0.635821
          0.438419
##################### ACCEPTABLE SUBNET NUMBER: 41  #########################
           5.06235
 9
17
 9
47
45
44
43
37
33
21
 2
34
20
         -0.409804
         -0.608033
         -0.413509
         -0.279365
          -0.90386
         0.0280254
        -0.0744544
         -0.345309
         -0.207765
          -0.17723
         -0.330654
         -0.873039
          0.112476
         -0.874081
##################### ACCEPTABLE SUBNET NUMBER: 42  #########################
           4.92081
 9
12
33
 5
35
11
39
18
14
 3
 1
 4
          0.467202
          0.437246
            -0.182
          0.448183
         -0.169955
          0.258298
         -0.347673
          -2.86349
          -1.19294
          -1.93306
           -0.8867
          0.452393
          0.431616
##################### ACCEPTABLE SUBNET NUMBER: 43  #########################
           5.11311
 5
38
32
46
45
 3
 1
34
         -0.267604
         -0.555777
         -0.615368
         0.0719188
          -0.20458
         -0.794698
          -2.82065
         -0.468398
          0.267423
##################### ACCEPTABLE SUBNET NUMBER: 44  #########################
           2.64188
16
 3
11
30
29
23
18
17
 9
 5
39
38
40
46
21
44
48
 1
20
          0.203221
        -0.0442021
          -1.33045
          0.620936
           0.61322
         -0.513317
          -1.28835
          -1.37374
         -0.126171
           0.36107
         -0.601739
         -0.215106
         -0.501546
          -1.10551
          -0.38556
         -0.161787
          -1.09286
         -0.780076
         -0.182508
          0.832588
##################### ACCEPTABLE SUBNET NUMBER: 45  #########################
           5.97964
 3
11
46
45
 0
         -0.359924
         -0.338614
         -0.998125
          0.309706
        -0.0863183
          -0.19691
##################### ACCEPTABLE SUBNET NUMBER: 46  #########################
           2.40638
 1
 1
 0
         -0.282692
         -0.449588
         -0.176005
          0.436767
##################### ACCEPTABLE SUBNET NUMBER: 47  #########################
           5.50809
10
30
10
29
 2
12
 5
14
16
46
48
 2
 7
15
          0.453631
          0.438057
         0.0442059
          0.857224
          0.864066
        -0.0197833
          0.101397
         -0.151307
         -0.158624
         -0.185294
         -0.594369
         -0.705014
          0.345805
           1.00407
          0.401925
##################### ACCEPTABLE SUBNET NUMBER: 48  #########################
           2.99714
 9
14
10
11
12
16
 2
 9
19
18
 1
20
         -0.125208
         -0.497572
           -1.0154
          0.161025
        0.00404633
          0.147602
          -1.70857
          -0.53011
        -0.0655604
         -0.104411
          -3.32961
          -3.32835
          0.332097
##################### ACCEPTABLE SUBNET NUMBER: 49  #########################
             5.031
11
 9
45
18
27
 2
 5
48
14
19
 1
10
 1
20
           1.40695
           1.36997
          -0.36502
          0.582396
         0.0693219
           -0.7283
        -0.0656047
          -2.05969
         -0.475171
         -0.847791
          -1.14135
          -1.08518
         -0.154256
        -0.0197155
          0.263455
##################### ACCEPTABLE SUBNET NUMBER: 50  #########################
            4.9987
10
10
40
 1
47
18
45
14
 2
11
35
 3
 7
20
34
           1.25529
           1.16812
           1.23509
           1.10565
         -0.569265
          -1.65617
         -0.945707
         -0.238296
           1.06182
           -1.2273
          0.792525
           1.12539
         -0.204724
           1.65595
           1.37873
           1.35476
##################### ACCEPTABLE SUBNET NUMBER: 51  #########################
           2.53823
 3
47
 1
18
 1
20
         -0.320574
         -0.488124
         -0.212178
         -0.115825
          0.420363
          -1.78674
          -0.43553
##################### ACCEPTABLE SUBNET NUMBER: 52  #########################
            2.9641
 4
 5
30
10
41
 2
20
 7
         -0.222545
          -0.51203
         -0.306303
          0.110512
          -1.10703
        -0.0563827
         -0.334919
          0.116435
         -0.641006
##################### ACCEPTABLE SUBNET NUMBER: 53  #########################
           1.92024
 7
 1
11
 9
47
 2
29
48
 3
13
31
50
          0.217794
          0.206873
        -0.0843277
          0.889904
         -0.699663
         0.0314911
          -1.65509
          -1.24705
         -0.611856
         -0.831731
          0.482715
         -0.162407
         -0.831731
##################### ACCEPTABLE SUBNET NUMBER: 54  #########################
           3.11605
 2
12
 1
 0
         -0.414821
         -0.509222
         -0.183734
          -0.23786
           0.54165
##################### ACCEPTABLE SUBNET NUMBER: 55  #########################
           1.33708
 7
29
19
17
41
47
45
23
 1
20
           0.69731
         -0.438928
         -0.940119
         -0.173549
          -1.77004
          -1.75971
          -1.55472
         -0.234882
          -1.15979
         -0.476421
          0.218122
##################### ACCEPTABLE SUBNET NUMBER: 56  #########################
           3.03077
11
 1
10
11
18
 2
17
19
48
47
 5
23
 3
34
20
13
          0.928105
          0.901065
          0.297778
           1.14132
          -1.51141
         0.0569657
          0.983821
          0.920429
          0.299777
         -0.740581
          0.818454
          -1.11013
         -0.542452
          0.483624
           1.01389
          0.949997
         -0.213011
##################### ACCEPTABLE SUBNET NUMBER: 57  #########################
            5.8936
 2
19
24
 1
13
         -0.541314
         -0.851594
          -1.11911
          0.343724
         -0.707597
          0.250631
##################### ACCEPTABLE SUBNET NUMBER: 58  #########################
           3.28896
 6
10
11
 1
 5
33
43
 6
 7
13
20
31
 8
15
          0.730496
          0.699672
          0.789143
           1.34979
          0.621028
           1.56368
         -0.319202
          -1.29452
          -1.13293
           1.44454
           1.16908
         0.0917714
          -1.17238
           1.32371
          0.451961
##################### ACCEPTABLE SUBNET NUMBER: 59  #########################
           5.15428
 8
30
29
 3
47
21
23
33
48
 1
34
         -0.152093
         -0.591674
         0.0236593
          0.223504
         -0.967343
         -0.788391
         -0.395414
         0.0222055
         -0.483596
         -0.616088
          -1.09878
          0.498075
##################### ACCEPTABLE SUBNET NUMBER: 60  #########################
           2.66806
 6
 3
 2
 1
 5
19
29
 1
20
          -0.27173
         -0.491421
         -0.194109
         -0.165817
         -0.730354
          0.373035
         -0.815097
         -0.132099
           -1.1302
        -0.0671059
##################### ACCEPTABLE SUBNET NUMBER: 61  #########################
           5.68852
 3
37
 9
12
 1
34
         0.0936489
         -0.550158
         0.0544463
         -0.797724
          -1.44911
          -1.43793
          0.569906
##################### ACCEPTABLE SUBNET NUMBER: 62  #########################
           2.20892
 4
 1
24
35
10
 2
20
34
          -0.34175
         -0.501232
         -0.220218
          0.451712
         -0.283298
         -0.525925
       -0.00672071
         -0.970027
          -1.79558
##################### ACCEPTABLE SUBNET NUMBER: 63  #########################
           5.51756
 1
 5
 1
50
         -0.310229
         -0.306591
         -0.118961
          0.284663
          -1.21549
##################### ACCEPTABLE SUBNET NUMBER: 64  #########################
           5.65469
 1
38
 0
          0.144173
         -0.600517
         -0.587769
         -0.136419
##################### ACCEPTABLE SUBNET NUMBER: 65  #########################
           5.92204
 2
43
 5
 1
 7
         -0.265512
         -0.243884
         -0.107284
         -0.625297
          0.305957
         -0.458673
##################### ACCEPTABLE SUBNET NUMBER: 66  #########################
           4.66069
 1
11
 3
20
 4
13
         -0.316656
         -0.509617
         -0.206008
          0.158401
         -0.402657
         0.0282609
         -0.213557
##################### ACCEPTABLE SUBNET NUMBER: 67  #########################
           3.04673
10
 9
 1
12
 5
21
23
39
16
11
19
 1
13
          0.931387
          0.921501
         -0.104633
          0.309161
          0.629825
          -1.51018
          0.273718
         -0.295023
           -1.3763
          -1.43112
         -0.188817
          -1.68256
          -0.87368
          0.308572
##################### ACCEPTABLE SUBNET NUMBER: 68  #########################
           5.02344
 7
 2
11
12
10
39
 3
 5
 0
         -0.408485
         -0.629451
         -0.423592
         -0.538364
         0.0979948
         -0.963505
         -0.798019
         -0.171061
         -0.406235
         -0.343902
##################### ACCEPTABLE SUBNET NUMBER: 69  #########################
           5.15894
10
23
27
37
38
39
35
40
48
 5
 3
 3
13
50
 6
          0.562365
            0.1501
         -0.929663
       -0.00599949
        0.00204279
        -0.0566238
        -0.0321988
         -0.836466
         -0.187739
         -0.557668
          -1.23478
          -1.64755
           -2.1122
          0.196256
        -0.0803227
         -0.559532
##################### ACCEPTABLE SUBNET NUMBER: 70  #########################
           1.65968
 6
29
11
19
21
48
32
 3
20
 7
31
          0.300133
       -0.00966598
         -0.223119
          -1.41936
          0.320402
           0.29147
          0.206473
          -1.53558
          -1.42024
          0.556987
        -0.0703694
        -0.0941277
##################### ACCEPTABLE SUBNET NUMBER: 71  #########################
           5.26765
 5
 2
 5
48
47
21
 0
         -0.428602
         -0.461765
           -0.1309
          -1.13048
          0.238474
          -1.75476
          -1.95844
          -2.09078
##################### ACCEPTABLE SUBNET NUMBER: 72  #########################
           4.08428
11
17
40
14
21
11
30
36
 2
47
38
 1
 2
34
31
         -0.358898
          -0.57302
         -0.236082
         -0.548486
         -0.742059
          -1.69404
         -0.982646
          0.113574
        -0.0601551
         -0.721852
          -1.52344
          -1.52326
          -1.28059
          0.227999
          -0.28367
        -0.0252743
##################### ACCEPTABLE SUBNET NUMBER: 73  #########################
           5.06419
 5
 1
 5
46
45
44
 1
13
         -0.395544
         -0.543228
         -0.188201
          -1.20006
          0.135711
          -1.01652
          -1.01672
           -1.0175
         -0.535904
##################### ACCEPTABLE SUBNET NUMBER: 74  #########################
           2.35029
 3
24
 1
12
 2
 6
31
          0.139791
         0.0730524
         -0.117075
          0.170043
          0.758718
          -1.56905
              0.44
          0.237904
##################### ACCEPTABLE SUBNET NUMBER: 75  #########################
           2.60158
 9
30
36
37
35
38
 3
 5
 1
 2
 2
 6
15
         -0.264561
         -0.393155
         -0.187223
         0.0258872
          -1.03441
         -0.280977
          -1.07123
         -0.328423
         -0.960768
         -0.728578
          0.473531
         -0.715448
        -0.0439816
         -0.996403
##################### ACCEPTABLE SUBNET NUMBER: 76  #########################
           4.59357
 9
45
35
36
29
28
24
10
11
14
 2
34
20
        -0.0681481
         -0.611837
          0.419723
         -0.449919
         -0.532182
         0.0616231
          0.386786
        -0.0527225
         -0.125233
          -1.08221
          -1.09701
          -1.08444
          0.930789
          0.514964
##################### ACCEPTABLE SUBNET NUMBER: 77  #########################
           5.36919
 8
 1
29
33
39
45
 2
35
46
 2
 7
31
           1.05503
           1.06639
          0.651486
           1.27691
          0.203981
           1.23728
          0.596445
          0.241527
         -0.269764
         -0.211641
         -0.885256
           1.53816
          0.892109
##################### ACCEPTABLE SUBNET NUMBER: 78  #########################
           5.77936
11
36
39
38
35
40
47
46
45
44
48
43
 0
         -0.341078
          -0.52674
         -0.836843
         -0.164761
          -1.21684
         -0.194619
         -0.281919
          -0.17332
          0.036103
          -1.38395
          -1.37616
          -1.44627
          -1.38485
          -1.40045
##################### ACCEPTABLE SUBNET NUMBER: 79  #########################
           5.39317
 2
10
12
 1
34
         -0.716143
         -0.738838
       -0.00170172
           0.54888
           0.63217
          0.614763
##################### ACCEPTABLE SUBNET NUMBER: 80  #########################
           2.24604
 6
36
 1
 5
18
17
35
 2
13
34
         0.0866123
         0.0546747
           -1.5342
          0.195072
          0.744116
         -0.234048
          -2.99228
          -2.98261
          0.116259
          0.346073
          -1.63581
##################### ACCEPTABLE SUBNET NUMBER: 81  #########################
           2.49158
 1
 1
 0
         -0.322721
         -0.490448
         -0.182436
          0.451129
##################### ACCEPTABLE SUBNET NUMBER: 82  #########################
           2.59358
 8
 9
 2
19
21
 5
14
30
39
 2
20
50
           1.67696
             1.497
          -1.69515
           0.40106
           0.60996
         -0.536447
         -0.627918
          0.222255
          -0.38503
         -0.816413
         -0.337562
          0.392713
          -1.14282
##################### ACCEPTABLE SUBNET NUMBER: 83  #########################
           4.55749
14
21
10
11
12
27
28
29
17
32
40
45
37
36
35
 1
13
         -0.365758
         -0.463687
         -0.272548
         -0.302442
          -0.11656
           0.23977
         -0.738475
          -1.53126
          -1.54505
          -1.45753
         -0.662892
         -0.214948
          -1.60641
          -1.28324
          -1.56996
          -1.65161
         -0.281505
         0.0572014
##################### ACCEPTABLE SUBNET NUMBER: 84  #########################
           2.99952
 1
 1
 1
 6
          0.105859
         0.0931202
        -0.0886379
          0.905152
          0.577708
##################### ACCEPTABLE SUBNET NUMBER: 85  #########################
           5.22124
 4
48
47
46
18
 1
50
          0.169036
         -0.199654
         -0.714302
         -0.556556
         0.0118205
         -0.712545
         -0.361328
        -0.0417756
##################### ACCEPTABLE SUBNET NUMBER: 86  #########################
           2.21889
11
 5
 1
30
27
36
17
37
32
23
11
 2
 2
34
13
           1.12571
           1.13058
          0.632913
          0.406505
           1.86502
         -0.153118
        -0.0632901
           1.17233
          0.754846
          0.502145
          0.236699
         -0.227012
         -0.218066
          0.140173
          0.941344
           1.50525
##################### ACCEPTABLE SUBNET NUMBER: 87  #########################
           3.67856
 8
11
35
27
36
 1
32
14
16
 1
15
         -0.245524
         -0.616696
         -0.263245
         -0.319778
        -0.0887111
          -1.33394
          -1.17919
          0.181577
          -1.17884
          -1.50413
          -1.40908
          -0.81778
##################### ACCEPTABLE SUBNET NUMBER: 88  #########################
           2.40318
 4
 1
33
29
16
 1
15
           -0.2807
          -0.44428
         -0.173988
          0.437909
         -0.665138
          -1.72873
          -1.46683
          -1.45683
##################### ACCEPTABLE SUBNET NUMBER: 89  #########################
           3.72227
 6
 5
30
11
39
29
33
 2
13
 7
        -0.0248204
          -0.38291
         -0.300034
         0.0325396
        0.00597795
         -0.482512
         -0.678867
          -1.63749
         -0.348056
        -0.0125945
         -0.647039
##################### ACCEPTABLE SUBNET NUMBER: 90  #########################
           5.84427
 9
30
12
11
27
23
36
21
17
 1
 1
34
          0.775718
         -0.574314
          0.726566
          0.229874
          -0.64994
          -0.63849
          0.180239
         -0.264957
          0.209456
         -0.344565
         0.0933906
          -1.34826
           1.45829
##################### ACCEPTABLE SUBNET NUMBER: 91  #########################
            1.7203
 3
35
 1
40
 1
20
        -0.0699097
         -0.135159
         -0.144663
         0.0493628
          0.699072
         -0.561774
          0.363733
##################### ACCEPTABLE SUBNET NUMBER: 92  #########################
           5.53909
 9
 9
19
35
18
10
 2
29
27
 3
 1
20
          0.562002
          0.526493
         -0.735615
          0.606632
         -0.562881
         -0.663122
         0.0199404
           -1.5816
         -0.201882
         -0.066037
         -0.486265
         -0.552731
          0.231858
##################### ACCEPTABLE SUBNET NUMBER: 93  #########################
           1.94298
 1
 1
 2
13
31
          0.145756
          0.130526
        -0.0923985
          0.866137
          0.444036
          -1.16186
##################### ACCEPTABLE SUBNET NUMBER: 94  #########################
           3.65655
 1
47
 0
          0.525432
         -0.469496
         -0.553792
         -0.224479
##################### ACCEPTABLE SUBNET NUMBER: 95  #########################
           5.03899
 3
 5
39
21
 1
50
          -0.35835
         -0.519173
         -0.193622
          0.129161
          -2.77192
         -0.230439
         -0.216666
##################### ACCEPTABLE SUBNET NUMBER: 96  #########################
            3.8614
 6
 1
35
33
32
46
47
 1
31
         -0.452443
          -0.72618
            -1.021
          0.347909
         0.0555811
          -1.20881
          -1.10879
         -0.581449
         -0.729084
        -0.0317617
##################### ACCEPTABLE SUBNET NUMBER: 97  #########################
           3.93755
 2
 1
 2
 1
34
         -0.445505
           -0.5988
          0.579539
           1.02498
         -0.479944
           1.00008
##################### ACCEPTABLE SUBNET NUMBER: 98  #########################
           1.65403
 4
11
19
 3
32
 1
20
          0.532407
          0.133064
         -0.187285
          0.274874
         -0.725981
          0.243173
         -0.978421
          0.547804
##################### ACCEPTABLE SUBNET NUMBER: 99  #########################
           2.24218
10
 1
11
32
33
29
17
18
39
38
37
 1
50
         0.0578042
       -0.00215781
         -0.101047
          0.688522
          0.204935
          -1.31186
         0.0432594
          -2.49239
           -1.7468
          -1.74994
         -0.475787
          -1.17294
         -0.488061
          0.306383
##################### ACCEPTABLE SUBNET NUMBER: 100  #########################
           3.33625
11
36
33
24
10
47
 1
22
38
 2
 3
44
 2
34
31
        -0.0148609
         -0.120018
          0.103894
          0.340116
          0.978391
        -0.0512248
         -0.102457
         -0.549155
             1.178
         -0.622184
          0.704146
          -1.77946
         -0.750899
         -0.735895
            1.2066
          -1.15515
----------Number of Acceptable Subnets found: 100 -----------
----------END FOR GENE 25 -----------
--------START FOR GENE 26 -----------
 Values arranged as error, n_ka, gene ids for ka, n_kd, gene ids for kd,
 r0, d, ea, ka_values, kd_values for each subnet. 
##################### ACCEPTABLE SUBNET NUMBER: 1  #########################
           1.60121
 0
 3
28
50
46
          0.736756
          0.401753
          0.470832
          0.935722
          0.108273
         -0.155317
##################### ACCEPTABLE SUBNET NUMBER: 2  #########################
           2.84691
 7
11
23
13
 6
20
43
10
12
36
29
37
39
21
 1
48
27
44
38
34
33
           1.13394
           1.11914
          0.904634
          0.629442
         -0.013527
         -0.104149
          0.745341
        -0.0417745
          0.228277
         -0.558594
          0.931084
           1.00523
          0.478798
          0.352549
          -1.25894
          -0.67742
          -2.48378
          0.340672
         -0.544306
          -1.37996
           0.20654
          0.221624
##################### ACCEPTABLE SUBNET NUMBER: 3  #########################
           1.51914
 0
 1
28
          0.579817
          0.173483
         0.0811675
          0.548646
##################### ACCEPTABLE SUBNET NUMBER: 4  #########################
           1.43465
 1
25
 2
28
46
          0.555159
          0.208042
          0.428865
         -0.406979
          0.885558
          0.324182
##################### ACCEPTABLE SUBNET NUMBER: 5  #########################
           2.42282
10
13
12
 5
15
 4
41
 2
18
19
22
13
29
14
45
28
36
40
 9
31
30
42
34
 1
49
          0.543631
           0.43759
          0.766915
           0.12354
          0.927521
          0.239564
         -0.520047
         -0.477858
         -0.859408
          -1.32754
         -0.412079
          -1.09669
          -1.94629
           1.08899
          -1.31018
         -0.603564
           -1.6802
          0.835031
         -0.920146
         0.0243754
         -0.519632
          -1.09704
         0.0317854
         -0.135723
         -0.677933
          -1.25054
##################### ACCEPTABLE SUBNET NUMBER: 6  #########################
           2.96011
 2
32
41
 6
44
30
29
40
36
49
           1.06019
           1.08384
          0.900142
           1.14615
          0.139348
           1.02797
          0.384807
         -0.259941
         -0.173447
          0.877876
          0.522131
##################### ACCEPTABLE SUBNET NUMBER: 7  #########################
            2.2574
 5
43
 5
19
15
41
 8
29
36
44
42
47
16
48
31
           1.44126
           1.33869
          0.745875
          -0.21572
          0.432307
          0.915808
          0.428222
         -0.703784
           1.07715
          0.699683
         -0.380173
         -0.761663
         -0.204388
         -0.488685
         -0.703448
         -0.137203
##################### ACCEPTABLE SUBNET NUMBER: 8  #########################
           2.68638
 2
43
 6
 4
29
48
31
33
          0.658957
          0.384669
          0.041701
         -0.591748
          -0.64039
          0.238748
         -0.320871
          -1.31243
       -0.00836114
##################### ACCEPTABLE SUBNET NUMBER: 9  #########################
           1.42048
 0
 3
28
46
44
          0.703945
           0.24504
          0.214088
          0.702557
          0.177829
          -1.35807
##################### ACCEPTABLE SUBNET NUMBER: 10  #########################
           2.22953
 2
 6
32
 2
40
16
          0.203887
          -2.46397
         -0.629425
         -0.150066
          -2.02905
         -0.137752
         -0.605946
##################### ACCEPTABLE SUBNET NUMBER: 11  #########################
           1.11228
 2
18
 6
 2
28
34
           0.53246
         0.0582719
           0.13113
          0.228262
         0.0241042
          0.647227
          0.185905
##################### ACCEPTABLE SUBNET NUMBER: 12  #########################
           2.84487
 3
41
19
20
 1
50
           1.02332
          0.336573
         -0.111215
          -0.19205
         -0.218177
          -2.16467
          0.217525
##################### ACCEPTABLE SUBNET NUMBER: 13  #########################
           2.96917
 3
41
12
32
 4
14
33
34
36
           0.55914
          0.590841
          0.255715
           1.21374
          0.297217
          0.663778
           1.08805
        -0.0676743
         -0.976674
          -1.96694
##################### ACCEPTABLE SUBNET NUMBER: 14  #########################
           2.23964
12
41
20
17
22
11
23
35
 2
43
13
12
 6
12
50
27
40
21
29
48
28
31
37
47
36
49
           1.38902
           1.26424
           1.26851
           1.19037
          -0.41784
          -1.12887
          0.879828
          0.942652
          0.705557
          0.526488
         -0.412242
          -1.03192
         -0.267254
          0.534848
           1.09579
           1.42985
          -0.53419
          0.996877
            1.2684
          0.477432
          0.698453
          0.963972
          0.121635
          -1.19989
           0.33944
          -1.18387
         -0.866742
##################### ACCEPTABLE SUBNET NUMBER: 15  #########################
           1.39096
 1
24
 1
28
          0.328585
       -0.00590631
          0.215003
          0.202321
          0.679241
##################### ACCEPTABLE SUBNET NUMBER: 16  #########################
           2.50157
 3
17
24
15
 6
29
28
30
34
33
21
         -0.142071
         -0.590398
         0.0133033
          -1.39614
         0.0540373
        -0.0229146
          -1.44873
          0.467963
          -1.08498
          -1.19833
         -0.524529
          -0.78515
##################### ACCEPTABLE SUBNET NUMBER: 17  #########################
           1.24356
 1
 6
 5
28
45
39
37
36
          0.376859
         0.0159023
          0.189699
          0.102799
          0.662451
         -0.564128
         -0.950046
          -1.60527
          -1.60527
##################### ACCEPTABLE SUBNET NUMBER: 18  #########################
             1.556
 5
25
11
 5
23
13
 3
28
49
16
           1.99124
           1.37137
           1.68904
           1.57815
           0.59818
         -0.769966
         -0.425664
         -0.523374
           2.26434
           1.66777
         -0.541729
##################### ACCEPTABLE SUBNET NUMBER: 19  #########################
            1.3742
 3
24
35
 6
 4
28
48
47
46
          0.434346
         -0.158244
         0.0241292
          -1.08715
        -0.0340994
          -1.41535
          0.569049
         -0.437882
          -1.09999
          -1.18971
##################### ACCEPTABLE SUBNET NUMBER: 20  #########################
           2.84405
 0
 6
29
27
39
30
28
34
          0.774503
          0.747137
          0.526989
          0.574406
          0.583302
          0.236575
         -0.398269
          0.452857
          0.403741
##################### ACCEPTABLE SUBNET NUMBER: 21  #########################
           1.61471
 4
32
23
24
15
 7
28
39
47
29
49
50
40
          0.775196
           0.45311
          0.479954
         -0.393413
         -0.702234
          -1.82603
         -0.719802
          0.930292
          -1.54517
          -1.23667
         0.0102202
         -0.721416
          0.460573
         -0.118229
##################### ACCEPTABLE SUBNET NUMBER: 22  #########################
           1.47853
 1
24
 5
28
33
46
45
44
          0.525806
          0.185884
           0.17937
        -0.0266989
            0.6359
         -0.979042
          -0.60147
         -0.580474
         -0.527282
##################### ACCEPTABLE SUBNET NUMBER: 23  #########################
           2.94658
 2
23
10
 7
45
29
34
31
46
28
38
           1.06855
           1.02623
             0.408
         -0.562407
          -1.24533
          0.396628
          0.499322
          0.253117
         -0.123287
           -0.8686
          0.252803
          -2.02085
##################### ACCEPTABLE SUBNET NUMBER: 24  #########################
            2.5502
 1
 6
 6
30
29
21
27
42
45
         -0.108337
          -1.61494
         -0.384534
          0.120956
         -0.485841
          0.264467
        -0.0815184
          -1.21276
          -0.32197
          -1.84432
##################### ACCEPTABLE SUBNET NUMBER: 25  #########################
            1.5539
 1
32
 1
28
          0.622795
          0.323738
          0.532923
         -0.226889
          0.983768
##################### ACCEPTABLE SUBNET NUMBER: 26  #########################
           1.50044
 4
15
23
22
24
 3
28
38
27
           0.39099
          0.130288
          0.307242
         -0.134102
          -1.42719
          -1.42469
            -0.409
          0.735691
         -0.708594
         -0.676272
##################### ACCEPTABLE SUBNET NUMBER: 27  #########################
           2.63972
 3
 4
 5
23
 2
29
33
          0.325729
          0.274484
           1.32127
           1.16684
         -0.670686
         -0.512848
           1.47236
           1.22079
##################### ACCEPTABLE SUBNET NUMBER: 28  #########################
           1.54205
 0
 2
29
28
          0.646442
          0.293311
          0.196108
         -0.640568
           0.65891
##################### ACCEPTABLE SUBNET NUMBER: 29  #########################
           1.43469
 1
24
 6
28
46
47
49
48
16
          0.452651
          0.113676
          0.489514
         -0.863313
          0.940006
          0.404947
         -0.706272
          -1.73658
          -1.74458
         -0.703665
##################### ACCEPTABLE SUBNET NUMBER: 30  #########################
           1.57518
 0
 1
28
          0.202428
       -0.00586448
          0.314042
          0.713705
##################### ACCEPTABLE SUBNET NUMBER: 31  #########################
           1.53221
 0
 1
28
          0.468365
         0.0668829
         0.0757682
          0.538023
##################### ACCEPTABLE SUBNET NUMBER: 32  #########################
           2.84351
 2
11
24
 9
21
29
45
28
38
40
36
48
44
            1.6202
           1.61711
           0.96618
         -0.242242
           1.01087
          0.966987
           1.10586
          -0.38536
          0.954061
          0.189645
         -0.572729
         -0.371174
         -0.673748
          0.242424
##################### ACCEPTABLE SUBNET NUMBER: 33  #########################
           2.20485
 4
10
25
43
23
 5
 9
27
33
34
21
          0.423615
           0.32758
          0.260915
          0.577149
          0.415864
          -1.03512
         -0.106152
          0.460486
          0.443128
          0.354451
         -0.205111
         -0.457099
##################### ACCEPTABLE SUBNET NUMBER: 34  #########################
           2.27867
 2
15
22
 7
29
30
48
33
44
37
36
           0.60262
          0.420851
          0.705308
          0.879163
          0.493984
           1.07061
          0.840503
          0.557291
       -0.00615844
         0.0324654
          -1.06055
         -0.370145
##################### ACCEPTABLE SUBNET NUMBER: 35  #########################
           2.42755
 0
 7
31
46
 1
27
47
50
38
           1.89096
           1.77213
           1.50982
           1.51833
         0.0578596
         -0.973579
          -1.10658
          -1.08744
           1.63987
          -1.44524
##################### ACCEPTABLE SUBNET NUMBER: 36  #########################
           2.78823
 4
23
15
17
32
11
29
36
39
42
16
31
30
38
33
28
 7
           1.37476
           1.26541
           1.50145
           1.66726
          0.375492
         -0.160356
          -1.70634
           1.85307
          0.615329
           0.13966
          -1.12883
           0.62459
            1.1369
          0.320083
          0.445927
           1.16123
           1.54758
         -0.395115
##################### ACCEPTABLE SUBNET NUMBER: 37  #########################
           1.68327
 0
 1
28
          0.100348
         -0.089197
          0.454297
          0.846802
##################### ACCEPTABLE SUBNET NUMBER: 38  #########################
           2.27885
 6
32
 4
41
23
22
20
15
37
31
29
16
48
27
42
34
38
44
47
49
28
46
33
           1.25656
           1.14642
           0.91009
          0.753774
           1.10391
          0.137928
         -0.380226
           0.81036
         -0.484134
          0.271335
        -0.0878167
           1.27099
        -0.0704892
         -0.206419
          -1.20175
          0.704161
          0.112743
          0.463085
          0.215286
       -0.00630106
         -0.306368
           0.58728
         -0.095785
          0.310319
##################### ACCEPTABLE SUBNET NUMBER: 39  #########################
           1.54184
 1
10
 2
28
31
          0.629476
          0.292389
          0.232126
           -0.4646
          0.691272
         -0.418446
##################### ACCEPTABLE SUBNET NUMBER: 40  #########################
           1.60952
 0
 1
28
          0.585217
         0.0641254
        -0.0125976
          0.474898
##################### ACCEPTABLE SUBNET NUMBER: 41  #########################
           2.16772
 3
22
11
 6
10
29
40
33
36
44
48
46
38
47
45
          0.657738
          0.326007
          0.137871
          0.336832
         0.0963354
          -1.41108
          0.564424
          0.228907
         -0.067931
         0.0635739
          -0.17982
         -0.131828
         -0.543366
         -0.980195
          -1.29963
          -1.51656
##################### ACCEPTABLE SUBNET NUMBER: 42  #########################
           2.68519
 3
 6
 4
43
10
29
34
39
49
30
48
36
27
46
44
           1.70644
           1.68103
          0.831447
      -0.000892885
         -0.259619
         -0.966089
          0.946115
          0.724901
          -1.36057
          0.661897
          0.753595
          0.200198
          -2.25403
          -0.31605
         -0.743312
         -0.551684
##################### ACCEPTABLE SUBNET NUMBER: 43  #########################
           2.90623
 8
41
19
23
 2
22
20
17
11
 7
30
29
27
37
42
34
16
           1.05971
          0.525533
         -0.101169
         -0.271606
          -1.40671
         -0.388512
         -0.754807
         -0.469037
           -1.6941
         -0.860707
          -1.58274
         -0.306311
          0.161917
          -0.16398
         -0.324622
         -0.392639
         -0.107829
         -0.378957
##################### ACCEPTABLE SUBNET NUMBER: 44  #########################
           2.41971
10
23
24
17
15
43
10
41
 6
 5
11
20
50
49
36
34
37
39
28
47
 1
16
40
31
38
44
48
30
 8
46
 9
33
           1.40367
            1.1569
           1.69491
          0.632107
          0.952969
          0.202711
           1.50816
          0.382813
          -1.29538
          0.399287
         -0.648971
          0.611435
          0.950433
           1.88425
           1.73413
           1.07074
           1.17738
           1.13953
         -0.699851
        -0.0862621
          0.340564
           1.62795
          0.349028
          -1.58912
          0.185648
          0.936179
         -0.441047
           0.37783
           1.03614
          0.208051
          -1.47501
         -0.168294
          -0.69737
##################### ACCEPTABLE SUBNET NUMBER: 45  #########################
           1.51847
 1
12
 3
28
33
49
          0.199968
        -0.0746007
          0.728166
          0.613203
           1.17472
          0.178919
         -0.669992
##################### ACCEPTABLE SUBNET NUMBER: 46  #########################
           2.96455
 2
11
32
13
45
39
33
28
40
16
29
38
37
42
34
44
47
           1.12344
           1.09616
           1.57527
           1.03262
          0.367804
           1.55421
           1.12326
          0.604346
          0.572033
          0.677187
         -0.668545
           1.66847
         -0.907331
           0.39094
         -0.660891
           1.41873
         -0.168092
          0.125601
##################### ACCEPTABLE SUBNET NUMBER: 47  #########################
            1.5036
 0
 1
28
          0.797089
          0.141939
        -0.0540961
          0.472311
##################### ACCEPTABLE SUBNET NUMBER: 48  #########################
           1.45544
 2
15
24
 2
28
46
          0.507743
          0.161287
          0.198972
         -0.763205
          -1.28547
          0.650842
         0.0324219
##################### ACCEPTABLE SUBNET NUMBER: 49  #########################
            2.6454
 2
 6
13
 6
49
31
29
34
21
42
          0.396248
          0.332145
          0.306776
          0.380726
          0.306392
        -0.0740228
           0.24838
          0.550427
          0.114289
         -0.113831
          -2.08455
##################### ACCEPTABLE SUBNET NUMBER: 50  #########################
           2.12437
 5
11
15
 6
41
22
 9
29
40
39
36
30
47
42
37
46
          0.942754
          0.757129
          0.588183
          0.775532
          -1.02137
         -0.493151
          0.511737
          -0.89044
          0.952757
          0.647061
          0.474604
          0.603151
          -1.84634
        -0.0376287
         -0.499937
        0.00913059
          0.149287
##################### ACCEPTABLE SUBNET NUMBER: 51  #########################
           2.17352
 2
22
23
 7
 1
29
16
28
45
38
37
          0.872064
          0.676003
          0.294794
          0.493848
         -0.353019
          0.377546
          0.680512
          0.147473
          -1.34627
          -2.13987
         -0.177772
          -1.14501
##################### ACCEPTABLE SUBNET NUMBER: 52  #########################
           2.86645
 1
25
 3
27
16
38
          0.483594
          0.279746
         0.0564467
         0.0603126
          0.219097
        0.00835319
          -1.29046
##################### ACCEPTABLE SUBNET NUMBER: 53  #########################
           1.37606
 4
24
41
35
15
 1
28
          0.175359
         -0.113466
          0.412195
          0.451501
         -0.675856
         -0.313298
          -1.27782
          0.867888
##################### ACCEPTABLE SUBNET NUMBER: 54  #########################
           1.51768
 0
 1
28
          0.496273
          0.232701
           0.65246
           1.08765
##################### ACCEPTABLE SUBNET NUMBER: 55  #########################
           2.71826
 0
 5
37
33
29
27
36
          0.585512
          0.531432
          0.540703
          0.444234
           0.43458
          0.655557
          0.379625
          -2.13722
##################### ACCEPTABLE SUBNET NUMBER: 56  #########################
           1.55239
 1
 6
 3
28
 7
 9
          0.716344
          0.317371
          0.134934
          -1.76508
          0.609388
         -0.264437
          -1.80595
##################### ACCEPTABLE SUBNET NUMBER: 57  #########################
           2.83982
 1
 6
11
36
37
27
38
29
49
42
44
34
40
46
            1.6823
           1.61578
             1.539
           1.57902
           1.62599
           1.62151
          0.100057
        -0.0349299
           1.60927
         -0.932345
          0.489472
         -0.728799
          0.208683
          0.389851
          0.590758
##################### ACCEPTABLE SUBNET NUMBER: 58  #########################
           1.48407
 3
35
 6
41
 2
28
40
          0.361319
         0.0646877
          0.257054
         0.0423708
         -0.905475
          -1.78618
          0.703562
          -1.78635
##################### ACCEPTABLE SUBNET NUMBER: 59  #########################
           2.82106
 4
 5
22
25
15
 5
28
40
34
33
49
         -0.345657
          -0.85064
        0.00898463
          -1.20009
         0.0341837
        -0.0594138
         0.0803995
          0.494983
         -0.877116
        -0.0941174
         -0.740488
         -0.755631
##################### ACCEPTABLE SUBNET NUMBER: 60  #########################
           2.01692
 0
 1
28
           1.23947
          0.757303
          0.708017
           1.22821
##################### ACCEPTABLE SUBNET NUMBER: 61  #########################
           2.93783
 2
43
24
 3
27
34
28
            1.7612
           1.74596
           1.42344
        -0.0515746
          0.798344
           1.54257
           1.31935
           1.08518
##################### ACCEPTABLE SUBNET NUMBER: 62  #########################
           2.91744
 0
 6
36
29
28
39
47
40
           1.82415
           1.81664
           1.82092
           1.83427
           1.89747
         -0.756419
           1.09486
         -0.784494
         -0.174102
##################### ACCEPTABLE SUBNET NUMBER: 63  #########################
           2.55237
 4
 6
32
18
19
 4
29
47
34
33
         -0.168913
         -0.135114
         -0.350626
          0.215375
          0.749091
          0.883859
         -0.250595
          0.435564
         -0.107973
          -1.38027
           0.10981
##################### ACCEPTABLE SUBNET NUMBER: 64  #########################
           2.89614
 4
11
 6
 2
15
 6
27
28
34
33
30
42
           1.29265
           1.25504
          0.388763
         -0.589233
           0.21595
          -1.00551
          -1.00455
          0.526871
          0.112409
          0.272174
          0.093765
          -1.15187
           -2.5032
##################### ACCEPTABLE SUBNET NUMBER: 65  #########################
           2.92073
 0
 6
36
38
40
34
29
28
           1.56719
           1.55996
           1.35649
           1.36586
          0.509165
         -0.501713
          0.845295
           1.43751
          -1.51769
##################### ACCEPTABLE SUBNET NUMBER: 66  #########################
           2.54975
 2
11
22
 5
29
27
16
28
39
          0.665342
          0.510127
          0.453315
          0.507085
          -0.31871
          0.699351
          0.471805
         -0.833591
          0.129643
           0.42632
##################### ACCEPTABLE SUBNET NUMBER: 67  #########################
           2.43173
 2
32
 6
 2
34
44
          0.170846
          0.191177
         -0.791911
          0.450587
          0.134925
          0.221274
          0.131243
##################### ACCEPTABLE SUBNET NUMBER: 68  #########################
           1.53235
 1
17
 1
28
          0.687385
          0.268961
          0.105036
           -1.2123
          0.582507
##################### ACCEPTABLE SUBNET NUMBER: 69  #########################
           1.42383
 1
24
 1
28
          0.369818
         0.0500341
          0.186919
          0.130198
           0.63993
##################### ACCEPTABLE SUBNET NUMBER: 70  #########################
           1.73059
 1
 6
 4
28
39
37
44
          0.955868
          0.555839
          0.441853
          0.139594
          0.931645
         -0.110552
          0.240509
          0.104229
##################### ACCEPTABLE SUBNET NUMBER: 71  #########################
           1.53976
 1
43
 2
31
28
          0.592036
          0.287298
          0.298694
         -0.506958
         -0.495738
          0.747331
##################### ACCEPTABLE SUBNET NUMBER: 72  #########################
           1.63079
 0
 4
31
28
45
36
          0.767203
          0.434685
          0.731407
          0.228354
           1.19633
          -1.07304
          -1.09108
##################### ACCEPTABLE SUBNET NUMBER: 73  #########################
           1.78992
 1
41
 4
28
29
 7
27
          0.987353
          0.605342
          0.904095
         -0.850142
            1.3882
       -0.00525698
        -0.0455068
          -1.27893
##################### ACCEPTABLE SUBNET NUMBER: 74  #########################
           2.94046
 4
41
10
24
17
 5
27
48
 9
14
 1
           1.65941
           1.68415
           1.73109
          0.659894
           1.63918
          -0.13969
          0.487694
           1.63455
          0.490602
          -1.65549
           1.91113
          -2.02014
##################### ACCEPTABLE SUBNET NUMBER: 75  #########################
           1.89493
 1
11
 2
28
27
           1.11298
          0.668753
           1.17802
            0.7101
           1.68568
           -1.0762
##################### ACCEPTABLE SUBNET NUMBER: 76  #########################
           2.65762
 3
22
11
32
 2
28
14
         -0.448633
          -2.04841
         -0.164179
           0.61035
          0.478159
         0.0625412
          0.988273
          -1.36484
##################### ACCEPTABLE SUBNET NUMBER: 77  #########################
           1.50435
 0
 1
28
          0.434115
          0.166033
          0.285123
          0.715963
##################### ACCEPTABLE SUBNET NUMBER: 78  #########################
           2.26087
 4
23
24
41
17
11
29
30
40
39
33
28
21
16
37
44
38
           1.40225
            1.2867
          0.927266
          0.942055
           1.05152
            0.4482
         -0.188436
           1.18969
           1.02387
         -0.561818
         -0.124989
          0.844334
          0.135984
          0.641831
          0.175288
          -1.02299
         -0.125412
          -1.04642
##################### ACCEPTABLE SUBNET NUMBER: 79  #########################
           2.13912
 5
 4
22
43
32
 2
 4
29
33
48
42
           1.35244
           1.15406
           1.11241
           1.30909
         -0.543444
          -1.83068
          0.505115
          -2.45385
           1.49654
          0.917621
          0.825101
          0.949472
##################### ACCEPTABLE SUBNET NUMBER: 80  #########################
           1.57385
 0
 2
28
40
          0.670343
          0.355069
           0.52666
          0.984201
          -1.30602
##################### ACCEPTABLE SUBNET NUMBER: 81  #########################
           2.74583
 1
11
 1
28
          -1.01823
           -2.8309
         -0.777422
          0.299848
          0.239832
##################### ACCEPTABLE SUBNET NUMBER: 82  #########################
           2.92753
 3
 2
 5
13
 4
29
45
33
34
          0.483839
          0.475954
           0.93826
          0.485009
         -0.447707
          0.615794
           1.04547
          0.827045
         -0.120099
          0.777287
##################### ACCEPTABLE SUBNET NUMBER: 83  #########################
           2.26973
 6
32
 6
15
18
10
17
 9
49
36
34
48
42
37
46
44
40
           1.56092
           1.55539
          0.378046
           1.06294
          0.868429
         -0.471445
         -0.574419
          -1.39749
         -0.384748
          0.890993
         -0.322941
          0.922284
         -0.866063
          0.650844
          0.271808
          -1.05131
          -1.45917
         -0.333107
##################### ACCEPTABLE SUBNET NUMBER: 84  #########################
           2.26539
 3
32
10
19
 9
27
36
34
48
30
46
37
42
40
           1.40085
           1.39942
           1.02227
           1.35348
           1.63005
          0.241229
          0.107512
           1.15548
           1.31688
            0.4048
         -0.882392
          0.557794
          0.242584
         -0.900511
          -2.13904
##################### ACCEPTABLE SUBNET NUMBER: 85  #########################
           1.96312
 2
 6
22
 7
27
29
38
34
30
37
21
           1.13751
           1.01822
           0.26562
          0.443002
         -0.636454
          0.223439
           0.53609
          -1.28123
          -1.23388
         -0.260655
         -0.449896
          0.460372
##################### ACCEPTABLE SUBNET NUMBER: 86  #########################
           1.60171
 0
 3
28
 7
 9
          0.727521
          0.401991
          0.609535
           1.07165
         -0.103386
          -1.41415
##################### ACCEPTABLE SUBNET NUMBER: 87  #########################
           2.23375
 0
 1
28
        -0.0130332
         -0.255781
           0.11863
          0.487473
##################### ACCEPTABLE SUBNET NUMBER: 88  #########################
           2.21831
 3
13
11
17
13
31
29
34
16
39
45
49
40
42
27
36
33
30
           1.57494
           1.34415
            1.0223
           1.18133
          -1.41594
          -0.30915
          0.345244
            1.3874
          0.175247
          0.520693
           0.97635
           0.54065
          0.325434
          -1.49194
          0.807164
          0.201938
         -0.747218
        -0.0211973
          0.771416
##################### ACCEPTABLE SUBNET NUMBER: 89  #########################
            2.7506
 4
32
19
24
17
 4
14
39
31
38
           1.18679
            1.2242
           1.59563
           1.72849
         -0.531311
           0.16612
          0.078437
           1.79602
          -1.20363
         -0.233871
         -0.256546
##################### ACCEPTABLE SUBNET NUMBER: 90  #########################
           1.50551
 0
 2
28
38
          0.427562
          0.161196
          0.299117
          0.729897
          -1.24882
##################### ACCEPTABLE SUBNET NUMBER: 91  #########################
           2.67184
 1
20
 6
29
 9
27
30
34
39
           1.68983
           1.61273
           1.51079
        -0.0834687
           1.64652
           1.64941
         -0.896934
           1.27998
         -0.831968
           1.40357
##################### ACCEPTABLE SUBNET NUMBER: 92  #########################
           4.80738
 3
32
11
41
 7
38
27
30
34
28
45
29
           1.67406
           1.63866
           1.64898
          0.811767
          0.587308
         -0.588559
           1.00786
         0.0998113
          0.708712
          0.420764
          0.401246
           1.71049
           1.27846
##################### ACCEPTABLE SUBNET NUMBER: 93  #########################
           3.72368
 3
 2
 6
15
 6
37
45
34
44
40
27
           1.91687
           1.87965
             1.092
          0.541293
          0.765154
         -0.190475
           1.13669
           1.04884
          0.969882
      -0.000459953
         -0.512856
          -2.24106
##################### ACCEPTABLE SUBNET NUMBER: 94  #########################
           4.52782
 0
 3
45
29
37
           0.73174
          0.623481
            0.1506
          0.124814
         -0.309923
          0.189193
##################### ACCEPTABLE SUBNET NUMBER: 95  #########################
           3.43216
 5
32
10
 4
17
41
 7
44
29
33
45
 9
39
34
          0.888271
           0.73833
          0.935318
         -0.615518
           0.30953
         -0.635739
        -0.0115055
         -0.633416
           1.09248
           1.03221
          0.862327
         -0.902649
          0.715531
         -0.315778
          -1.05708
##################### ACCEPTABLE SUBNET NUMBER: 96  #########################
           5.34343
 0
 2
34
27
         -0.150763
          -1.08225
         -0.036131
          0.377021
           0.18136
##################### ACCEPTABLE SUBNET NUMBER: 97  #########################
           2.21061
 6
41
 5
15
 2
22
13
 5
45
29
30
34
44
           1.91925
           1.83704
           1.55194
          0.804958
           1.67447
          0.765461
         0.0911419
           1.09771
          0.192544
           1.60693
           1.82829
        0.00176127
         -0.987294
          -2.41417
##################### ACCEPTABLE SUBNET NUMBER: 98  #########################
            3.2272
 6
32
25
20
17
43
 4
 3
37
40
 8
           1.23665
           1.14156
          0.872009
         -0.186036
           1.05157
         -0.863152
          -2.72108
          0.346538
          0.896663
          -1.73159
           1.11664
          -1.44323
##################### ACCEPTABLE SUBNET NUMBER: 99  #########################
           5.86694
 1
11
 2
27
34
         -0.017327
          -1.28749
          -0.15337
         -0.458096
         0.0662087
          0.338651
##################### ACCEPTABLE SUBNET NUMBER: 100  #########################
           2.54778
 3
 5
41
15
 5
36
27
50
 1
46
           1.14939
            1.0595
            1.1686
           0.86815
           1.12073
         -0.237445
           0.94379
           1.24713
           1.29197
          0.515122
         -0.605156
----------Number of Acceptable Subnets found: 100 -----------
----------END FOR GENE 26 -----------
