File open successful. It contains: 
Finished reading file, will close now.
File x_dt open successful.
Finished reading file x_dt, will close now.
File sd_d open successful.
Finished reading file sd_d, will close now.
--------START FOR GENE 32 -----------
 Values arranged as error, n_ka, gene ids for ka, n_kd, gene ids for kd,
 r0, d, ea, ka_values, kd_values for each subnet. 
##################### ACCEPTABLE SUBNET NUMBER: 1  #########################
           1.84177
11
21
 2
 8
 4
 6
26
19
 1
29
16
 3
12
36
34
27
48
46
14
43
42
39
20
40
 7
           1.57064
           1.50933
           1.66103
           1.57346
           1.17656
        -0.0584659
          0.791392
          0.441793
          0.585474
         -0.300613
           1.38396
         -0.424929
         -0.131986
          -1.94655
           1.62588
            1.5699
           1.38844
           -0.9011
           1.36793
           1.83539
          0.629951
          -1.76395
         0.0259632
          0.324965
           -2.0736
           -1.6765
##################### ACCEPTABLE SUBNET NUMBER: 2  #########################
           2.40727
 3
25
26
 1
 4
45
20
36
33
          0.799285
          0.725928
          0.476169
          0.516347
         -0.789784
          0.541389
          0.593632
         -0.985162
          -1.62172
          0.186477
##################### ACCEPTABLE SUBNET NUMBER: 3  #########################
           1.31294
 2
16
18
 0
         0.0265548
         0.0388197
          -1.93331
          0.581062
          0.455958
##################### ACCEPTABLE SUBNET NUMBER: 4  #########################
           2.97653
 4
41
 1
19
 2
 4
13
45
34
48
          0.548584
          0.453458
          0.128475
         -0.453663
        -0.0885135
         -0.262337
          -0.47487
          0.217702
         -0.340929
         -0.537768
          -1.07012
##################### ACCEPTABLE SUBNET NUMBER: 5  #########################
           2.72655
 9
16
28
 4
38
10
 2
24
 5
18
10
45
40
43
37
50
22
33
44
48
13
            1.8504
           1.72986
            1.4011
          0.751084
         0.0381749
          0.325647
          0.159883
       -0.00495064
         -0.476383
          -1.14104
          -1.39944
          -2.13539
           1.29377
         0.0648425
           1.54399
           0.31117
           1.29686
           1.09356
          0.427694
         -0.633699
          -1.37806
          -1.27993
##################### ACCEPTABLE SUBNET NUMBER: 6  #########################
           1.15004
 2
26
 3
 4
44
37
40
36
          0.124267
          0.155574
        -0.0877137
           1.24078
         -0.505569
          0.479345
         -0.538574
         -0.870957
          0.128998
##################### ACCEPTABLE SUBNET NUMBER: 7  #########################
           2.20497
 4
25
31
26
 4
 4
36
43
14
13
           1.73057
           1.70593
           1.27213
            1.3706
         -0.492395
          0.549966
          0.112631
           1.38453
            1.0984
           1.20092
        -0.0481436
##################### ACCEPTABLE SUBNET NUMBER: 8  #########################
           2.46406
 9
24
25
18
 8
16
 4
28
30
 3
11
22
43
 7
33
13
35
36
14
45
20
40
           1.65613
            1.4862
           1.51096
           1.21154
             1.143
          -1.41021
          -1.35731
         -0.266485
         -0.108605
          -1.10377
          0.570678
          0.657612
           1.52931
           1.66143
          -1.50716
           1.42796
          -1.36332
          0.147824
         -0.882456
         -0.319862
          -1.04939
         -0.172066
          0.454403
##################### ACCEPTABLE SUBNET NUMBER: 9  #########################
           1.51383
 3
18
30
31
 1
15
           1.31668
           1.34288
           1.24357
           1.90907
          0.474999
         -0.954026
           1.52488
##################### ACCEPTABLE SUBNET NUMBER: 10  #########################
           2.32661
 5
26
 8
 3
30
21
 9
44
48
34
36
33
43
46
35
50
           1.21268
           1.18999
          0.328064
           0.43183
         -0.604793
         -0.662673
        -0.0747171
         -0.896184
          0.459227
         -0.679115
         -0.553914
         0.0876107
        -0.0491972
          -1.00586
          -1.41314
          -2.05674
         -0.666381
##################### ACCEPTABLE SUBNET NUMBER: 11  #########################
          0.799333
 1
26
 1
20
        -0.0709311
        -0.0498545
         -0.516068
           1.16522
          0.447908
##################### ACCEPTABLE SUBNET NUMBER: 12  #########################
          0.935811
 4
30
25
21
16
 1
20
         0.0476355
         0.0702726
        -0.0674869
          0.702336
          0.547886
         -0.687204
           1.06836
          0.582966
##################### ACCEPTABLE SUBNET NUMBER: 13  #########################
          0.858513
 2
26
 1
 2
37
36
        -0.0129263
        0.00309939
         -0.787503
          0.575407
          0.258546
         -0.594109
         -0.749829
##################### ACCEPTABLE SUBNET NUMBER: 14  #########################
           2.45319
 1
21
 6
45
44
34
48
43
33
           1.26003
            1.1473
          0.617664
          0.190052
          0.472062
          0.771061
          0.466445
         -0.269802
          -1.35106
         -0.273373
##################### ACCEPTABLE SUBNET NUMBER: 15  #########################
           1.94666
 3
26
 5
41
 7
42
43
22
34
33
20
40
           1.75186
            1.3827
           0.24564
        0.00856978
         -0.433779
         -0.760771
          -0.12291
          0.514139
         -0.246532
          0.302101
          0.138832
          0.252043
          -2.18297
##################### ACCEPTABLE SUBNET NUMBER: 16  #########################
           2.69705
 4
18
26
24
 4
 3
22
48
13
          0.691134
          0.742722
         -0.345734
         -0.550204
          0.790601
          -1.00345
          -1.59352
         -0.545839
          -2.09704
           -1.6664
##################### ACCEPTABLE SUBNET NUMBER: 17  #########################
           2.61893
 0
 1
44
           1.14743
           1.06528
          0.895024
            1.0491
##################### ACCEPTABLE SUBNET NUMBER: 18  #########################
           2.01382
 8
 5
 6
30
 1
16
26
23
21
 8
14
37
27
34
20
50
22
43
               1.5
           1.50485
           1.37801
          0.707139
          0.707599
          0.198199
          -1.02028
         -0.463456
        -0.0807331
          0.996839
          -0.35933
            1.5451
         0.0963418
           0.27569
           0.64395
          -1.38193
          -1.37638
           0.19382
         -0.782771
##################### ACCEPTABLE SUBNET NUMBER: 19  #########################
           1.28343
 1
16
 2
14
39
          0.394043
          0.424268
         -0.355344
           1.03423
          0.375995
          -0.12629
##################### ACCEPTABLE SUBNET NUMBER: 20  #########################
           2.68507
 7
 1
 5
 8
26
28
16
 2
 5
22
36
35
20
27
           1.83212
           1.85238
           1.22037
           1.31413
         0.0464897
        -0.0353797
          0.210006
         -0.580628
          0.593631
         0.0455086
           1.30396
             0.963
          0.153276
          -1.92658
          0.194656
##################### ACCEPTABLE SUBNET NUMBER: 21  #########################
           1.54403
 2
 6
16
 3
36
40
34
           0.57838
          0.602737
         -0.123407
      -0.000682009
           1.10004
          0.388642
         -0.325501
          -1.00957
##################### ACCEPTABLE SUBNET NUMBER: 22  #########################
           1.97009
 4
28
 4
 1
 2
 5
20
13
44
34
46
           1.24788
           1.21647
          0.948718
         -0.794796
         -0.757771
          0.619863
          -1.48136
           1.17062
         -0.221669
          -0.12588
          0.198061
         -0.206294
##################### ACCEPTABLE SUBNET NUMBER: 23  #########################
           2.30213
 0
 5
44
40
33
50
39
           1.05456
          0.862284
          0.613056
           0.80584
         -0.298016
           0.53057
          -2.59728
         -0.541034
##################### ACCEPTABLE SUBNET NUMBER: 24  #########################
           1.47846
 1
26
 1
46
         -0.108856
        -0.0895107
         -0.377621
          0.853866
         -0.330929
##################### ACCEPTABLE SUBNET NUMBER: 25  #########################
           1.63324
 2
 1
18
 1
43
         -0.382007
          -1.77667
         -0.563945
          0.134336
         -0.145418
         -0.252482
##################### ACCEPTABLE SUBNET NUMBER: 26  #########################
           1.21879
 4
26
 3
 4
 5
 6
27
46
48
33
 7
42
           1.26305
           1.21042
        -0.0558691
            1.1944
          -1.92886
         -0.947141
          -1.26206
          0.328093
          -0.15243
         -0.805735
           1.04479
         -0.529985
         -0.219518
##################### ACCEPTABLE SUBNET NUMBER: 27  #########################
          0.903408
 4
26
 2
16
 1
 1
14
        -0.0546052
        -0.0285488
         -0.501223
           1.05523
          -1.07692
         -0.844084
          -1.49789
          0.288041
##################### ACCEPTABLE SUBNET NUMBER: 28  #########################
           1.89361
 4
 1
16
24
38
 1
46
         -0.148772
          -2.01896
           -1.0903
         0.0593337
         -0.575259
         -0.962636
          -2.35481
        -0.0281829
##################### ACCEPTABLE SUBNET NUMBER: 29  #########################
          0.971079
 6
17
18
10
26
 1
 4
 1
14
          -0.40338
         -0.687549
        -0.0476054
         -0.724045
        -0.0156106
         -0.219124
         -0.183451
          0.474793
          -1.42005
          0.292166
##################### ACCEPTABLE SUBNET NUMBER: 30  #########################
           1.98099
 3
16
23
21
 4
20
14
50
27
           1.26624
           1.23614
           0.75618
          0.216346
          -1.50175
         -0.964472
          0.975874
         0.0744559
          0.401449
          -1.84934
##################### ACCEPTABLE SUBNET NUMBER: 31  #########################
           2.95003
 4
30
 9
29
26
 4
43
44
 7
46
          0.708815
          0.578613
           0.68671
         -0.365906
          0.280161
         -0.821269
          -0.32741
          0.865547
         -0.650603
           0.50483
            -1.878
##################### ACCEPTABLE SUBNET NUMBER: 32  #########################
           1.95541
 9
25
26
16
 6
41
19
24
 1
 8
 5
45
14
20
 7
33
           1.99111
           2.00025
           1.55259
          0.554269
           1.38678
           1.18732
          0.429391
           1.33897
         -0.222892
          0.749151
           1.26411
           -1.0739
          0.776764
           1.72326
           0.68897
           0.45096
          -2.12079
##################### ACCEPTABLE SUBNET NUMBER: 33  #########################
           1.38371
 7
30
 5
 9
25
18
 4
 6
 3
20
33
39
          0.341892
          0.138272
          0.127988
          0.112846
         -0.800463
          -0.53633
         0.0372395
         -0.301594
          -1.24167
          -1.18111
          0.388068
         0.0970505
         -0.443613
##################### ACCEPTABLE SUBNET NUMBER: 34  #########################
           1.33063
 8
 3
41
26
25
 4
 5
19
21
 2
 7
20
         -0.176445
         -0.165205
         -0.929427
         -0.551414
         -0.997827
          0.891692
          0.214611
          -2.63112
              -2.6
         -0.326176
         -0.275835
          0.200378
         0.0919799
##################### ACCEPTABLE SUBNET NUMBER: 35  #########################
           2.48565
 4
38
28
26
10
 4
44
45
48
 7
           1.38773
           1.26643
          0.777792
         -0.811156
         -0.576468
       -0.00329399
         -0.853132
           0.94644
          0.503147
          0.519202
          -2.21828
##################### ACCEPTABLE SUBNET NUMBER: 36  #########################
           1.44293
 2
30
 6
 2
34
48
          0.328697
          -1.79818
           0.21074
           1.17223
         -0.341373
           1.58783
           1.30983
##################### ACCEPTABLE SUBNET NUMBER: 37  #########################
           2.15552
 4
30
10
 9
 8
 6
27
13
14
44
36
35
       -0.00390391
          -1.02046
         -0.447156
          0.114871
         -0.886533
         -0.920234
         -0.646607
        -0.0380304
         -0.392179
         -0.916396
          -1.65318
         -0.776797
         -0.736397
##################### ACCEPTABLE SUBNET NUMBER: 38  #########################
           1.77097
 3
 1
 3
 5
 3
14
39
46
           1.42083
           1.36681
           1.45156
           1.35129
           1.12717
          -1.88628
            1.6528
           1.29612
          -1.63605
##################### ACCEPTABLE SUBNET NUMBER: 39  #########################
            1.0126
 6
16
28
17
21
 5
 4
 1
20
          0.168197
          0.191879
         -0.863166
           1.03265
          -1.07526
          -1.33625
         -0.719181
          -1.17163
         -0.178006
          0.398237
##################### ACCEPTABLE SUBNET NUMBER: 40  #########################
          0.968713
 4
25
26
 1
28
 2
22
45
          0.116758
          0.137249
          0.209739
          0.737762
          0.722087
          0.903156
        0.00186737
          0.679347
         -0.303754
##################### ACCEPTABLE SUBNET NUMBER: 41  #########################
           2.71756
 5
17
19
 1
28
30
 8
35
14
50
48
45
33
20
22
           1.65954
           1.59885
           1.02081
          0.252781
          -1.02339
          0.492333
         -0.976777
         -0.349262
          0.927412
          0.661426
           1.06435
         -0.363485
          0.768274
          0.294645
          0.965936
          -1.11639
##################### ACCEPTABLE SUBNET NUMBER: 42  #########################
            2.0975
 8
10
18
25
 8
 1
30
31
28
 5
44
42
 7
22
33
           1.10953
           1.09558
         -0.440322
          0.737067
          0.568052
          0.495392
         -0.239939
          -1.10098
          -1.06719
          -2.02172
         -0.833935
          0.327321
           0.34939
          0.280154
          -1.13436
         -0.689185
##################### ACCEPTABLE SUBNET NUMBER: 43  #########################
           1.14617
 2
25
26
 2
27
33
         0.0251562
         0.0501054
         -0.690989
          0.235566
           1.33387
          0.531963
          -1.22367
##################### ACCEPTABLE SUBNET NUMBER: 44  #########################
           1.32909
 2
16
17
 4
14
13
15
 7
        -0.0722379
        -0.0574599
          0.256777
           1.84379
         -0.909735
           1.13784
         -0.953101
          -1.04256
          0.909897
##################### ACCEPTABLE SUBNET NUMBER: 45  #########################
            2.4018
 3
25
30
24
 1
43
        -0.0745664
          -1.06958
         -0.528099
         -0.448021
          0.107751
         -0.681844
         -0.573129
##################### ACCEPTABLE SUBNET NUMBER: 46  #########################
           2.77659
 5
25
41
16
 9
 4
 1
14
          0.107514
          0.113235
         -0.174408
          0.014104
           1.22114
          -1.03229
           1.09351
         -0.358779
           1.06215
##################### ACCEPTABLE SUBNET NUMBER: 47  #########################
           1.73217
 7
 9
18
21
26
16
 8
17
 3
14
34
33
          0.904249
          0.819271
          0.607506
         -0.046896
          0.472294
         -0.549025
         -0.246255
         -0.820419
          -1.23178
         -0.175194
          0.802437
          0.167733
          0.515826
##################### ACCEPTABLE SUBNET NUMBER: 48  #########################
           1.12817
 9
 1
26
16
 2
18
38
 4
28
 6
 4
35
34
13
27
          0.624781
          0.648168
        -0.0421348
          0.543232
          0.544592
         -0.151257
          -2.03498
          -2.47365
         -0.410626
          -0.63507
          -1.15658
         -0.459353
          0.354469
         -0.740577
         -0.790294
         -0.269214
##################### ACCEPTABLE SUBNET NUMBER: 49  #########################
           1.28421
 1
26
 1
33
          0.552573
          0.510214
          -0.82454
          0.931944
          0.765292
##################### ACCEPTABLE SUBNET NUMBER: 50  #########################
           2.94293
17
19
21
 1
 2
30
29
28
25
47
 6
 3
26
24
 9
 5
38
31
11
13
 7
44
33
45
42
36
34
48
35
50
           0.37564
          0.394732
           1.78986
          0.253674
           1.62316
            1.6251
          0.200824
         -0.593924
         -0.955051
          -0.95925
          0.534829
          0.676497
          -1.14714
         -0.539572
          0.459331
           0.65823
          0.549424
          -1.46536
         -0.152614
          -1.52276
           1.85011
         -0.116003
           1.35663
          0.174683
          0.576032
          -1.35123
          0.663043
         -0.610311
          -1.04766
         -0.454134
        -0.0248287
##################### ACCEPTABLE SUBNET NUMBER: 51  #########################
           1.26326
 1
26
 2
50
34
        0.00623862
         0.0270314
          -1.41987
          0.830724
          -1.68151
          -1.68151
##################### ACCEPTABLE SUBNET NUMBER: 52  #########################
           2.23831
 6
 1
25
47
 3
 2
21
 6
36
48
13
33
43
34
             1.838
           1.80412
           1.80367
           1.20381
             1.915
         -0.203879
           1.34059
         -0.702053
        -0.0730479
           1.93507
           1.52889
          0.772766
             1.004
         -0.230201
         -0.820814
##################### ACCEPTABLE SUBNET NUMBER: 53  #########################
           1.89416
 5
30
 4
16
 1
21
 4
43
34
33
14
          0.998455
          0.502384
          0.734256
          0.296414
         0.0183961
         0.0268363
          -1.58614
         -0.800092
            1.0364
          0.771095
          0.774243
          -0.19082
##################### ACCEPTABLE SUBNET NUMBER: 54  #########################
           1.67208
 7
 5
 1
 9
 2
25
19
41
 5
20
 7
13
39
34
          0.748832
          0.706405
          0.529243
          -1.65261
          0.474838
         -0.214046
         -0.795274
          -1.29173
         0.0258954
         -0.699259
          0.764051
          0.364371
          0.029027
         -0.431947
          0.166957
##################### ACCEPTABLE SUBNET NUMBER: 55  #########################
           1.89841
 8
30
25
10
 8
31
 2
24
 4
10
20
44
22
40
14
43
13
34
33
35
           1.39004
           1.36657
           0.82192
          0.518754
         0.0990188
         -0.214171
         -0.464581
          -1.56305
          0.049922
         -0.179536
        -0.0976217
           1.00316
         -0.877054
          0.152245
         -0.310082
          0.862722
         -0.811669
          -1.48812
          0.250626
          0.378144
          0.187397
##################### ACCEPTABLE SUBNET NUMBER: 56  #########################
           1.65974
 5
25
10
21
 1
 5
11
43
45
 7
14
34
33
44
27
48
37
13
          0.813696
          0.698652
           0.40225
          0.291118
         -0.934903
         -0.462495
         -0.624319
       -0.00950474
          0.440121
         -0.482955
         -0.831304
          0.585389
         -0.928929
          0.328597
         -0.880744
         -0.586956
         -0.668418
         -0.932151
         -0.821352
##################### ACCEPTABLE SUBNET NUMBER: 57  #########################
           1.59517
 7
 8
10
 1
 2
26
18
 9
 2
35
13
          0.482217
          0.397676
          0.259964
         -0.649482
         -0.596042
          0.530898
         -0.966415
         -0.246437
         -0.750195
          -2.98454
          0.437395
          -1.40033
##################### ACCEPTABLE SUBNET NUMBER: 58  #########################
           2.89863
12
26
25
18
24
 3
16
23
38
47
 9
31
 1
 6
14
22
36
34
35
44
           1.58457
           1.60758
           1.22591
           1.21584
           1.22573
         -0.249215
          0.403898
           1.09175
           1.49074
          0.331736
           -0.5797
          -1.65405
          0.113279
         -0.761721
         -0.747068
         -0.440596
           1.30862
         -0.169969
          -1.16652
           0.90284
          -0.66451
##################### ACCEPTABLE SUBNET NUMBER: 59  #########################
           0.75125
 3
16
26
 1
 1
14
          0.191575
          0.217716
          -1.12789
          0.830075
          -1.16186
          0.520988
           0.40022
##################### ACCEPTABLE SUBNET NUMBER: 60  #########################
           2.50404
 3
 1
16
18
 4
43
40
33
14
            1.9236
           1.63243
           1.39757
          0.487406
          -0.29063
         -0.311556
           1.63961
          0.754338
           1.35495
         -0.514673
##################### ACCEPTABLE SUBNET NUMBER: 61  #########################
           2.22996
 6
 4
47
25
26
 3
38
 3
43
20
34
            0.7985
          0.800419
          0.525243
         -0.239899
         -0.713839
          0.119807
          0.753992
         -0.424634
          -1.59049
           0.67388
          -1.12091
          0.335019
##################### ACCEPTABLE SUBNET NUMBER: 62  #########################
            1.5998
 7
25
41
 1
18
38
 3
31
 4
20
42
34
22
          0.334473
          0.329069
         -0.490983
          0.327355
          0.329087
         -0.995872
         -0.171342
          -1.92047
          -1.58695
          -2.55706
          0.278959
         -0.143146
         -0.629002
          -1.28556
##################### ACCEPTABLE SUBNET NUMBER: 63  #########################
           1.42768
 5
 1
18
19
17
41
 1
42
         -0.320857
          -1.58733
          -1.51044
          0.116659
          -1.15191
          -1.12817
         -0.844108
         -0.238373
         -0.824422
##################### ACCEPTABLE SUBNET NUMBER: 64  #########################
           2.56948
 4
30
 5
 1
 3
 1
35
           0.34259
          0.244773
           0.15877
          0.474099
          -1.86329
         -0.168687
         0.0894783
           0.34539
##################### ACCEPTABLE SUBNET NUMBER: 65  #########################
           1.14324
 5
16
17
18
47
21
 3
15
48
44
          0.102091
          0.121308
          0.497378
           1.21173
          0.102278
           1.64744
          0.168157
          -1.01352
           1.18943
          0.256898
         -0.380511
##################### ACCEPTABLE SUBNET NUMBER: 66  #########################
           2.72991
 3
 9
26
 6
 5
27
46
40
44
50
           1.81955
           1.81335
          0.901637
           1.09822
         -0.532098
          0.246019
           1.00799
       -0.00224872
           0.30657
         -0.293332
         0.0647369
##################### ACCEPTABLE SUBNET NUMBER: 67  #########################
           1.87877
 1
10
 5
43
45
34
44
 7
           1.30601
           1.03716
            1.2385
           1.37322
           1.47778
          0.313864
           1.29982
         -0.566915
          0.775048
##################### ACCEPTABLE SUBNET NUMBER: 68  #########################
           1.01601
 5
18
29
17
16
10
 1
15
          0.399576
          0.424545
          0.171575
             1.257
         -0.294149
         0.0328247
          0.898548
          -1.26245
           0.83159
##################### ACCEPTABLE SUBNET NUMBER: 69  #########################
           1.03355
 3
16
 1
 9
 4
48
45
20
36
          0.619505
          0.642818
         -0.305249
          0.877367
          0.289209
         -0.446909
          0.275723
         -0.491716
          0.284654
           -1.0331
##################### ACCEPTABLE SUBNET NUMBER: 70  #########################
           2.65204
10
 6
30
29
10
16
38
17
 5
 4
23
 2
27
 7
           1.13406
           1.12871
          0.802691
          0.172145
          0.780878
         -0.864862
          0.309275
          0.384505
         -0.832844
         -0.778218
         -0.893752
           -1.3168
           -1.3259
          0.901827
          0.315294
##################### ACCEPTABLE SUBNET NUMBER: 71  #########################
           2.58687
 3
30
 5
 3
 6
40
34
36
45
22
20
         -0.446813
          -1.26864
          -0.19065
           0.45697
         -0.322668
          -2.21924
         -0.961845
          0.493343
          0.219898
          -0.27627
         -0.783088
        -0.0450829
##################### ACCEPTABLE SUBNET NUMBER: 72  #########################
           1.21273
 6
21
31
30
10
16
 5
 2
20
33
           1.02153
         -0.119056
         -0.254717
         -0.223604
         -0.581501
         -0.505213
         -0.999432
          -2.44935
         -0.280347
          0.307863
        -0.0595136
##################### ACCEPTABLE SUBNET NUMBER: 73  #########################
           1.98402
 3
 2
 5
 4
 8
43
45
 7
33
44
14
20
50
           1.83556
           1.83717
          0.894806
       -0.00362301
           -1.6009
         -0.872021
          -2.09706
          -2.09434
          0.644533
          -1.10216
          -1.12057
            1.0633
          0.207616
         -0.395037
##################### ACCEPTABLE SUBNET NUMBER: 74  #########################
           2.11777
 1
 6
 1
22
          0.531696
          -1.87517
         -0.725274
         -0.271124
         -0.322402
##################### ACCEPTABLE SUBNET NUMBER: 75  #########################
           1.98692
 1
21
 3
20
33
22
           1.42269
           1.14972
         0.0311176
          -1.62389
          0.309193
         -0.451482
          -1.58763
##################### ACCEPTABLE SUBNET NUMBER: 76  #########################
           1.18581
 3
24
25
26
 2
27
44
         0.0176419
          0.042847
          0.193749
          0.322626
          0.615872
           1.44597
          0.656924
         -0.140323
##################### ACCEPTABLE SUBNET NUMBER: 77  #########################
           2.13883
 6
 9
26
19
17
 4
 5
 6
43
27
34
15
45
13
           1.92955
            1.6519
           1.69248
           1.02625
         -0.919128
         -0.462948
         -0.186473
         -0.201779
          0.235373
           1.93745
          0.197492
           1.73229
         -0.157124
         -0.988454
          -1.98437
##################### ACCEPTABLE SUBNET NUMBER: 78  #########################
           1.66955
 7
25
24
26
 8
21
 5
 6
 1
27
         0.0650274
         0.0777963
          0.274239
           0.77671
          -1.38651
          0.329878
          -0.15118
         -0.819763
          -1.40436
          -1.40436
          0.536591
##################### ACCEPTABLE SUBNET NUMBER: 79  #########################
           2.37161
 8
26
19
 1
17
41
25
 6
 5
 2
37
36
           1.83216
           1.84608
           1.13725
          0.561683
         -0.518165
           1.39059
        -0.0900024
           1.45756
          -1.13788
          0.101885
          -1.95144
           1.33455
          -0.34482
##################### ACCEPTABLE SUBNET NUMBER: 80  #########################
           1.29434
 1
16
 2
14
43
           0.38228
          0.413067
         0.0408858
            1.2799
          0.629361
         -0.642349
##################### ACCEPTABLE SUBNET NUMBER: 81  #########################
           1.74622
 2
 1
 8
 3
20
43
14
          0.395288
          0.357706
          0.417869
          0.463159
         -0.595369
          0.644227
         -0.408058
         -0.819903
##################### ACCEPTABLE SUBNET NUMBER: 82  #########################
          0.954723
 4
18
26
 1
28
 7
36
50
43
42
44
27
20
          0.201787
           0.22425
          0.136537
           1.20041
           1.12905
         -0.289865
           -3.1999
          0.787627
         -0.692611
         -0.951244
         -0.947506
          0.422746
          -3.20002
         -0.598142
##################### ACCEPTABLE SUBNET NUMBER: 83  #########################
           2.34008
 7
21
28
30
41
 5
26
19
10
15
37
45
44
39
34
50
43
14
35
           1.88531
           1.71751
           1.51848
          0.770998
         -0.391858
           1.26706
          -1.15696
          -1.17921
          -1.03533
          -1.26565
         -0.301519
          0.469618
           1.34295
           1.69779
           1.38603
         -0.442265
         -0.345036
         -0.706931
         -0.374083
        -0.0677227
##################### ACCEPTABLE SUBNET NUMBER: 84  #########################
           1.24952
 1
26
 1
20
        0.00230136
         0.0249475
          -1.18602
          0.833301
         -0.317429
##################### ACCEPTABLE SUBNET NUMBER: 85  #########################
           1.19046
 9
 1
26
18
16
 8
41
19
 5
 4
 4
36
20
43
42
           1.03871
           1.06953
          0.470845
          0.941471
          0.368637
          0.154162
            1.3185
          -0.22313
         -0.629762
        -0.0638679
          -1.84254
         -0.515583
          0.823696
          0.573218
          0.245707
         -0.145589
##################### ACCEPTABLE SUBNET NUMBER: 86  #########################
           1.29401
 2
26
 2
 0
         0.0114006
         0.0333365
         -0.618514
          0.829074
         -0.594876
##################### ACCEPTABLE SUBNET NUMBER: 87  #########################
           1.03111
 7
26
24
19
16
25
 8
 2
 3
33
20
34
           1.55109
           1.50931
         -0.319363
           1.13233
         -0.821505
         -0.561345
          -1.18873
         -0.644004
        -0.0435734
         -0.399173
          0.967532
          0.417238
          -1.02254
##################### ACCEPTABLE SUBNET NUMBER: 88  #########################
           2.12373
 4
 1
30
29
25
 3
36
40
27
         -0.204921
         -0.854543
         -0.473717
          -1.34029
           0.23985
          -0.54922
          -0.22612
        -0.0344061
          -0.28216
         -0.205676
##################### ACCEPTABLE SUBNET NUMBER: 89  #########################
           1.02812
 9
18
10
16
28
23
 8
41
 2
38
 2
27
42
          0.686128
          0.704406
          0.109281
           1.02286
         0.0132996
          0.979729
         -0.441026
         -0.136262
         -0.749199
        -0.0136036
         -0.410158
         -0.754971
          0.621438
          0.605894
##################### ACCEPTABLE SUBNET NUMBER: 90  #########################
           1.73811
11
10
 2
21
38
41
 8
16
28
31
 3
 9
 3
14
33
35
          0.897047
          0.834245
           1.39734
          0.568866
          0.776904
            1.2089
          0.205458
        -0.0554672
        0.00832938
          0.184239
          0.961204
         -0.834105
         -0.689977
          -1.01636
           1.58964
           1.27162
         -0.626016
##################### ACCEPTABLE SUBNET NUMBER: 91  #########################
           1.99078
 8
26
25
31
18
30
17
21
 5
13
20
35
50
48
34
33
22
42
44
43
40
39
45
           1.61712
           1.65991
          0.607897
            1.2744
           1.20842
          0.129112
          -0.33826
          0.114256
        -0.0678108
         -0.475356
          -1.62521
           1.12177
          0.113762
         -0.867805
         -0.528722
          0.354045
          0.408851
         -0.810813
          0.760938
         -0.446082
         -0.820757
          -1.01679
          0.774425
          -1.12285
##################### ACCEPTABLE SUBNET NUMBER: 92  #########################
            2.5503
 1
41
 6
45
44
48
20
50
13
          0.905425
           0.77117
          0.609637
          0.268296
         -0.123918
          0.778228
          0.393208
          0.428011
         -0.797786
         -0.158538
##################### ACCEPTABLE SUBNET NUMBER: 93  #########################
           2.66234
 8
 9
 6
 5
 1
30
26
19
 4
 8
 7
13
14
48
36
35
15
42
         -0.198543
          -1.78596
         0.0496291
          0.331018
           1.05848
          0.200348
          -1.93506
         -0.512297
           0.21994
          0.138944
          -1.01032
           1.19647
            1.0525
           1.14847
          0.391815
          0.961765
           1.00243
         -0.525488
          0.400714
##################### ACCEPTABLE SUBNET NUMBER: 94  #########################
           2.80095
 6
47
49
23
26
16
41
13
45
13
43
44
46
36
 7
22
15
27
48
40
35
           1.51558
           1.48533
           0.86817
           1.02386
          0.833556
          -2.24271
          -1.23905
          0.129915
         -0.229728
          0.898441
              1.11
         -0.361089
          -1.01226
           0.61683
         -0.108797
          0.223873
         -0.419162
         0.0729317
         -0.483276
          0.124016
         -0.409499
         -0.798578
##################### ACCEPTABLE SUBNET NUMBER: 95  #########################
           1.97755
 9
25
24
16
28
 8
10
47
 1
38
 7
14
40
 7
20
36
39
45
           1.91847
           1.92016
           1.67608
           0.89114
          0.371176
          0.664874
          0.400599
          0.434252
           1.55916
          0.920701
        0.00228195
          -1.75171
           1.84356
         -0.327959
         0.0417235
         -0.166637
          -1.19842
           1.16143
          -1.18944
##################### ACCEPTABLE SUBNET NUMBER: 96  #########################
           2.61613
 3
30
21
17
 2
35
43
          0.582438
          0.564072
          0.443508
          0.680286
        -0.0688604
          -1.26844
          0.554343
         -0.666752
##################### ACCEPTABLE SUBNET NUMBER: 97  #########################
           1.85352
 6
31
 1
16
25
17
19
 3
20
14
43
           1.17875
           1.14452
          0.550309
         0.0310514
          0.437436
         0.0419081
          0.193256
        -0.0180684
         -0.123077
          0.784508
         0.0539568
          -2.21121
##################### ACCEPTABLE SUBNET NUMBER: 98  #########################
          0.860691
 3
26
24
38
 3
14
 7
37
        -0.0271643
       -0.00521403
         -0.278889
           1.52963
          0.473562
          -1.41851
          0.790323
          0.662979
          -1.41918
##################### ACCEPTABLE SUBNET NUMBER: 99  #########################
           2.24425
 6
10
21
18
30
38
26
 6
44
33
34
13
35
 7
           1.87749
           1.75847
          0.603967
           0.75355
        -0.0856472
         -0.714926
         -0.398271
          0.320854
          0.251263
          0.784332
          0.386122
          0.257397
         -0.269219
          -1.24627
          -1.38494
##################### ACCEPTABLE SUBNET NUMBER: 100  #########################
           1.37887
 7
 6
 3
41
 9
26
23
10
 2
14
34
           1.02713
          0.994934
          0.215516
          0.432088
         -0.339382
           0.69275
         -0.365711
         -0.397615
        -0.0988114
         -0.522011
          0.648944
          0.460817
----------Number of Acceptable Subnets found: 100 -----------
----------END FOR GENE 32 -----------
--------START FOR GENE 33 -----------
 Values arranged as error, n_ka, gene ids for ka, n_kd, gene ids for kd,
 r0, d, ea, ka_values, kd_values for each subnet. 
##################### ACCEPTABLE SUBNET NUMBER: 1  #########################
            2.3448
 1
50
 4
 2
 9
41
49
          0.312826
         -0.304567
        -0.0190286
         0.0540883
          0.784565
          0.427781
          0.142962
         0.0496257
##################### ACCEPTABLE SUBNET NUMBER: 2  #########################
           1.76935
 2
39
23
 4
 2
32
46
47
          0.634728
          0.337289
          0.505116
          0.696654
          0.440916
           1.27776
          0.432341
          0.732133
          0.434792
##################### ACCEPTABLE SUBNET NUMBER: 3  #########################
            4.6326
 2
48
39
 8
 9
 2
32
26
49
22
 6
41
           0.60292
           0.62322
          0.397553
         0.0254646
          0.490579
          0.529147
           1.02372
          -1.06343
         -0.080746
          -1.39474
          -1.61235
          -1.01134
         -0.177732
##################### ACCEPTABLE SUBNET NUMBER: 4  #########################
           3.34982
 0
 4
26
46
43
34
           1.48219
           0.66041
           0.76628
          0.908158
          0.913058
           1.12525
          0.106382
##################### ACCEPTABLE SUBNET NUMBER: 5  #########################
           5.26209
 1
15
12
 4
32
20
19
41
40
 1
 6
46
26
25
13
           1.62216
           1.61595
          0.768175
         -0.354192
          0.218806
        -0.0586851
          0.942605
          0.250421
          0.659373
         -0.586486
         -0.790798
         -0.858647
          -1.02183
          0.316358
         -0.348055
         -0.771507
##################### ACCEPTABLE SUBNET NUMBER: 6  #########################
           5.97201
 0
 6
27
31
32
 2
 1
49
          0.686974
          0.633863
          0.234539
         -0.288923
         -0.107064
          -1.44143
          0.870188
         -0.292337
          -1.40467
##################### ACCEPTABLE SUBNET NUMBER: 7  #########################
           3.59804
 0
 8
43
32
46
27
41
40
18
36
           1.56205
          0.861012
          0.667854
          0.991006
          0.740589
          0.798884
            0.2299
         -0.460317
         -0.520925
         -0.412173
          -1.56102
##################### ACCEPTABLE SUBNET NUMBER: 8  #########################
           4.05011
 1
39
 9
43
26
 1
10
 9
22
46
41
17
           1.24682
          0.654781
         0.0543146
           -1.6719
          0.336501
           0.16359
         0.0762639
         -0.275954
         -0.721087
          -2.86946
         -0.864383
         -0.228848
         -0.476482
##################### ACCEPTABLE SUBNET NUMBER: 9  #########################
           5.15897
 4
16
15
23
21
14
36
43
41
29
45
 9
 5
13
19
 6
32
 3
17
18
           1.95451
           1.86936
           1.91836
         0.0993496
           1.38642
         -0.767649
          -1.17646
           1.37611
           2.06359
           1.80208
           1.20483
         -0.854134
         -0.132479
          0.735484
          -1.70112
         -0.102609
          -1.51108
           -1.0598
          -1.62117
         -0.113932
          -2.27473
##################### ACCEPTABLE SUBNET NUMBER: 10  #########################
           5.11083
 1
23
14
49
46
43
41
 1
25
 5
26
29
 2
 3
20
32
47
            1.7383
           1.62812
           1.65963
          0.100261
           1.41847
           1.14193
           1.80895
           1.57499
           0.41479
         -0.358289
         -0.735137
         -0.879768
         -0.838689
          -2.71065
         -0.425159
        -0.0671698
           1.16945
         -0.822765
##################### ACCEPTABLE SUBNET NUMBER: 11  #########################
           5.03297
 0
 4
 2
 1
44
26
         0.0211872
         0.0448037
          0.788651
           1.34242
          0.288385
      -0.000340159
           0.10948
##################### ACCEPTABLE SUBNET NUMBER: 12  #########################
           5.86125
 2
39
21
 3
20
32
 9
        -0.0962575
          -1.86115
         -0.326322
          -1.21371
         -0.138868
         0.0129509
         0.0271257
         -0.660679
##################### ACCEPTABLE SUBNET NUMBER: 13  #########################
           5.90418
 1
21
11
20
29
 4
38
46
22
27
 6
43
44
11
           1.11097
           1.15818
           1.15222
         -0.994714
           1.27088
          0.402294
         0.0530025
        -0.0511124
          0.744662
          0.137858
          -1.05935
          -1.29173
           1.00694
          0.101541
         -0.326316
##################### ACCEPTABLE SUBNET NUMBER: 14  #########################
           3.00524
 2
39
23
 1
 2
          0.489351
          0.053477
         -0.199685
        -0.0422981
        -0.0976969
          0.627257
##################### ACCEPTABLE SUBNET NUMBER: 15  #########################
           4.86362
 1
15
 3
 2
 1
26
           0.26018
         -0.193071
        -0.0795737
         -0.280323
          0.561674
          -2.11551
         -0.462633
##################### ACCEPTABLE SUBNET NUMBER: 16  #########################
           5.30802
 0
 1
 2
           0.27363
          0.221084
           0.20304
          0.810976
##################### ACCEPTABLE SUBNET NUMBER: 17  #########################
            5.8204
 0
 3
43
 2
29
           1.64095
           1.62355
           1.55331
           1.66563
          -1.90892
         -0.541052
##################### ACCEPTABLE SUBNET NUMBER: 18  #########################
            5.5879
 3
16
42
39
 1
17
        0.00200244
          0.072575
         0.0184342
           1.29672
          -1.06503
         -0.551301
          0.493032
##################### ACCEPTABLE SUBNET NUMBER: 19  #########################
           5.03448
 1
 8
 1
 2
           0.42416
         -0.102538
         -0.104789
          -2.00888
          0.562068
##################### ACCEPTABLE SUBNET NUMBER: 20  #########################
           5.40114
 4
50
28
21
48
12
27
26
45
38
31
29
19
20
25
 9
 6
36
          0.975027
          0.544684
          0.381784
          0.310641
         -0.560666
          0.184706
          0.084031
          0.609639
          0.501417
          -0.51379
          0.287997
          0.157348
         -0.548151
          -1.09533
         -0.452965
        -0.0905754
          0.416925
         -0.260004
         -0.115682
##################### ACCEPTABLE SUBNET NUMBER: 21  #########################
           5.94915
 1
16
 3
27
17
36
          0.694416
          0.771636
         -0.403592
            1.3854
          0.585791
         -0.220864
          -1.74118
##################### ACCEPTABLE SUBNET NUMBER: 22  #########################
           5.80885
 1
23
 6
43
 2
26
 3
46
 4
           1.86699
           1.85212
           1.78467
           1.40249
           1.89609
            1.1701
          0.312183
          0.223505
            1.1437
          0.373032
##################### ACCEPTABLE SUBNET NUMBER: 23  #########################
           5.92231
 0
 3
18
27
 2
         -0.365882
          -2.37623
         -0.219194
          0.497065
          -1.04797
          -1.18717
##################### ACCEPTABLE SUBNET NUMBER: 24  #########################
           5.41713
 1
48
10
 3
 2
43
 9
35
27
32
31
49
20
          0.430485
          0.282708
           0.08105
         -0.281593
         -0.274866
          0.706874
          -1.37626
         -0.634162
          -1.65364
         -0.267952
         -0.937349
         -0.896519
          -0.52809
         -0.911723
##################### ACCEPTABLE SUBNET NUMBER: 25  #########################
           5.80272
 1
23
13
44
43
13
31
20
27
18
10
47
49
36
17
 2
          0.927574
          0.897226
           1.03626
          0.849538
          0.312085
           1.16517
           -1.5469
           -1.7414
         -0.503506
          -1.03406
          -0.59395
        -0.0662172
           0.42302
          -1.06123
         -0.163697
          0.595905
          -1.73203
##################### ACCEPTABLE SUBNET NUMBER: 26  #########################
           4.86817
 1
28
 5
45
46
44
43
27
           1.77851
           1.58005
           1.47596
          0.880931
          0.836108
            1.4525
         -0.723159
            1.6548
         -0.126686
##################### ACCEPTABLE SUBNET NUMBER: 27  #########################
           5.46074
 2
16
21
11
38
17
25
29
47
 2
13
36
22
 4
27
           1.13156
           1.20535
         -0.531358
           2.11633
          -1.64096
          0.617902
           1.35236
           1.33071
          0.727702
          -1.66683
          0.663687
          0.243139
          0.684895
          0.175941
            0.3119
         -0.411301
##################### ACCEPTABLE SUBNET NUMBER: 28  #########################
           3.99242
 3
50
28
39
11
40
26
24
 2
43
49
32
46
 6
35
27
          0.838467
          0.286207
          0.317018
          0.236026
          -2.70414
           -1.6259
          0.470106
          0.440619
         -0.398036
            1.0842
          -1.18472
         -0.518727
         -0.335847
         -0.890198
          0.060005
          -1.22664
          -1.24249
##################### ACCEPTABLE SUBNET NUMBER: 29  #########################
           3.82805
 0
 6
27
46
 2
43
17
29
            1.1744
          0.737902
          0.370515
          0.179333
          0.463035
           1.08357
          0.534902
         -0.798036
         -0.309393
##################### ACCEPTABLE SUBNET NUMBER: 30  #########################
           3.11199
 2
21
23
 4
20
46
25
26
           1.14834
          0.426812
          0.270027
          0.232359
        -0.0770292
          0.673443
          0.506725
          -1.64725
          -1.11466
##################### ACCEPTABLE SUBNET NUMBER: 31  #########################
           5.99343
 0
 5
20
31
10
 3
11
           1.88725
           1.94815
           1.23091
           1.35326
          0.337968
         -0.277122
         -0.252088
          0.046823
##################### ACCEPTABLE SUBNET NUMBER: 32  #########################
           4.21543
 0
 6
 2
26
25
27
40
31
          0.274813
         -0.113282
       -0.00142389
          0.654762
        -0.0218081
         -0.132506
         -0.353529
           -1.7987
         -0.551694
##################### ACCEPTABLE SUBNET NUMBER: 33  #########################
           3.96011
 1
50
 7
43
44
26
41
36
25
 9
          0.885394
          0.336653
          0.308125
         0.0692105
           0.59739
          -0.79601
          0.344837
          0.394259
        -0.0462268
          0.274347
         -0.972975
##################### ACCEPTABLE SUBNET NUMBER: 34  #########################
           5.79223
 0
 5
17
18
27
26
43
         -0.287453
          -1.24063
        -0.0317675
        -0.0474089
          0.216732
         -0.881403
          0.190538
          0.176229
##################### ACCEPTABLE SUBNET NUMBER: 35  #########################
           5.13128
 1
15
 4
17
46
26
25
           1.27722
          0.928838
          0.429255
          0.322831
          0.666375
          0.543123
          -2.28316
           -1.8823
##################### ACCEPTABLE SUBNET NUMBER: 36  #########################
           5.90078
 2
23
28
 5
27
32
 9
10
26
           1.01152
          0.609529
          0.595743
         -0.671626
          -0.95596
          0.778208
          0.688439
          0.772888
         -0.193145
         -0.114596
##################### ACCEPTABLE SUBNET NUMBER: 37  #########################
           5.24711
 0
 2
32
 2
          0.182663
           0.19617
          0.802766
         -0.339777
           1.38924
##################### ACCEPTABLE SUBNET NUMBER: 38  #########################
           5.06863
 0
 2
 2
 5
         0.0798933
         -0.141407
         0.0232113
          0.593824
         -0.777041
##################### ACCEPTABLE SUBNET NUMBER: 39  #########################
           5.51998
 2
15
21
 2
20
 2
         -0.131078
           -1.4038
         -0.317375
         -0.153784
         -0.963465
         0.0788264
          0.068015
##################### ACCEPTABLE SUBNET NUMBER: 40  #########################
           4.37799
 2
16
39
 6
43
17
44
25
 2
26
          0.675383
          0.751828
          0.260787
           1.54357
          0.977484
         -0.224507
          0.363628
            -1.157
          0.438934
           1.36828
          0.183671
##################### ACCEPTABLE SUBNET NUMBER: 41  #########################
           5.59201
 3
42
16
15
 8
43
41
46
13
40
27
 9
44
          0.803087
          0.700649
          0.180366
          0.126543
          -1.06625
         -0.116687
          0.338803
          -0.27673
         -0.407865
         -0.473352
          -1.54695
         -0.758601
          0.137211
         -0.744943
##################### ACCEPTABLE SUBNET NUMBER: 42  #########################
            5.5736
 1
50
 2
17
10
          0.270124
        -0.0522231
        -0.0888473
          0.103163
          0.272686
          -0.11119
##################### ACCEPTABLE SUBNET NUMBER: 43  #########################
           5.24938
 5
50
21
39
12
48
20
17
37
11
46
 4
20
32
44
29
43
 1
 2
35
45
25
34
 3
31
27
 9
           1.54037
           1.38028
          0.955141
          0.751357
          -0.86475
          0.808966
          -1.89327
         -0.433777
           1.11123
         -0.426676
         -0.719523
          0.990167
          0.318149
         -0.258321
          0.048203
         -0.669924
         -0.470287
         -0.220014
          -2.00873
         -0.528544
         -0.121561
         -0.789512
           -0.9296
        -0.0678904
          -1.01752
        -0.0101177
          -2.03881
          0.233466
##################### ACCEPTABLE SUBNET NUMBER: 44  #########################
           1.72247
 1
39
 5
 2
46
 9
25
 6
          0.687096
          0.439934
           0.57372
          0.779283
           1.30179
          0.805384
         -0.868666
         -0.414819
          -1.03499
##################### ACCEPTABLE SUBNET NUMBER: 45  #########################
           2.98686
 2
23
 8
16
20
26
 9
 6
44
18
32
 1
17
40
27
25
43
46
 3
31
            1.6808
           1.18229
          0.804433
          0.721904
          -1.09588
           1.18501
          0.937814
          0.627158
          0.494886
         0.0421301
          -1.36844
         -0.314929
          0.715912
         -0.624888
          -1.83926
          -1.05584
        -0.0166061
         -0.260237
          -2.00505
          0.176681
          -1.04966
##################### ACCEPTABLE SUBNET NUMBER: 46  #########################
           5.95104
 4
16
39
15
28
 6
31
26
40
 9
27
41
           2.06572
           1.80114
           1.56417
           1.36589
           1.55875
         -0.328504
         -0.791613
           1.67943
           1.65986
          0.671134
           1.46977
       -0.00639392
         -0.457748
##################### ACCEPTABLE SUBNET NUMBER: 47  #########################
            5.8502
 7
39
16
15
50
28
23
21
21
31
32
27
 2
26
41
17
46
44
35
37
25
10
34
36
19
 9
13
29
 4
22
           1.22525
           1.04995
          0.903703
           1.00332
           0.71885
          0.797311
          0.855555
         -0.344093
          0.396082
         -0.853258
           1.04129
          0.986092
          0.561077
         -0.720088
         0.0547118
           -1.6096
           -1.0925
          0.590691
          0.868104
          -1.32477
         -0.595026
          -2.60686
          -2.43053
         -0.945448
         -0.144321
           0.77112
          0.929879
         -0.584289
          0.430741
         -0.238603
          0.513665
##################### ACCEPTABLE SUBNET NUMBER: 48  #########################
           4.70341
 0
 4
 2
35
46
26
         -0.087002
         -0.127522
          0.224945
          0.767857
          -1.63866
         -0.193654
        -0.0282789
##################### ACCEPTABLE SUBNET NUMBER: 49  #########################
           3.99143
 2
23
16
11
17
18
19
 9
37
36
38
44
43
34
49
         -0.414737
         -0.938811
          -0.37978
          0.894508
            0.3834
           1.02961
          0.659748
         -0.692769
          0.241393
         -0.181494
          -0.18175
        -0.0779157
          -1.18084
          -1.18084
          -2.04034
         -0.957692
##################### ACCEPTABLE SUBNET NUMBER: 50  #########################
           2.02488
 2
15
39
 7
 9
34
 2
40
35
32
49
          0.829108
          0.188173
         -0.758668
        -0.0844701
        -0.0509511
          0.313481
          -1.22515
          0.682849
          -2.12215
          -1.23189
          -1.23484
          -0.22457
##################### ACCEPTABLE SUBNET NUMBER: 51  #########################
           5.81624
 1
 8
 8
43
41
 4
18
36
35
19
34
           1.25217
           1.23707
           1.32915
           -1.3283
           1.44141
          0.275684
          0.711749
           0.25757
         -0.180562
        -0.0569489
         -0.451871
          -1.03756
##################### ACCEPTABLE SUBNET NUMBER: 52  #########################
           5.88956
 1
50
 9
17
 4
43
32
26
25
 5
 3
19
          0.953756
          0.939001
           1.90499
          -1.08308
           1.35677
          0.544443
           2.01413
            1.0295
         0.0860616
         0.0850616
          0.853356
         -0.338826
         -0.843761
##################### ACCEPTABLE SUBNET NUMBER: 53  #########################
           5.49083
 4
50
15
21
16
 2
13
27
         -0.261667
         -0.311846
         0.0932359
          -1.22171
          0.738332
          0.731677
          -1.15909
           0.75756
          0.190362
##################### ACCEPTABLE SUBNET NUMBER: 54  #########################
           5.06328
 1
21
 2
 2
43
            0.4698
        -0.0885932
         -0.114514
          -1.61616
          0.551019
         -0.218214
##################### ACCEPTABLE SUBNET NUMBER: 55  #########################
            5.9894
 0
 4
20
13
 9
11
           1.14371
           1.20097
           1.35061
           1.49063
          0.546388
          -1.01863
          0.608048
##################### ACCEPTABLE SUBNET NUMBER: 56  #########################
           5.91942
 2
39
15
 9
43
32
 1
26
46
 2
49
44
41
          0.771344
           0.76071
          0.756754
          -0.19762
          -1.06789
          0.861029
         -0.537629
         -0.711578
           -1.3343
          -1.54051
          0.110598
         -0.386977
         -0.779724
          0.104152
##################### ACCEPTABLE SUBNET NUMBER: 57  #########################
           3.79802
 2
21
23
 2
20
41
          0.704119
          0.121216
        -0.0588188
         -0.648487
         0.0253254
          0.388318
         0.0667437
##################### ACCEPTABLE SUBNET NUMBER: 58  #########################
              5.47
 1
16
 2
17
46
           0.41155
          0.485853
          0.078342
           1.30845
          0.536665
         -0.588492
##################### ACCEPTABLE SUBNET NUMBER: 59  #########################
           4.45911
 5
39
42
 8
15
21
 5
26
 2
 5
10
37
          0.569462
           0.64461
        -0.0307959
          0.983916
          0.176619
         -0.854043
         -0.322992
           -1.0729
          0.117327
           1.18087
         -0.520263
          -1.30791
         -0.362539
##################### ACCEPTABLE SUBNET NUMBER: 60  #########################
           5.70689
 1
42
15
19
 6
 9
38
37
17
45
22
25
 3
46
49
20
47
18
            1.8129
           1.75629
           1.13109
         -0.140334
         0.0527343
         0.0889496
         0.0918317
          0.119935
          0.223792
           1.23042
          0.649305
          -2.20397
         -0.575252
          -1.46022
           1.07324
          0.467211
         -0.651728
          -1.20831
        -0.0472266
##################### ACCEPTABLE SUBNET NUMBER: 61  #########################
           5.04293
 0
 2
26
 2
          0.152039
         0.0525459
          0.122176
         -0.810589
          0.712863
##################### ACCEPTABLE SUBNET NUMBER: 62  #########################
           5.49722
 2
23
28
 7
43
45
13
47
 4
 1
10
           1.50569
           1.40687
           1.02918
          0.982214
          -0.10883
           1.22417
         -0.710513
          -0.71448
          -1.49543
          0.307403
         -0.223678
          -2.52293
##################### ACCEPTABLE SUBNET NUMBER: 63  #########################
           5.71321
 1
16
 5
17
32
 4
34
25
           1.31612
           1.39769
          -0.97707
           2.20797
           1.45177
         -0.748201
         -0.920231
         -0.700333
         -0.574787
##################### ACCEPTABLE SUBNET NUMBER: 64  #########################
           5.27894
 0
 3
 2
 9
 1
           0.33942
           0.32509
          0.432259
           1.03969
          0.511588
          -1.19632
##################### ACCEPTABLE SUBNET NUMBER: 65  #########################
           5.86743
 3
15
21
39
 9
26
13
 5
 2
18
49
47
46
45
         -0.237452
          -1.83785
         -0.185115
          -1.11339
         -0.230376
         -0.389922
          0.208795
         -0.561363
          -0.50179
          0.279754
         -0.347447
         -0.291543
          -1.44129
         -0.146146
          -1.44241
##################### ACCEPTABLE SUBNET NUMBER: 66  #########################
           3.71074
 1
48
 4
46
27
 2
11
           0.45467
         0.0540688
          0.273218
          -1.51235
          0.380713
          0.220774
          0.970439
          0.131301
##################### ACCEPTABLE SUBNET NUMBER: 67  #########################
           3.59653
 3
23
39
15
 2
43
46
           0.77603
          0.459741
         0.0408973
         -0.831741
          0.217169
          0.125824
          0.371009
          0.237231
##################### ACCEPTABLE SUBNET NUMBER: 68  #########################
           4.62843
 0
 4
20
26
 2
 9
          0.224154
        0.00712478
          0.226485
          0.440012
          0.243245
          0.442322
        -0.0359467
##################### ACCEPTABLE SUBNET NUMBER: 69  #########################
           1.85351
 2
39
23
 4
 2
36
25
35
           1.01141
          0.334576
         -0.750826
        -0.0438941
        -0.0701276
            0.7292
       -0.00671667
         -0.106062
          -1.10463
##################### ACCEPTABLE SUBNET NUMBER: 70  #########################
           5.28795
 3
50
21
16
14
45
17
 1
35
 5
46
 9
19
32
 2
36
 6
25
34
           1.96238
            1.8333
           1.41614
            1.4778
           1.31036
           0.47036
           1.14483
           1.65461
            1.1548
          -0.44197
         -0.966762
           1.42901
          -0.19779
          0.749705
           1.01265
         0.0191679
          -1.15553
         -0.866437
          -1.01596
          -2.29972
##################### ACCEPTABLE SUBNET NUMBER: 71  #########################
           4.55994
 3
39
15
50
 7
40
38
35
34
27
26
20
         -0.218757
          -1.15811
         -0.410675
         -0.110576
        -0.0413362
          -1.81571
        -0.0295633
         -0.223777
         -0.196753
          0.182346
           -0.1104
         -0.985283
         0.0332623
##################### ACCEPTABLE SUBNET NUMBER: 72  #########################
           5.56261
 2
39
15
 3
46
27
49
           1.17816
          0.868223
        -0.0776027
         0.0690336
          -1.50761
           0.07823
        -0.0131231
         -0.657611
##################### ACCEPTABLE SUBNET NUMBER: 73  #########################
           1.45856
 1
39
 7
19
 2
 9
46
 7
11
25
           1.25739
          0.967787
          0.403546
          0.617668
         -0.971886
           1.16188
          0.554187
          0.646132
         -0.536453
         -0.841174
          0.445772
##################### ACCEPTABLE SUBNET NUMBER: 74  #########################
           5.06952
 0
 1
 2
          0.133116
         -0.141014
       -0.00343264
          0.585153
##################### ACCEPTABLE SUBNET NUMBER: 75  #########################
           3.89465
 3
39
50
21
11
31
41
43
40
25
46
17
44
 6
22
 2
          0.462058
          0.198492
         0.0469519
          0.374495
          0.246794
         -0.329254
          -0.10774
          0.354438
          0.419356
         -0.156735
           0.28152
          0.236463
         -0.809746
          0.177446
         -0.111829
          -0.73747
          -1.28187
##################### ACCEPTABLE SUBNET NUMBER: 76  #########################
           2.51679
 1
39
 3
 2
46
31
          0.405635
          0.113454
         0.0651079
          0.167929
          0.743998
          0.225757
          -1.19392
##################### ACCEPTABLE SUBNET NUMBER: 77  #########################
           5.62992
 2
48
23
 8
10
20
32
49
46
43
40
29
           1.05593
           1.11071
          0.483192
          0.748832
          0.582789
         -0.189426
          0.789451
          -1.35584
           -1.7788
         -0.834858
           0.33465
          -0.86773
          -1.15895
##################### ACCEPTABLE SUBNET NUMBER: 78  #########################
           2.43505
 6
30
39
21
50
15
23
 4
 2
46
18
 1
          0.733597
          0.586606
          0.224846
          0.685096
          0.841087
          -0.21657
           0.20037
           -1.0669
          -1.30336
           1.13616
          0.798642
         -0.497375
          -1.41367
##################### ACCEPTABLE SUBNET NUMBER: 79  #########################
           5.86235
 2
16
23
19
17
43
41
35
22
 4
 1
 6
46
26
27
49
40
36
 5
34
45
38
10
           1.18345
           1.17284
           1.31924
          0.313005
         -0.038687
           0.86837
            1.4231
          0.537421
          0.357906
         -0.418088
          -1.19906
         -0.119742
         -0.654295
          -0.39357
          -1.14703
          -0.10905
         -0.914699
          -1.00888
          0.611668
          0.312153
         -0.782241
         -0.180664
         -0.944494
         -0.828563
##################### ACCEPTABLE SUBNET NUMBER: 80  #########################
           4.98023
 1
50
 2
 2
41
          0.751404
        -0.0822761
         -0.201168
          -0.65591
          0.542313
          -1.29446
##################### ACCEPTABLE SUBNET NUMBER: 81  #########################
           5.31354
 0
 1
 2
            0.3363
          0.224946
          0.125794
          0.752955
##################### ACCEPTABLE SUBNET NUMBER: 82  #########################
           5.04718
 2
39
23
 5
46
27
17
 4
44
           1.75873
           1.64399
          0.232237
           1.12263
          0.351373
           1.05684
          0.698545
        0.00761905
         -0.218167
         -0.162395
##################### ACCEPTABLE SUBNET NUMBER: 83  #########################
           5.80029
 0
 3
 2
49
46
          0.649415
          0.606071
          0.388861
           1.00334
          0.268985
          -1.87024
##################### ACCEPTABLE SUBNET NUMBER: 84  #########################
           5.93797
 1
39
12
44
37
 5
 9
 2
18
19
32
34
26
11
10
         -0.821607
          -1.29189
          0.217843
          0.341566
         -0.793157
         -0.999372
          -1.01376
          0.129484
         -0.452403
          0.069344
          -1.26408
         -0.939105
          0.620668
         -0.280869
         -0.486794
         0.0266297
##################### ACCEPTABLE SUBNET NUMBER: 85  #########################
            5.9661
 1
50
 7
43
 6
 1
20
18
19
 2
          0.695887
          0.688836
           1.85686
         -0.285059
           1.95614
        -0.0782098
         -0.221201
          -1.05928
         -0.582448
         -0.582448
          0.776895
##################### ACCEPTABLE SUBNET NUMBER: 86  #########################
           5.69887
 1
48
 2
20
27
          0.527909
          0.596112
          0.439896
          0.972753
          0.881553
          0.167599
##################### ACCEPTABLE SUBNET NUMBER: 87  #########################
           4.67405
 1
15
 9
 1
26
43
41
36
31
45
49
 5
          0.662351
          0.384009
           1.53101
          0.725714
           0.71612
           1.54079
           1.73352
          0.914783
          0.837741
          0.246419
          0.628504
          0.314549
         -0.628258
##################### ACCEPTABLE SUBNET NUMBER: 88  #########################
           3.97565
 0
 7
20
47
46
26
 1
27
18
          0.654359
           0.37054
          0.292674
          0.550624
         -0.846631
         -0.693034
          0.346496
          0.193083
         -0.560546
         -0.689693
##################### ACCEPTABLE SUBNET NUMBER: 89  #########################
           4.57003
 1
50
 5
32
31
20
46
35
          0.534723
          0.294741
          0.341843
          -1.56992
          0.362556
         -0.500632
          0.589979
         -0.476325
         -0.166404
##################### ACCEPTABLE SUBNET NUMBER: 90  #########################
           5.68451
 5
 8
50
42
48
21
 3
17
26
19
           1.26188
           1.33495
          0.732262
        -0.0267786
          0.283596
           1.22004
          -1.75111
         -0.517622
           1.10475
          -1.49245
         -0.655627
##################### ACCEPTABLE SUBNET NUMBER: 91  #########################
           3.91916
 6
23
28
 8
16
39
15
24
27
26
43
17
13
31
32
19
18
 3
38
49
29
34
40
22
47
 4
46
37
 5
 2
 6
 7
           1.52033
           1.07133
           1.20917
           1.15679
         -0.870947
         -0.139099
          0.896439
          0.393508
          0.155202
          0.988691
           1.25457
           1.51609
          -1.51519
          0.941959
         -0.271035
          -1.21471
        -0.0586836
         -0.143178
          0.385785
         -0.162809
         -0.479533
          -1.42548
         -0.305404
          -1.91393
          -1.36678
          -0.20477
          0.825207
        -0.0256021
          -1.02897
         -0.152406
          0.123784
         0.0994261
         -0.433628
##################### ACCEPTABLE SUBNET NUMBER: 92  #########################
           5.30295
 1
 8
 4
 9
17
18
11
           0.36059
          -1.60857
         -0.484575
         -0.199432
          0.208433
         -0.511082
          -1.24877
          -1.14012
----------Number of Acceptable Subnets found: 92 -----------
----------END FOR GENE 33 -----------
