File open successful. It contains: 
Finished reading file, will close now.
File x_dt open successful.
Finished reading file x_dt, will close now.
File sd_d open successful.
Finished reading file sd_d, will close now.
--------START FOR GENE 39 -----------
 Values arranged as error, n_ka, gene ids for ka, n_kd, gene ids for kd,
 r0, d, ea, ka_values, kd_values for each subnet. 
##################### ACCEPTABLE SUBNET NUMBER: 1  #########################
           2.23458
 3
 1
16
10
 7
29
22
40
42
14
43
47
          0.543889
          0.511217
        -0.0618264
          0.818158
           0.30333
           0.41633
          0.288295
          0.207487
        -0.0587041
         -0.282261
          0.590374
         -0.800335
          -1.66776
##################### ACCEPTABLE SUBNET NUMBER: 2  #########################
           2.10828
12
17
 7
36
 1
37
25
35
16
15
11
 2
38
 4
49
14
41
 6
             1.285
           1.25803
          0.948106
          0.315572
          -0.39433
          -1.22093
           1.34027
          0.229684
        0.00959357
         -0.604172
         -0.565412
          0.427259
          0.454661
          0.752969
          0.120101
       -0.00625948
           1.19341
           0.86337
          -1.89755
##################### ACCEPTABLE SUBNET NUMBER: 3  #########################
           2.67837
 4
33
 1
 2
10
 1
47
           1.71363
             1.678
          -0.80869
          0.235865
          0.269905
          0.183152
          0.106227
          -2.15139
##################### ACCEPTABLE SUBNET NUMBER: 4  #########################
           1.75794
 3
32
 1
19
 2
20
41
          0.581588
          0.546918
         -0.394999
          0.274711
           0.50435
         -0.556309
          0.330016
          0.129783
##################### ACCEPTABLE SUBNET NUMBER: 5  #########################
           2.71748
 6
 1
35
10
23
33
11
 2
22
46
           1.21404
           1.17659
           0.55103
           1.12105
         -0.112283
          0.591926
           -1.0399
          -0.57081
         -0.372377
          0.849755
          0.450915
##################### ACCEPTABLE SUBNET NUMBER: 6  #########################
           2.04256
 5
32
 1
25
10
 7
 2
44
46
          0.620137
           0.58217
        -0.0447451
          0.377347
          0.712577
          0.214812
         -0.635851
        -0.0541858
          0.480947
        -0.0592845
##################### ACCEPTABLE SUBNET NUMBER: 7  #########################
           1.70753
11
 1
11
19
 9
 7
10
25
17
16
23
28
 5
14
34
41
 6
42
           1.68693
           1.65549
          0.539494
           1.27164
          0.369409
          -2.15457
           1.22497
         -0.412104
          -1.27438
         -0.998651
          0.264794
         -0.453725
          0.101088
            -1.922
           1.12498
          0.384269
         -0.642079
           -1.3729
         -0.815603
##################### ACCEPTABLE SUBNET NUMBER: 8  #########################
           2.05375
 8
33
23
 1
13
35
 5
 3
32
 4
14
47
29
44
           2.05033
           2.02571
         -0.280496
          0.264053
          -1.38576
          0.522784
         -0.555949
         -0.850519
         -0.365651
          -1.04434
          -1.30871
          0.344334
         -0.869069
         -0.809979
         -0.589964
##################### ACCEPTABLE SUBNET NUMBER: 9  #########################
           1.74144
 3
 1
16
 9
 3
14
41
20
           1.11288
           1.08307
          0.458773
           1.04106
          0.544698
         -0.622115
          0.871795
          0.393034
          0.164287
##################### ACCEPTABLE SUBNET NUMBER: 10  #########################
           2.87156
 2
30
33
 2
41
44
           0.50328
          0.463317
         -0.240954
          0.665566
          0.329355
          0.231871
          0.343627
##################### ACCEPTABLE SUBNET NUMBER: 11  #########################
           2.78403
12
30
13
 2
25
 1
16
28
37
17
31
 7
15
 5
14
50
46
41
43
           1.63561
           1.62849
           1.15456
            1.9608
            1.0006
          0.591744
          0.173347
          0.190454
          -0.65392
          0.429051
          0.857134
          0.478855
          0.436326
          0.229138
          -0.73638
           1.69134
          0.736322
          0.344233
           1.45956
         -0.280034
##################### ACCEPTABLE SUBNET NUMBER: 12  #########################
            2.3732
 6
30
25
 9
33
31
37
 2
41
20
          0.525285
          0.492685
         -0.100465
          0.775535
          0.121061
         -0.784562
          0.375469
        -0.0601496
          -1.70003
          0.351285
          0.538599
##################### ACCEPTABLE SUBNET NUMBER: 13  #########################
           1.83319
 5
 7
25
 1
 2
33
 1
20
          0.457893
          0.425113
          -0.60116
          0.363792
          0.244484
          0.521457
          -1.02266
          0.147586
          0.343418
##################### ACCEPTABLE SUBNET NUMBER: 14  #########################
           2.77076
 5
18
32
19
35
45
 5
20
34
29
50
22
           0.40366
          0.312643
          0.361956
          0.895346
          0.255353
         -0.277388
         -0.813984
          -2.39006
          0.562644
          0.697075
         -0.546796
          -1.42908
         -0.733548
##################### ACCEPTABLE SUBNET NUMBER: 15  #########################
           2.84281
 9
33
30
13
37
 1
 7
17
15
 9
 3
44
46
14
           1.93498
           1.90915
           1.06156
           1.36526
           1.67837
         0.0924844
          0.610315
           1.16148
           1.33885
          0.806105
          0.170583
           1.33159
            1.3943
           1.23515
          0.825448
##################### ACCEPTABLE SUBNET NUMBER: 16  #########################
           5.58302
 3
24
 1
 2
 1
21
         -0.555418
          -0.96888
          -0.11377
         -0.427247
          0.272344
         -0.411696
          -3.24463
##################### ACCEPTABLE SUBNET NUMBER: 17  #########################
           4.69984
 7
12
33
37
25
 1
 5
11
 5
44
49
 6
34
47
           1.12272
          0.976983
           1.06638
           1.17251
         0.0827594
          0.441266
         -0.460506
           1.08217
          -1.19952
          0.372036
           1.29839
          0.112687
         -0.136009
          -1.28965
          0.337459
##################### ACCEPTABLE SUBNET NUMBER: 18  #########################
           4.55216
 2
25
48
 4
40
47
21
50
          0.590588
          0.602545
          0.220343
          0.879138
          -2.51257
          0.503645
         -0.286432
           -1.4557
          -2.09447
##################### ACCEPTABLE SUBNET NUMBER: 19  #########################
           4.77419
14
 2
 5
12
25
24
 8
28
23
17
 1
 3
38
35
33
 1
27
             1.888
           1.92295
           1.07946
          0.467603
         -0.111711
          0.143463
           1.76493
          0.373477
           0.22979
         -0.429436
          -1.08476
           -1.4351
          -0.58718
         -0.461783
          -1.93245
          -2.56168
        -0.0752129
           1.41356
##################### ACCEPTABLE SUBNET NUMBER: 20  #########################
           4.25985
 3
25
15
 7
 8
43
44
46
41
40
27
21
14
          0.666413
          0.686057
          0.166393
          0.805535
         -0.319865
          -1.27041
         -0.110007
         -0.659229
          -0.44314
         -0.473869
          0.256784
          0.279879
          -1.23486
          0.479373
##################### ACCEPTABLE SUBNET NUMBER: 21  #########################
           2.91312
 6
 1
31
33
24
16
30
 1
27
          0.878069
          0.849597
           0.44116
           1.10534
          -1.13615
         -0.140977
         -0.209879
          0.638567
         -0.281567
          0.849968
##################### ACCEPTABLE SUBNET NUMBER: 22  #########################
           5.81999
 8
32
 5
45
25
31
33
10
16
 2
20
49
           1.10382
           1.15218
          0.864894
           1.67364
          -1.06265
         -0.266301
         -0.441149
         -0.461946
           1.26409
          -0.47333
          -1.48061
           1.05559
         -0.294757
##################### ACCEPTABLE SUBNET NUMBER: 23  #########################
           2.05105
 5
33
12
30
 1
31
 6
20
46
 6
50
49
44
           1.84817
           1.80487
          0.919324
           1.84887
          0.938744
           1.98233
          -1.39042
          0.473746
           1.77812
           1.70967
          0.370676
          0.131824
          -1.30182
          -0.82601
##################### ACCEPTABLE SUBNET NUMBER: 24  #########################
           5.17813
 7
30
35
16
15
25
17
33
 2
22
41
          0.382357
          0.364113
        -0.0918113
          0.573787
          -0.91188
          -1.71453
          -1.71453
         -0.895381
          -1.58831
         -0.540387
          0.159923
          -1.33344
##################### ACCEPTABLE SUBNET NUMBER: 25  #########################
            3.2579
11
 1
25
35
 2
31
38
 7
28
33
 9
10
 4
34
20
43
47
           1.47371
           1.48696
           1.15777
           1.04837
           1.93736
           1.23169
          0.652094
           1.20381
        -0.0246453
         -0.127403
           1.39164
          0.795046
          0.739064
          0.112776
           1.37405
           1.73827
          0.206318
          0.932739
##################### ACCEPTABLE SUBNET NUMBER: 26  #########################
           2.84443
 4
 1
10
25
38
 1
43
          0.525311
          0.502469
         -0.732843
          0.394398
          0.527138
          0.256671
         -0.660213
          0.145098
##################### ACCEPTABLE SUBNET NUMBER: 27  #########################
           4.46409
13
10
11
36
35
25
31
 1
30
 7
16
18
15
32
 6
41
20
27
29
40
44
           1.78305
           1.76364
           1.13317
           1.29093
          0.447244
          0.689466
          0.726092
           1.10925
          -0.76074
          0.929173
         -0.479057
         -0.804285
         -0.560915
         -0.811493
         -0.586095
         -0.947898
           1.06003
           1.25069
         -0.450599
           -1.6033
         -0.607925
         -0.573866
##################### ACCEPTABLE SUBNET NUMBER: 28  #########################
            4.9302
 9
37
16
28
 7
 3
33
25
17
 5
 5
50
47
20
29
27
           1.42401
           1.43628
           1.23176
          0.648795
          -1.24259
          0.568983
          0.832028
          -1.20255
         -0.319275
           1.70804
          -1.02454
          -1.05392
           1.33961
           1.14733
         -0.447234
          0.840822
         -0.782098
##################### ACCEPTABLE SUBNET NUMBER: 29  #########################
           5.20516
 1
 1
 2
50
40
           1.80516
           1.79865
           1.71573
           2.02267
           1.76708
         -0.466867
##################### ACCEPTABLE SUBNET NUMBER: 30  #########################
           4.06971
 9
13
 9
 2
11
10
 1
35
 3
15
 4
43
46
41
47
           1.90839
           1.73691
           1.41339
           1.41159
           1.73156
          -1.73172
          0.363844
         0.0957693
           1.07999
         -0.354186
          0.347462
          -0.80505
           1.62625
            1.3585
        -0.0192016
          0.321333
##################### ACCEPTABLE SUBNET NUMBER: 31  #########################
           3.50062
 6
25
35
15
 1
 2
30
 4
20
42
34
49
           1.33376
           1.36114
          0.109987
           1.02578
          -1.81498
          0.298412
          0.608909
         -0.718334
         -0.920739
          0.818664
          0.160203
         -0.911353
          -1.82979
##################### ACCEPTABLE SUBNET NUMBER: 32  #########################
           5.99413
 1
45
 2
43
44
       -0.00855247
         -0.532688
         -0.120473
         0.0159176
          0.170968
         -0.115807
##################### ACCEPTABLE SUBNET NUMBER: 33  #########################
           2.67045
 9
16
30
 7
11
10
48
32
 9
 1
 0
          0.483907
          0.437704
         -0.985034
          0.170577
          0.231272
          0.159572
          -1.68125
          0.332901
         -0.944717
         -0.551335
          -1.10323
          0.275329
##################### ACCEPTABLE SUBNET NUMBER: 34  #########################
           5.79706
 9
11
 5
38
37
31
10
32
45
33
 5
27
29
34
44
43
         -0.422964
         -0.871861
          0.166396
          0.262106
          0.474198
           0.14531
          0.645748
         -0.032161
         -0.725782
         -0.980038
          0.207364
         -0.621407
          0.424145
        -0.0849475
          0.239445
          -1.28122
          0.742093
##################### ACCEPTABLE SUBNET NUMBER: 35  #########################
           3.03491
 6
 9
23
19
11
37
28
 3
14
41
20
          0.680457
          0.194394
         -0.118325
          0.247977
         0.0684863
           -1.1377
          -1.12787
         0.0504971
         -0.837679
          0.375395
         -0.140214
         -0.841701
##################### ACCEPTABLE SUBNET NUMBER: 36  #########################
            1.7228
 3
33
 1
37
 2
34
44
          0.780941
           0.74527
         0.0789448
          0.911457
           1.15759
          -2.07305
          0.659199
          0.936786
##################### ACCEPTABLE SUBNET NUMBER: 37  #########################
           4.23515
11
16
33
30
 3
35
13
32
12
17
15
 7
 4
20
41
29
46
           1.74093
           1.77147
            1.3917
          0.528727
          0.446698
           1.99005
          0.579481
          0.289689
         -0.351685
         -0.428616
          -1.98599
          -1.33879
          -1.69535
          -1.28202
           1.75521
          0.426931
          0.580081
            0.2054
##################### ACCEPTABLE SUBNET NUMBER: 38  #########################
           4.20708
17
33
35
12
28
19
23
36
 7
38
31
 3
 9
13
32
 2
30
25
 9
20
27
49
34
50
14
44
41
42
          0.446795
           0.32981
         -0.185681
           0.35069
          0.417759
         -0.444974
         -0.693153
         -0.600533
          -0.86685
           -1.6948
           0.15906
         -0.433727
          -1.43065
         -0.389376
          0.203982
         -0.454582
         -0.659237
          -2.92503
         -0.365996
          -1.24307
          0.551592
         -0.224911
         -0.102238
          0.332754
         -0.453099
          -1.25631
          -1.17504
          -1.56589
           -0.7781
##################### ACCEPTABLE SUBNET NUMBER: 39  #########################
           3.05356
 2
30
23
 4
14
46
29
40
          0.784483
          0.738249
          0.367256
          0.796364
         -0.297076
          0.576538
          0.397994
         -0.523754
         -0.172628
##################### ACCEPTABLE SUBNET NUMBER: 40  #########################
           4.68222
14
17
10
 8
 9
33
31
23
19
 1
18
15
12
16
32
 8
22
27
41
29
21
14
20
50
           1.79043
           1.83537
            1.0178
          0.104408
           1.26487
           1.17287
           1.11931
           1.65789
         -0.520904
          -0.61559
         -0.711424
           1.59313
          -1.23539
          -1.05997
         -0.541769
          0.106343
         -0.911125
           1.28251
          0.277654
        -0.0373102
         -0.313608
         -0.366985
          0.468275
          0.289228
          0.582953
##################### ACCEPTABLE SUBNET NUMBER: 41  #########################
           5.07165
 7
38
37
25
 7
32
33
12
 1
22
          0.713794
          0.733032
       -0.00583108
          -1.09338
         -0.945271
          0.649251
        -0.0641217
         -0.680758
          -1.38281
         -0.487343
          0.261889
##################### ACCEPTABLE SUBNET NUMBER: 42  #########################
            4.7683
 9
19
35
25
11
 7
 9
37
10
28
 7
22
44
29
50
46
43
20
            1.2688
           1.29326
           1.01534
        -0.0847553
           0.79234
           1.75401
         -0.103351
         -0.639822
          0.473842
          0.121659
          0.976542
          0.525939
           1.32872
           0.56978
         -0.483721
           0.88826
           0.43756
           1.32664
           1.16329
##################### ACCEPTABLE SUBNET NUMBER: 43  #########################
           5.94114
 5
11
12
 1
33
31
 5
44
21
46
29
20
           1.71347
           1.60547
          0.685831
          0.788017
          0.375959
          0.253972
         -0.243639
          -0.22766
          0.885845
         -0.863047
         -0.845291
          -1.02139
          -1.38441
##################### ACCEPTABLE SUBNET NUMBER: 44  #########################
           2.28292
 4
10
25
 1
13
 5
27
43
14
50
47
          0.820487
          0.818347
        -0.0676616
          0.671402
          0.552724
          0.891041
         -0.600491
          0.429832
         -0.229189
          0.661983
          0.267913
        -0.0736042
##################### ACCEPTABLE SUBNET NUMBER: 45  #########################
           4.97878
 4
17
 9
30
36
 6
42
21
43
41
29
34
           1.24591
           1.14387
          0.887878
         -0.547948
         -0.633479
          0.093486
          -0.49313
          0.537733
         -0.126198
          0.967392
            0.8381
         -0.385181
          -1.06986
##################### ACCEPTABLE SUBNET NUMBER: 46  #########################
           3.76492
 2
25
 9
 1
14
          0.783106
          0.792829
         0.0576825
          0.661339
          -1.37368
          0.388858
##################### ACCEPTABLE SUBNET NUMBER: 47  #########################
           4.77557
 3
 3
19
18
 1
20
         -0.429611
         -0.997165
         -0.123525
           0.22934
          -1.33928
         -0.284821
          0.323627
##################### ACCEPTABLE SUBNET NUMBER: 48  #########################
           4.52006
10
33
25
37
24
 7
31
35
30
10
15
 2
41
34
           1.10182
           1.10862
         -0.277332
           0.45704
          0.397958
         -0.617311
         -0.643375
          -0.43264
         -0.718515
          -1.24476
          -1.43179
          -1.21623
          -1.00761
          0.211039
         -0.969596
##################### ACCEPTABLE SUBNET NUMBER: 49  #########################
           4.00211
 8
17
25
 1
38
35
15
 9
32
 2
44
46
           1.57804
           1.59052
            1.4173
           0.94206
           1.84959
           1.13719
         -0.483501
        -0.0218642
         -0.464206
         -0.476293
         -0.150645
           1.57458
          -1.27973
##################### ACCEPTABLE SUBNET NUMBER: 50  #########################
           2.76979
11
12
13
 5
 1
16
37
28
17
23
36
 8
 4
44
22
21
49
           1.55741
           1.52912
           1.30545
        -0.0329244
          -1.01421
         -0.941774
           1.66042
            1.3261
          -1.33336
          -1.38907
         -0.652055
         -0.945235
         -0.201434
         -0.655821
           1.48105
         -0.263477
          0.928322
          -1.45256
##################### ACCEPTABLE SUBNET NUMBER: 51  #########################
           1.70692
10
11
 7
33
 1
 2
28
24
32
19
 5
 3
44
14
21
           1.25931
           1.21765
          -0.48134
         -0.546902
          0.114773
          0.308128
          0.561725
          0.246777
         -0.694612
          -1.05823
          0.119969
          -1.76813
          -2.00638
          0.346632
         -0.967573
          0.131856
##################### ACCEPTABLE SUBNET NUMBER: 52  #########################
           1.77251
15
25
45
 7
19
32
11
15
12
 1
10
18
37
24
 9
28
 3
14
50
46
           0.60068
          0.574206
          0.127143
           0.38852
          0.019667
        -0.0848701
         -0.751405
         0.0910801
         -0.518906
         -0.605763
          -1.08569
          0.821366
          -1.74325
         -0.543386
          -0.12373
          -0.93697
         -0.119727
         -0.338738
          0.622982
        -0.0209217
          -1.40624
##################### ACCEPTABLE SUBNET NUMBER: 53  #########################
           5.22138
 6
17
 8
 2
24
25
35
 5
50
41
46
27
43
           1.86662
           1.88298
           1.11402
         -0.211859
           1.26222
         -0.610808
         -0.321236
             1.587
          -1.04229
           1.23787
          -1.25055
        -0.0923646
         -0.171387
          0.192892
##################### ACCEPTABLE SUBNET NUMBER: 54  #########################
           3.18044
 6
 1
 7
25
17
 9
11
 3
20
41
34
          0.688089
           0.70052
           0.44045
          0.196586
          0.596593
          0.992826
          -1.03336
         -0.432696
          -3.12907
          0.775854
          0.420953
         -0.477699
##################### ACCEPTABLE SUBNET NUMBER: 55  #########################
           3.83188
 1
25
 3
20
34
49
          0.423274
           0.44471
         -0.381983
          0.789191
          0.540418
         -0.883186
          -1.14458
##################### ACCEPTABLE SUBNET NUMBER: 56  #########################
           4.12631
 4
15
25
11
 8
 3
27
44
43
          0.537681
         -0.355861
         -0.225735
           0.06105
         -0.223995
         -0.946724
          -1.06377
          0.311532
          -1.06377
          -1.65897
##################### ACCEPTABLE SUBNET NUMBER: 57  #########################
           3.49203
 7
32
12
 9
28
 1
25
15
 4
43
20
34
41
           1.82986
           1.79693
          0.891427
         -0.289072
          0.280402
          -0.19948
          0.632714
           1.18126
         -0.102852
          -1.42384
           1.02075
          0.928447
          0.333866
         -0.497191
##################### ACCEPTABLE SUBNET NUMBER: 58  #########################
           2.44221
 6
 7
30
 1
25
16
28
 1
27
          0.545322
           0.51654
          0.193543
          0.241294
         -0.518495
          0.780419
          0.399384
         -0.557944
         -0.836774
          0.509107
##################### ACCEPTABLE SUBNET NUMBER: 59  #########################
           4.38202
 3
25
35
30
 2
40
29
           1.27206
           1.28259
          0.564933
           1.50806
        -0.0972504
          0.464807
           1.12361
          0.918071
##################### ACCEPTABLE SUBNET NUMBER: 60  #########################
           5.47237
 9
15
25
 7
 8
24
12
 9
10
 3
 4
34
20
46
14
          0.308193
         0.0187323
            0.6069
           0.35735
          -0.64427
          0.405149
         -0.530753
         -0.656396
         -0.655262
         -0.381019
         -0.402109
         -0.200615
          -0.50532
          0.792825
          0.701542
          -1.93668
##################### ACCEPTABLE SUBNET NUMBER: 61  #########################
           2.74436
 7
 1
25
32
 3
15
11
30
 2
49
29
           1.22357
           1.19106
           0.64153
            1.2487
           1.04795
          0.869384
         -0.743429
         -0.574897
          -1.18106
         -0.246541
          0.979998
           0.43168
##################### ACCEPTABLE SUBNET NUMBER: 62  #########################
           2.28981
18
31
18
32
15
17
24
 7
33
 5
23
 8
 3
37
30
 9
13
12
19
 9
20
50
46
14
34
21
41
47
42
            1.8672
           1.83601
           1.39305
        -0.0340081
           1.94105
        -0.0598485
           0.75876
           -1.5486
          0.478452
          0.533712
           1.22611
          0.899861
         -0.466036
          -1.33328
         -0.828414
         -0.288321
          -1.08474
           1.63687
          0.996768
           1.04201
          0.380491
           1.63942
         -0.147794
           1.17365
          0.667588
           1.66037
          -2.89265
           1.03347
          0.405243
          0.581537
##################### ACCEPTABLE SUBNET NUMBER: 63  #########################
           5.51108
 9
33
11
12
15
 1
 2
17
 7
 8
 3
14
40
27
           1.74247
            1.7913
           1.19893
           1.86285
          -1.02665
          0.944094
          0.310853
       -0.00552106
         -0.768952
         -0.440833
          -1.50316
          -2.08388
           1.32626
          -1.00046
        -0.0963937
##################### ACCEPTABLE SUBNET NUMBER: 64  #########################
           5.84558
 3
35
12
 8
 2
43
14
         -0.662297
          -1.31826
         -0.307606
          0.126228
          -1.04772
          -3.67831
          -1.88705
           0.14423
##################### ACCEPTABLE SUBNET NUMBER: 65  #########################
           3.51122
 6
37
32
 1
 9
12
33
 5
20
49
41
44
34
           1.23503
           1.28077
          0.411915
         -0.621704
         -0.627559
           1.10073
          -1.31664
         -0.244993
           1.19692
          0.935951
          -2.36551
          0.168745
         -0.632839
          -1.74912
##################### ACCEPTABLE SUBNET NUMBER: 66  #########################
           4.49231
 3
30
 8
45
 1
14
          0.464383
           0.44455
          -0.20003
           0.54878
         -0.991983
          -1.03246
          0.235945
##################### ACCEPTABLE SUBNET NUMBER: 67  #########################
           4.79568
11
15
 8
25
31
 9
12
 3
 1
 2
24
 7
 7
40
27
42
41
34
14
49
          0.587784
          0.600939
            1.4095
           1.23541
           1.50105
           2.04887
           1.46697
          0.547384
           1.46951
        -0.0351742
           0.57415
          -2.24326
            1.5644
          0.786605
           1.69942
          0.531474
         -0.601954
          0.302282
          0.966749
          0.824216
          -1.42266
##################### ACCEPTABLE SUBNET NUMBER: 68  #########################
           2.45049
 5
30
 1
 9
33
19
 5
43
20
27
41
49
           1.16948
           1.14295
          0.209709
          0.965883
          0.602053
          0.225941
            -1.084
          -1.19051
         -0.264608
          0.757037
          -1.14601
          0.480499
          -1.35777
##################### ACCEPTABLE SUBNET NUMBER: 69  #########################
           4.88133
 2
25
35
 7
22
29
47
20
21
46
40
            1.1278
           1.15114
           0.10065
          0.669543
         0.0124256
          0.277139
          0.110443
         -0.596993
          -1.44521
          -1.53142
          -1.21469
         -0.945853
##################### ACCEPTABLE SUBNET NUMBER: 70  #########################
           5.65283
11
10
11
 5
25
18
19
13
23
15
 7
 8
 2
14
40
           1.56861
           1.61455
           1.20877
          0.156263
         -0.216713
          0.420708
           1.34597
           1.33495
          -1.17118
          -1.42328
        -0.0261596
          -1.09824
         0.0897828
         -0.295271
           1.25132
         -0.266609
##################### ACCEPTABLE SUBNET NUMBER: 71  #########################
           3.77838
 5
10
 1
32
30
45
 3
20
14
41
          0.672738
          0.705412
         -0.768109
           1.10598
          0.723626
         -0.272478
         -0.492957
          -0.47102
          0.548546
         -0.738349
          -0.21307
##################### ACCEPTABLE SUBNET NUMBER: 72  #########################
           5.03631
 5
17
19
16
37
 8
 3
43
34
44
           1.23371
           1.27783
         0.0880711
         -0.316051
        -0.0887751
           1.27548
         -0.750305
         -0.620107
          0.483242
         -0.158531
          -1.57043
##################### ACCEPTABLE SUBNET NUMBER: 73  #########################
           4.65339
 5
16
 9
 3
23
15
 2
20
34
          0.829918
          0.873129
          0.429243
           1.80533
          0.302868
          -1.25555
          -1.18253
          -1.60598
           1.07445
          0.526587
##################### ACCEPTABLE SUBNET NUMBER: 74  #########################
           5.31984
 9
 1
 2
32
30
24
19
28
13
48
 7
40
27
50
21
42
34
43
          0.943435
          0.965155
          0.614973
         -0.814063
        -0.0859651
         0.0533926
             1.239
         -0.440915
          -1.79266
         -0.654168
          -1.55001
          0.874169
           0.81054
           -1.0334
           0.73507
           -0.0433
         -0.798375
          0.459289
         -0.470681
##################### ACCEPTABLE SUBNET NUMBER: 75  #########################
           5.18607
 6
30
 2
 1
19
25
 3
 0
        -0.0846092
         -0.189255
         -0.454381
          0.408387
          -1.77814
         -0.108064
          -1.01688
          0.083515
          -1.05769
##################### ACCEPTABLE SUBNET NUMBER: 76  #########################
           2.54361
 9
 8
 9
 7
19
 1
32
30
28
 3
 4
27
47
34
 6
          0.586519
            0.5414
          0.259312
          0.180072
          0.864724
          0.302788
          0.150318
          0.895744
           -1.1575
         -0.435933
          -2.42053
          -2.05066
          0.655478
         -0.258156
         -0.464166
         -0.848007
##################### ACCEPTABLE SUBNET NUMBER: 77  #########################
           3.22352
 4
33
30
25
16
 2
27
46
           1.07366
             1.034
         -0.273171
          0.341621
          0.622097
         -0.668107
        -0.0400581
           0.27951
          0.227386
##################### ACCEPTABLE SUBNET NUMBER: 78  #########################
           5.23103
 6
16
35
 5
 7
32
37
 4
27
29
50
41
          0.366404
        -0.0654369
         -0.200294
        -0.0638528
          0.185576
          -1.78693
         -0.955602
           -1.1344
          -1.80773
          0.310681
         -0.730503
         -0.399916
         -0.432289
##################### ACCEPTABLE SUBNET NUMBER: 79  #########################
           4.40262
11
 1
 2
 7
10
30
 5
25
45
33
16
37
 3
40
21
 6
           1.60163
           1.61805
          0.673073
          0.246499
         -0.575198
          -1.30974
          -0.23971
           1.05995
         -0.664406
           1.35889
          -0.18851
         -0.111644
          0.261869
          -2.11513
          0.998866
           0.25142
         -0.853666
##################### ACCEPTABLE SUBNET NUMBER: 80  #########################
           4.10206
 7
25
 1
28
17
10
11
37
 3
44
42
46
          0.905189
          0.913455
          0.605295
           1.06833
         -0.743517
          0.132914
          -0.26768
         -0.813544
         -0.782847
         0.0498301
          0.780756
         -0.533391
          -2.74206
##################### ACCEPTABLE SUBNET NUMBER: 81  #########################
            4.5084
18
32
 7
 8
 1
25
 2
15
11
 5
23
35
12
31
30
45
33
28
10
 6
49
47
41
29
21
14
           1.66122
           1.68023
            1.3129
           1.48946
          -1.10518
         -0.808457
         -0.152482
           1.91643
       -0.00206845
        -0.0791034
          0.177951
          -1.01151
          -1.69373
          -1.10339
         -0.546391
          -2.15522
          -1.26089
          0.338885
         -0.931759
         -0.880729
          -1.24793
        -0.0216271
           1.56748
         -0.169788
          0.410469
          0.495591
          -1.04207
##################### ACCEPTABLE SUBNET NUMBER: 82  #########################
           2.13393
 6
11
18
 1
19
 8
 9
 2
44
21
           1.00947
          0.969311
          0.874683
         0.0706422
           1.11603
           1.25579
         -0.329206
          -1.48099
          0.204865
            1.0709
          0.151626
##################### ACCEPTABLE SUBNET NUMBER: 83  #########################
           3.92939
 7
32
25
24
35
 8
23
12
 5
47
29
27
44
46
           1.89432
           1.90739
          0.624655
          0.723515
           1.33344
         -0.317868
           -1.3144
           0.10354
          -0.39966
           0.12031
          0.481892
          0.600209
          0.931714
          0.943626
         -0.135285
##################### ACCEPTABLE SUBNET NUMBER: 84  #########################
           4.06266
 2
12
30
 1
20
          0.907334
          0.910683
         0.0674777
         0.0321166
          0.666011
          0.434504
##################### ACCEPTABLE SUBNET NUMBER: 85  #########################
           4.74212
 2
16
33
 1
20
          0.798101
          0.840944
         -0.614837
            1.2011
         -0.400543
           0.46194
##################### ACCEPTABLE SUBNET NUMBER: 86  #########################
           4.55557
 3
16
 7
33
 3
20
29
47
            1.6777
           1.72094
          0.726607
           1.97448
         -0.264558
           0.77912
           1.25973
          -1.81781
         -0.671395
##################### ACCEPTABLE SUBNET NUMBER: 87  #########################
             5.125
 6
 1
30
 2
25
37
 8
 9
47
46
29
50
21
42
49
43
22
           1.57055
           1.44905
           1.27231
             1.424
          0.740756
          0.413756
        -0.0446256
          -1.19179
          -2.14303
           1.28577
           1.21148
          0.308579
          0.245798
           1.23624
         -0.319208
         -0.368967
            1.1702
          0.674625
##################### ACCEPTABLE SUBNET NUMBER: 88  #########################
           4.39312
 4
15
17
32
12
 2
14
46
           1.37283
          -1.06356
          -0.66592
         -0.279397
         -0.685025
          -0.94948
          -1.97919
          0.341201
          -1.04554
##################### ACCEPTABLE SUBNET NUMBER: 89  #########################
           2.22225
 8
35
33
 1
 9
25
28
 7
10
 7
20
50
34
40
 6
41
27
          0.437382
          0.392983
        -0.0157556
          0.994417
           1.23191
           1.72862
           1.72547
         -0.107899
        -0.0174318
        -0.0323587
         0.0972008
           1.58724
           1.14443
          0.533954
          0.240782
          -1.73847
          -0.84153
           0.18204
##################### ACCEPTABLE SUBNET NUMBER: 90  #########################
            5.1585
 0
 4
41
42
14
46
            1.7446
           1.72488
          0.917989
          0.828269
          0.039772
          0.970868
          0.395457
##################### ACCEPTABLE SUBNET NUMBER: 91  #########################
           5.13794
11
31
 3
 7
 8
16
15
 9
28
36
33
23
 7
14
41
29
22
21
 6
50
           1.88895
            1.8714
           1.73743
           1.38903
            0.8229
           1.03782
         -0.257676
          0.153204
          0.664818
           0.48881
          0.261372
          -0.63121
          0.702205
          -1.02784
            1.7957
           1.64878
         -0.346328
         -0.279941
          -2.08271
          -0.79827
          0.011792
##################### ACCEPTABLE SUBNET NUMBER: 92  #########################
           4.81279
 3
12
16
 8
 2
14
29
         -0.209638
         -0.728811
         -0.126696
          0.170208
           -1.6952
         -0.197757
          0.320914
          -1.31277
##################### ACCEPTABLE SUBNET NUMBER: 93  #########################
           4.91106
11
25
 8
 9
33
11
 3
 7
10
32
24
17
 4
47
22
14
46
           1.80476
           1.81374
           1.38744
           1.82714
           1.10827
         -0.516203
         -0.256776
          0.216893
         -0.178666
        -0.0934271
         -0.285059
         -0.214753
          -1.08883
          -1.02783
           1.49429
         -0.291055
          -1.01792
         -0.671058
##################### ACCEPTABLE SUBNET NUMBER: 94  #########################
           5.61806
 2
 1
25
 1
29
         -0.474354
         -0.856841
         -0.100189
          0.241262
          -1.23946
           -3.1417
##################### ACCEPTABLE SUBNET NUMBER: 95  #########################
           4.09044
 3
25
30
28
 5
20
21
40
43
42
          0.237036
          0.257787
         -0.429575
           0.75339
          0.438518
         -0.580462
          0.485051
         -0.703094
         -0.153551
         -0.694064
         -0.693903
##################### ACCEPTABLE SUBNET NUMBER: 96  #########################
           4.54951
 5
30
33
16
32
38
 5
40
50
14
47
41
          0.345213
          0.299991
         -0.146675
          0.497016
         -0.226667
          0.143837
          -1.57995
         -0.784461
         0.0807536
         -0.659178
          -1.34639
         -0.604839
         -0.212021
##################### ACCEPTABLE SUBNET NUMBER: 97  #########################
           5.14482
 7
30
28
13
32
 8
18
33
 6
22
46
42
21
41
 6
            1.1546
           1.19054
          0.861784
           1.53665
          -1.08405
        -0.0912795
         -0.838822
        -0.0451776
         -0.103826
          0.342897
           1.13506
          0.778959
         0.0808522
         -0.408387
          0.747784
          -1.44145
##################### ACCEPTABLE SUBNET NUMBER: 98  #########################
           4.77917
10
37
 9
17
 2
 3
28
45
 8
 7
11
 3
14
46
42
          0.787359
           0.75108
         0.0988698
         0.0418538
          0.642332
          -1.86017
          0.182168
         0.0421697
       -0.00190213
          0.176818
          -1.89883
         -0.369155
         -0.935097
          0.387191
         -0.175748
         -0.686159
##################### ACCEPTABLE SUBNET NUMBER: 99  #########################
           3.55921
 2
36
17
 4
20
44
49
21
          0.865166
          0.410309
         -0.053875
           0.27417
         -0.741904
          0.492066
          0.288386
          -1.04769
         0.0274738
##################### ACCEPTABLE SUBNET NUMBER: 100  #########################
           5.09743
 2
38
25
 2
49
44
          0.565997
          0.577949
          0.271325
         -0.458884
          0.756845
          0.390881
         -0.358242
----------Number of Acceptable Subnets found: 100 -----------
----------END FOR GENE 39 -----------
