File open successful. It contains: 
Finished reading file, will close now.
File x_dt open successful.
Finished reading file x_dt, will close now.
File sd_d open successful.
Finished reading file sd_d, will close now.
--------START FOR GENE 46 -----------
 Values arranged as error, n_ka, gene ids for ka, n_kd, gene ids for kd,
 r0, d, ea, ka_values, kd_values for each subnet. 
##################### ACCEPTABLE SUBNET NUMBER: 1  #########################
           2.39414
 4
31
 6
22
42
 1
34
         -0.995625
          -2.37026
          0.319866
         -0.539123
          0.714242
         -0.472148
         0.0601289
          0.950075
##################### ACCEPTABLE SUBNET NUMBER: 2  #########################
           2.60883
 4
18
16
26
20
 3
21
47
34
         -0.123371
        -0.0870897
          0.175431
           1.32165
          0.235376
          -1.91323
          -0.83391
          0.866324
          -1.35124
           -1.8162
##################### ACCEPTABLE SUBNET NUMBER: 3  #########################
           2.90389
 4
26
10
43
 1
 2
11
21
          0.166822
          0.229434
         -0.360093
          0.962807
         -0.312274
         -0.661988
          -1.15825
          -0.97649
         -0.109708
##################### ACCEPTABLE SUBNET NUMBER: 4  #########################
           2.52122
 9
10
24
30
26
14
31
 1
 7
18
 3
13
 5
41
           1.93515
           1.98287
          0.661717
          0.178464
         0.0716655
         -0.518689
         -0.713452
         -0.969251
          0.579084
           1.18678
         -0.247098
          -0.48798
          0.871751
          0.596868
          -1.36128
##################### ACCEPTABLE SUBNET NUMBER: 5  #########################
           2.98596
 8
 7
37
33
42
45
44
15
23
 0
          0.338938
          0.372994
           -0.3161
          0.717448
         -0.844509
          0.184653
          0.204494
         -0.460918
         -0.483527
         -0.854233
          -0.80671
##################### ACCEPTABLE SUBNET NUMBER: 6  #########################
           2.84529
 3
 1
26
 9
 2
36
41
           1.19623
           1.26338
          0.533014
          -1.23627
           1.74711
         -0.792621
          0.866632
         -0.445009
##################### ACCEPTABLE SUBNET NUMBER: 7  #########################
          0.987804
 6
 1
39
 9
 4
44
26
 4
50
21
 5
34
           1.17967
           1.09857
          0.716122
           1.18926
          0.793636
          0.397474
          -1.49266
         -0.838726
          0.182008
          0.855926
           1.09837
          -1.10376
          0.123704
##################### ACCEPTABLE SUBNET NUMBER: 8  #########################
           2.57331
 2
42
 1
 1
36
           1.67664
           1.69738
          0.899795
          0.342785
           1.12974
          0.984244
##################### ACCEPTABLE SUBNET NUMBER: 9  #########################
           2.50047
11
32
 7
26
20
30
 4
39
 3
 8
24
31
 2
48
 2
          0.924051
          0.932675
          0.777995
          0.174009
         -0.244381
          0.615198
          -1.77392
          -3.11625
          -1.11781
          -1.58502
         -0.485608
         -0.996156
          -3.01633
         -0.369082
         -0.263263
           1.36323
##################### ACCEPTABLE SUBNET NUMBER: 10  #########################
           2.45375
11
26
18
30
31
20
32
10
 3
 9
12
 7
 1
36
          0.115178
          0.157602
         -0.321207
          0.364832
          0.738463
         0.0877253
          -1.61465
          -0.60373
          -1.15476
          -1.05214
            -1.543
          -2.98496
         -0.806454
          -0.52915
          0.147902
##################### ACCEPTABLE SUBNET NUMBER: 11  #########################
           2.50916
 5
26
35
15
16
14
 1
28
          0.526082
          0.591863
          0.161373
           1.71017
          -1.03515
         -0.818913
         -0.200301
         -0.856024
            1.0578
##################### ACCEPTABLE SUBNET NUMBER: 12  #########################
           1.46476
 7
22
18
35
31
30
 6
15
 3
 2
47
25
          0.705173
          0.653066
          0.473444
         -0.377744
          0.183993
         -0.708832
         -0.596222
         0.0571286
          -1.33218
         -0.442824
           1.07685
         -0.627211
          0.345009
##################### ACCEPTABLE SUBNET NUMBER: 13  #########################
           1.16672
14
22
23
30
44
10
 6
39
 9
24
37
18
35
 3
33
 5
28
 2
27
41
29
           1.22354
          0.896081
          0.856591
          0.769198
          0.792392
          0.762772
           0.58727
          0.696112
         -0.923649
         -0.720508
          0.130537
          0.113262
          0.667143
         -0.410413
          0.626226
         -0.191255
         -0.740556
           1.34145
          0.296346
          -2.84794
         -0.018675
           -1.5202
##################### ACCEPTABLE SUBNET NUMBER: 14  #########################
           2.72476
 8
33
18
10
 8
23
44
15
 1
 0
          0.218834
          0.259095
         -0.204832
          0.363089
          0.562991
          -0.26887
         -0.216163
          -1.03195
         -0.578142
         -0.716298
          -1.10779
##################### ACCEPTABLE SUBNET NUMBER: 15  #########################
           2.65469
 6
 3
19
22
 4
18
33
 4
 2
50
49
48
         -0.594972
         -0.822258
         0.0299162
          0.203121
           -1.1966
         -0.112063
        -0.0335661
         -0.805143
         -0.805143
          0.585385
         -0.408495
         -0.491746
         -0.485528
##################### ACCEPTABLE SUBNET NUMBER: 16  #########################
           2.82328
 4
 7
32
30
 1
 3
28
 2
21
          0.452548
          0.491444
         -0.631091
          0.720731
          0.212705
          0.353225
         -0.742893
         -0.499758
          -1.77584
         -0.532964
##################### ACCEPTABLE SUBNET NUMBER: 17  #########################
           2.55302
 3
18
14
 9
 2
 2
21
          0.703357
          0.697619
          0.353607
          -1.70957
         -0.904154
         -0.451079
          0.922801
         -0.474474
##################### ACCEPTABLE SUBNET NUMBER: 18  #########################
            2.9599
 3
 6
42
39
 0
         -0.743062
          -1.07779
          -0.47885
          0.184166
          -1.31003
         0.0113439
##################### ACCEPTABLE SUBNET NUMBER: 19  #########################
           1.92567
15
 8
30
19
39
31
23
 1
22
38
 7
10
14
 9
44
35
 4
13
21
49
 5
           1.68048
            1.7309
            1.0604
          0.870615
         -0.478655
         -0.324272
          0.956359
          0.783056
         0.0276594
           1.87371
          -1.77841
         -0.160765
           1.76834
         -0.679498
          0.282918
         -0.114467
         -0.234913
          -2.72863
           1.55726
         -0.199833
          0.441281
          0.834562
##################### ACCEPTABLE SUBNET NUMBER: 20  #########################
           2.94375
 7
30
 7
 9
44
35
19
45
 2
28
27
           1.40701
           1.46424
            1.2676
           1.85816
          -1.07866
          0.419174
         -0.464444
         -0.185992
         -0.298376
         -0.660588
          0.582555
           1.49193
##################### ACCEPTABLE SUBNET NUMBER: 21  #########################
           1.52659
 7
 7
35
 1
26
10
32
 9
 3
21
13
 2
          0.367175
          0.403116
           0.42001
           1.34157
          -0.16891
           1.17908
          0.564526
          0.373543
        -0.0193647
          -1.66262
          0.911458
          0.789727
          0.689803
##################### ACCEPTABLE SUBNET NUMBER: 22  #########################
           2.34171
 6
33
 1
12
18
44
35
 1
36
          0.531227
          0.571485
         -0.536434
          0.626245
          0.841432
         -0.223338
         -0.282198
          0.255593
          -1.01176
            0.5396
##################### ACCEPTABLE SUBNET NUMBER: 23  #########################
           1.11814
10
 6
12
24
22
18
32
16
 7
31
 3
 5
28
21
48
 5
47
          0.942749
          0.633703
          0.234181
         -0.295285
         -0.145641
          0.206596
          0.202129
          0.124437
         -0.115762
          -1.62127
        -0.0727079
          -1.67521
          0.153783
          0.707772
          -1.01448
         -0.207335
          -1.02543
           -1.8485
##################### ACCEPTABLE SUBNET NUMBER: 24  #########################
           2.61962
 4
18
16
15
17
 0
         -0.250596
         -0.217484
         -0.836928
          0.670238
          0.236772
          -1.33617
          -1.32462
##################### ACCEPTABLE SUBNET NUMBER: 25  #########################
            2.9691
 8
35
 8
37
38
12
30
22
 3
 2
36
34
           1.99679
           1.95296
          0.215871
         -0.323277
          0.292144
          0.193656
         -0.389354
         -0.320325
          0.162256
          -1.06106
           -0.9858
          0.320011
         -0.152431
##################### ACCEPTABLE SUBNET NUMBER: 26  #########################
            2.4053
11
19
14
 6
 1
24
26
16
42
31
32
18
 4
27
48
 5
47
          0.563257
          0.600044
          0.730561
           0.31947
         -0.243972
         -0.353582
           1.15545
          -0.74771
         -0.283963
         -0.553919
          -1.02252
         -0.225146
          -1.31013
          -0.49524
          0.873468
          0.333581
          0.156341
          -1.67796
##################### ACCEPTABLE SUBNET NUMBER: 27  #########################
           2.93969
 1
16
 1
28
          0.477334
          0.534168
         -0.277955
          0.986365
          0.326024
##################### ACCEPTABLE SUBNET NUMBER: 28  #########################
           2.25317
 9
23
37
 8
32
22
 1
10
26
15
 3
36
 5
47
            1.4973
           1.51571
           0.76912
         -0.831111
         -0.565482
          -1.77557
          0.483242
         -0.152373
           1.08461
         -0.204783
          0.486106
         -0.113256
          0.868458
          -1.47614
          -1.33377
##################### ACCEPTABLE SUBNET NUMBER: 29  #########################
           2.51009
 6
26
38
23
20
18
 8
 1
28
          0.767329
          0.833807
         -0.667983
            1.4617
         -0.772889
         -0.835003
         -0.511209
          -0.99944
         -0.742396
          0.820227
##################### ACCEPTABLE SUBNET NUMBER: 30  #########################
           1.72393
 9
30
17
44
31
35
45
42
18
39
 5
 2
21
27
47
36
          0.122939
          0.119789
        -0.0160046
          0.777916
          -1.58603
         -0.701613
          0.159899
        -0.0339405
         -0.966187
         -0.804983
         0.0178785
         -0.974563
           0.82317
          0.539828
         -0.317286
            -1.736
          -1.48324
##################### ACCEPTABLE SUBNET NUMBER: 31  #########################
            2.5071
10
 8
42
12
31
 6
44
22
26
17
38
 3
28
49
21
          0.119927
        -0.0604126
          0.128313
          0.260571
          -1.64034
         -0.255348
          -1.61666
         -0.411566
          0.119737
          -1.55368
         -0.816979
          -2.87677
          -1.74361
          0.474787
         0.0916163
         -0.465739
##################### ACCEPTABLE SUBNET NUMBER: 32  #########################
           1.35673
15
30
31
 1
12
 6
35
 7
18
 4
19
22
17
 9
33
39
 2
28
48
          0.696485
          0.452015
          0.645933
          0.231257
          0.644009
         -0.874177
          -1.91682
         -0.131533
          0.409756
          0.360466
           -1.0702
         -0.923882
         -0.493922
          -1.12544
         -0.132113
         -0.194707
         -0.815452
          -2.60498
           1.08202
          0.531741
##################### ACCEPTABLE SUBNET NUMBER: 33  #########################
           2.29218
 2
 6
42
 3
36
13
 2
             1.922
           1.47684
        -0.0655673
        -0.0342831
         -0.713104
          0.139478
         -0.797249
         0.0314381
##################### ACCEPTABLE SUBNET NUMBER: 34  #########################
           1.71508
 2
30
 3
 1
28
          0.591548
          0.171195
         0.0346467
         -0.270909
         0.0609446
          0.508216
##################### ACCEPTABLE SUBNET NUMBER: 35  #########################
           2.83818
 3
26
17
35
 1
36
          0.158993
          0.222134
         -0.347987
           1.07265
           -1.4554
         -0.349818
          0.100181
##################### ACCEPTABLE SUBNET NUMBER: 36  #########################
           1.55271
22
19
18
20
17
42
 4
 1
14
35
30
 9
38
45
15
39
44
32
22
10
12
31
33
 6
28
50
36
34
47
48
           1.72455
           1.57306
            1.3867
         -0.688625
            0.1372
          0.691138
          0.150046
         -0.292753
           -0.1998
           1.02332
         -0.309213
            1.1557
          0.639638
          -1.70415
          -1.42283
         -0.767244
           1.29211
         -0.691699
          -1.20216
          0.160505
          -1.49616
          -1.26207
           1.19752
         -0.189487
          0.872868
           1.77574
          -1.17566
          -1.17238
         -0.113715
         -0.109006
          0.450216
##################### ACCEPTABLE SUBNET NUMBER: 37  #########################
           2.38065
 1
 3
 1
 2
         -0.189629
         -0.729602
         -0.107019
        -0.0440401
          0.520502
##################### ACCEPTABLE SUBNET NUMBER: 38  #########################
           2.93236
 6
26
31
 4
15
35
 7
 2
21
47
          0.805694
          0.871046
          -0.33012
           1.00295
         -0.539308
          -1.64465
          -1.20264
          -2.33116
         -0.793052
          0.208426
          -1.57744
##################### ACCEPTABLE SUBNET NUMBER: 39  #########################
           2.82146
 7
45
 8
26
 6
16
23
19
 5
27
 2
36
48
41
          0.746859
          0.813412
          0.246845
          -1.33006
         -0.161784
           1.75177
         -0.738873
         -0.949522
         -0.576381
          -1.19051
          0.853764
          0.310348
         -0.342463
         -0.963537
         -0.912375
##################### ACCEPTABLE SUBNET NUMBER: 40  #########################
           2.82621
12
33
 8
42
12
30
43
18
20
19
32
 3
23
 3
28
36
48
          0.598599
          0.664102
      -0.000553221
           1.07348
         -0.676843
         -0.260447
          -1.28897
           0.78634
         -0.161729
         -0.351458
          -1.03567
         -0.662402
         0.0156677
         -0.917734
          -1.33064
          0.726261
         -0.856287
          -1.34951
##################### ACCEPTABLE SUBNET NUMBER: 41  #########################
           2.08507
 3
19
42
14
 4
28
27
48
41
           1.95158
           1.88487
           1.34091
         -0.165394
          -2.82522
          0.838763
           1.63848
         0.0868362
           1.09089
         -0.319942
##################### ACCEPTABLE SUBNET NUMBER: 42  #########################
           2.71227
10
18
42
26
 7
 8
14
 9
 6
19
23
 1
36
         -0.190278
         -0.162174
        -0.0850659
          0.678855
          0.270495
          -1.00647
          -1.11854
          -1.15777
          -1.24604
         -0.588303
         -0.208429
          -2.10782
         -0.789546
         0.0721264
##################### ACCEPTABLE SUBNET NUMBER: 43  #########################
           2.10446
12
10
 3
 4
44
42
35
22
 6
 7
39
33
 1
 1
 2
           1.08082
           1.13013
          0.703666
           1.53568
          0.536321
          0.806865
          -1.25832
           1.07385
        -0.0702987
          0.529581
        -0.0327579
            0.1573
         -0.581399
          -1.13095
          0.518874
           1.52756
##################### ACCEPTABLE SUBNET NUMBER: 44  #########################
            2.3399
 5
30
 1
17
44
 7
 5
13
48
 5
36
11
          0.257623
          0.279227
          0.161002
          0.817502
          0.868302
          -1.52764
         -0.467427
        -0.0479099
          0.502311
         -0.377564
         -0.119447
           0.46467
         -0.547504
##################### ACCEPTABLE SUBNET NUMBER: 45  #########################
           2.94314
15
31
18
45
35
 4
39
16
24
20
30
26
10
12
14
23
 7
11
34
21
27
28
49
41
           1.32404
           1.38253
            1.2304
          0.947788
           1.91276
         0.0626383
         -0.765888
          -1.73124
         -0.219841
          0.283904
          -0.44664
         -0.650931
         -0.561159
         0.0671899
           2.06811
          -1.26123
         -0.111963
         -0.499016
           1.38959
          0.279615
          -1.19886
          0.104022
           0.38923
           0.23192
          0.250374
##################### ACCEPTABLE SUBNET NUMBER: 46  #########################
           2.95162
 5
26
 1
 7
15
45
 1
49
           1.19442
           1.26161
          0.130713
           1.51266
         -0.854232
         -0.935648
          -1.72421
        0.00513934
          0.592037
##################### ACCEPTABLE SUBNET NUMBER: 47  #########################
            2.1577
 8
35
30
24
22
33
42
 4
38
 3
28
41
 5
           1.82568
           1.77747
           1.76693
          -1.03139
            1.6223
          0.492615
         -0.189927
          -1.11281
        -0.0587927
          -1.31057
         -0.363306
           2.06288
          -0.76398
          0.975995
##################### ACCEPTABLE SUBNET NUMBER: 48  #########################
           2.10944
 2
39
30
 4
49
48
 2
13
         0.0426994
          0.055557
        -0.0369695
          0.272363
          0.897707
          0.351104
         -0.748963
          0.977204
         -0.750184
##################### ACCEPTABLE SUBNET NUMBER: 49  #########################
           1.87523
 4
16
37
10
12
 2
28
48
           1.15308
           1.04761
           1.36449
           0.82927
           1.23456
           0.29507
           0.18828
           1.69771
           1.18206
##################### ACCEPTABLE SUBNET NUMBER: 50  #########################
           2.99404
17
26
 3
22
12
39
19
10
15
42
16
 8
30
44
23
31
14
 9
 5
48
41
34
28
29
           1.89169
           1.95396
          0.984291
           -1.1408
          -1.06553
         -0.668651
         -0.287889
           1.56872
          0.106758
          0.031096
           0.13275
           1.23912
          -1.64675
          0.329134
         -0.153383
        -0.0658561
          0.194744
         -0.854295
          -1.66422
         -0.189466
           1.02537
         -0.362438
        -0.0683007
           1.43124
         0.0624377
##################### ACCEPTABLE SUBNET NUMBER: 51  #########################
           1.13955
 8
31
19
33
 7
15
12
 3
 6
 4
48
 2
28
34
           1.08639
          0.848903
          0.480921
         0.0820498
          0.454194
          -1.42443
         -0.464223
           0.12964
         -0.380434
         -0.420868
          -1.73171
          0.361331
           1.15573
          0.830277
          -1.12562
##################### ACCEPTABLE SUBNET NUMBER: 52  #########################
           2.28569
 6
 1
30
31
44
 9
26
 4
27
28
25
36
           1.25964
           1.27768
          0.814833
           1.11837
         -0.433901
         -0.304311
          -1.15193
          -2.00657
           -1.5555
          0.513767
         -0.530034
         -0.413059
          0.902791
##################### ACCEPTABLE SUBNET NUMBER: 53  #########################
           1.16803
 5
 9
22
39
16
44
 3
28
48
47
           0.87639
          0.453342
          0.103574
         -0.332399
          0.120615
         -0.496703
          -1.07278
         -0.842597
          0.589278
         0.0142693
         -0.338287
##################### ACCEPTABLE SUBNET NUMBER: 54  #########################
           2.74144
 6
15
 1
 3
18
12
38
 3
27
 2
11
         -0.525762
         -0.732287
          0.059483
          0.320279
         -0.297415
         -0.272779
          -0.42989
         -0.964233
         -0.150757
         0.0341951
           0.72366
         -0.946918
##################### ACCEPTABLE SUBNET NUMBER: 55  #########################
           1.81768
 5
 1
12
 7
39
10
 3
28
27
49
          0.492518
          0.531022
         -0.166754
          0.512309
          -0.36573
          0.793649
          0.306636
          0.469102
          0.448967
         -0.692848
         -0.134848
##################### ACCEPTABLE SUBNET NUMBER: 56  #########################
           2.85526
 7
26
39
18
 7
16
19
23
 3
36
 2
27
          0.811115
          0.877879
        -0.0800264
           1.08689
         -0.410469
          0.614805
         -0.516368
         -0.844203
          -1.43602
          -1.28641
          0.217198
          -1.89044
          -2.69186
##################### ACCEPTABLE SUBNET NUMBER: 57  #########################
           2.92817
 8
 6
 7
16
 1
26
30
32
23
 1
49
          0.339941
          0.168308
          0.066256
          0.231146
         -0.802118
         0.0584962
         -0.511605
        -0.0939473
         -0.435259
         -0.661375
          -2.36725
          0.207746
##################### ACCEPTABLE SUBNET NUMBER: 58  #########################
           2.87149
 4
30
35
38
32
 2
36
13
          0.606806
          0.666009
       -0.00200398
           1.40517
          0.163884
          0.247557
           1.16464
           1.02501
          0.522593
##################### ACCEPTABLE SUBNET NUMBER: 59  #########################
           2.75074
 6
18
39
31
26
 7
15
 6
13
27
49
48
21
41
          0.635881
           0.69212
          0.186225
          0.979883
         -0.275097
          -1.44543
         0.0806616
         -0.164849
         -0.472634
          0.369714
          0.357011
         -0.995091
          -1.17583
          -1.48721
          -1.52791
##################### ACCEPTABLE SUBNET NUMBER: 60  #########################
            1.2038
 4
 8
23
45
18
 4
28
 5
48
47
          0.505064
          0.205197
          0.165746
          0.138023
          0.233035
          -1.04821
          0.206764
          0.640494
          -1.66451
         -0.400241
         -0.889685
##################### ACCEPTABLE SUBNET NUMBER: 61  #########################
           2.80829
 3
 7
18
32
 1
50
        -0.0690653
          -0.02617
          -1.17937
            1.0356
          0.938667
         -0.211677
          0.345815
##################### ACCEPTABLE SUBNET NUMBER: 62  #########################
            2.4678
 2
23
15
 1
 2
          0.200984
          0.221062
          0.484417
          -1.27704
          -0.38021
           1.00539
##################### ACCEPTABLE SUBNET NUMBER: 63  #########################
            2.6143
 7
32
 1
37
39
10
15
31
 0
           1.57884
           1.62644
         -0.444464
          0.348647
          0.311142
         -0.588426
          -1.43062
          0.501868
          -1.59361
          -1.30335
##################### ACCEPTABLE SUBNET NUMBER: 64  #########################
           1.94775
 3
38
15
10
 4
 2
48
21
28
          0.651715
          0.598665
          0.368508
         -0.492013
          -1.10008
        -0.0737523
          0.962262
          0.221809
          -1.10008
          -1.04156
##################### ACCEPTABLE SUBNET NUMBER: 65  #########################
           2.81277
 9
24
45
 3
15
16
 6
39
 1
10
 2
36
25
           1.92299
           1.66582
         0.0236003
          0.152607
          -1.12967
         -0.150378
       -0.00359739
         -0.421976
         -0.278116
          -2.52891
         -0.376007
          -1.31901
          0.228203
          -0.54641
##################### ACCEPTABLE SUBNET NUMBER: 66  #########################
           2.66395
 0
 1
28
          0.774792
          0.424035
        -0.0123886
          0.331014
##################### ACCEPTABLE SUBNET NUMBER: 67  #########################
             2.042
 3
18
26
39
 4
 2
48
27
11
          0.896615
          0.954087
          0.227791
           1.36782
           1.02936
        -0.0619095
           1.43313
          0.464398
          -1.32992
          -1.15105
##################### ACCEPTABLE SUBNET NUMBER: 68  #########################
           2.37219
 6
38
12
 1
35
18
 7
 2
28
 2
           1.15575
           1.11384
           1.45689
          0.981184
         -0.124139
         -0.279542
         -0.920431
        -0.0462823
          -1.21699
             1.741
          0.470788
##################### ACCEPTABLE SUBNET NUMBER: 69  #########################
           2.07315
 5
26
 9
32
 1
 3
 3
36
49
48
           1.03786
           1.07264
        -0.0511117
          0.878681
          -1.29124
          -1.34531
           0.77667
         -0.443701
           0.36185
         0.0322529
           0.64918
##################### ACCEPTABLE SUBNET NUMBER: 70  #########################
           1.91824
 5
30
39
18
 1
 8
 2
21
28
           0.59464
          0.594985
         0.0872702
          0.853114
          0.369536
          -2.07663
          0.307883
          0.120093
          0.650494
          0.619082
##################### ACCEPTABLE SUBNET NUMBER: 71  #########################
           2.15688
 4
42
 7
31
37
 1
28
          0.937603
          0.980137
         -0.013515
          0.461584
          0.897088
         -0.227975
          -1.57531
          0.542969
##################### ACCEPTABLE SUBNET NUMBER: 72  #########################
           1.53314
11
31
 6
23
33
 3
22
42
26
18
17
 1
 2
28
36
          0.810088
          0.650715
          0.706051
          0.635036
          0.661084
          0.283638
          0.496829
         -0.034084
         -0.484773
          0.123546
         -0.398863
          0.476424
          0.537795
        -0.0899263
           1.11307
         -0.422731
##################### ACCEPTABLE SUBNET NUMBER: 73  #########################
           2.47949
12
18
33
20
32
 3
 1
12
23
42
30
14
45
 4
27
21
36
11
           1.86345
             1.904
           1.33993
          0.706365
          0.655774
         -0.464272
         -0.736066
        -0.0802224
           1.74661
          0.294051
          0.160163
         -0.652362
          0.648132
          -0.14365
           -1.7365
           1.49102
          0.530729
         0.0177153
          -1.35207
##################### ACCEPTABLE SUBNET NUMBER: 74  #########################
           2.30261
10
39
26
18
15
 6
 3
19
24
42
32
 3
28
48
36
          0.609029
          0.658969
         -0.474981
         -0.231883
          0.430289
          0.728489
          -1.91789
         -0.967722
          -1.25825
          -1.24499
         -0.203562
         -0.950265
         -0.867784
          0.434863
        -0.0457917
          -1.00605
##################### ACCEPTABLE SUBNET NUMBER: 75  #########################
            2.4353
 7
 1
22
39
30
 8
26
10
 2
27
28
          0.626879
          0.677462
           0.27549
          0.998599
          0.201064
          0.680933
         -0.945074
          -0.55378
           -1.7035
          -1.44396
          0.690458
       -0.00355403
##################### ACCEPTABLE SUBNET NUMBER: 76  #########################
           2.52199
 6
33
 6
38
37
44
42
 3
36
 2
41
         -0.621115
          -1.07622
         -0.340543
       -0.00772905
          0.110333
         -0.670938
         -0.595802
          -1.57343
           -1.5891
          -0.56429
         -0.297483
          -1.58978
##################### ACCEPTABLE SUBNET NUMBER: 77  #########################
           2.13654
 7
10
26
12
32
14
15
18
 1
 2
          0.966353
           1.03205
           -1.5125
        0.00889323
           1.15679
         -0.127103
        -0.0870823
          -1.43487
          -1.16422
          0.857787
          0.966088
##################### ACCEPTABLE SUBNET NUMBER: 78  #########################
           2.23006
 6
 1
32
18
17
 9
31
 4
27
48
50
36
          0.277433
          0.312099
         -0.340818
          0.745456
          0.472242
          -1.45063
          -1.07038
          -1.24772
         0.0641479
          0.404771
          0.203413
         -0.875295
          -1.97452
##################### ACCEPTABLE SUBNET NUMBER: 79  #########################
           1.78605
 7
16
18
15
35
37
 7
 8
 2
28
29
          0.508014
         -0.940098
         -0.388286
         -0.983806
         -0.283608
         -0.259784
          -1.66519
          -1.66016
         -0.619446
         -0.748419
           0.28985
         -0.682351
##################### ACCEPTABLE SUBNET NUMBER: 80  #########################
            2.8159
 3
26
22
 6
 5
27
29
49
11
41
          0.976526
            1.0433
          -2.34345
           2.31865
           0.28163
          -1.22691
           1.42549
          0.439316
        -0.0462359
         -0.298757
         -0.200759
##################### ACCEPTABLE SUBNET NUMBER: 81  #########################
            2.6163
 2
18
14
 3
13
28
21
         0.0651151
          0.115085
       -0.00361359
           1.00719
         -0.546069
           0.40404
         -0.677614
         -0.016759
##################### ACCEPTABLE SUBNET NUMBER: 82  #########################
           2.65223
 9
 7
22
12
42
32
19
38
33
26
 1
29
          0.679198
          0.718644
         -0.875888
          0.711127
         -0.838846
          -1.21384
          0.260128
         0.0346735
          -1.07341
          -1.08186
          -1.40047
          -1.66146
        -0.0883192
##################### ACCEPTABLE SUBNET NUMBER: 83  #########################
           2.94325
 4
26
32
 6
 7
 0
           1.94046
           2.00734
         -0.656839
          0.914106
         -0.716667
          -3.12742
         0.0583889
##################### ACCEPTABLE SUBNET NUMBER: 84  #########################
           2.78726
 5
16
30
12
26
24
 2
 2
29
         -0.284869
         -0.226904
         -0.246008
          0.202782
        -0.0409821
          0.046842
           1.30146
         -0.188529
          0.704004
          -0.51633
##################### ACCEPTABLE SUBNET NUMBER: 85  #########################
           2.91718
 6
24
26
23
31
30
 7
 0
          0.318711
           0.38328
         -0.328456
          -1.37002
          0.941052
          -1.40343
           -1.9904
          -1.99931
          0.184454
##################### ACCEPTABLE SUBNET NUMBER: 86  #########################
           2.43248
 3
45
38
39
 2
28
 2
          0.765618
          0.730901
          0.898602
          0.407172
          0.211956
         -0.886383
           1.17474
          -1.30083
##################### ACCEPTABLE SUBNET NUMBER: 87  #########################
           2.95773
 4
26
35
15
32
 0
          0.563303
          0.629416
         -0.217375
          0.924541
          -1.76257
           -1.7945
         -0.967172
##################### ACCEPTABLE SUBNET NUMBER: 88  #########################
           2.15571
 7
26
42
 7
33
30
 6
16
 1
 2
          0.815561
           0.88139
          -1.06173
           1.33379
         -0.371713
         -0.547582
          -1.03053
          0.443533
            0.2382
           -0.2366
           1.03034
##################### ACCEPTABLE SUBNET NUMBER: 89  #########################
           2.82324
 2
26
24
 5
36
27
28
29
48
           1.41567
           1.48169
          0.482745
           1.96523
           -0.4408
           1.08247
          -1.15448
         -0.937854
         -0.987724
         -0.436058
##################### ACCEPTABLE SUBNET NUMBER: 90  #########################
           2.59452
 5
31
18
30
22
 9
 1
28
          0.513836
          0.489894
          0.728313
         -0.179613
         -0.946965
          0.128382
         -0.655975
          0.169025
          0.990037
##################### ACCEPTABLE SUBNET NUMBER: 91  #########################
           2.07009
 9
26
18
31
32
20
 7
38
 6
 8
 2
 2
21
           1.87093
           1.93461
          0.643452
           1.37183
           1.57507
          0.659901
          0.332622
          0.835962
          0.371678
         0.0545683
          -1.73051
          -1.25162
           1.66391
          0.763523
##################### ACCEPTABLE SUBNET NUMBER: 92  #########################
           2.48795
 4
 7
 6
42
15
 1
36
          0.408642
          0.443755
          -1.25589
           1.02547
          0.641248
          0.579148
         -0.736155
           0.54109
##################### ACCEPTABLE SUBNET NUMBER: 93  #########################
           2.69257
 5
10
 1
16
45
 7
 0
          0.398543
          0.454868
         -0.493787
         -0.844505
          0.342501
          0.674125
         -0.770881
          0.402733
##################### ACCEPTABLE SUBNET NUMBER: 94  #########################
           1.88893
 6
26
32
 1
 9
31
18
 6
25
13
36
27
28
 2
          0.136708
           0.17019
         -0.221727
           1.24405
         -0.390512
           1.76349
         0.0352532
          0.714159
         -0.621572
           1.12508
           1.37677
          0.330024
          -1.81306
          -1.81438
          -0.74138
##################### ACCEPTABLE SUBNET NUMBER: 95  #########################
            2.7488
 5
10
22
30
16
20
 3
 5
 2
29
           1.85624
           1.85473
           1.92524
          0.735045
         -0.659101
          -1.76654
          -1.74032
          -2.21508
         -0.365669
           2.51716
          -1.32956
##################### ACCEPTABLE SUBNET NUMBER: 96  #########################
           1.55512
 4
10
17
 6
33
 2
48
28
           1.76417
            1.6513
          0.881433
         0.0379552
         -0.715153
          0.822676
          0.178674
          0.661896
           1.23062
##################### ACCEPTABLE SUBNET NUMBER: 97  #########################
           2.81165
 5
 6
26
32
35
39
 6
49
27
48
13
50
21
          0.448855
          0.449714
         -0.279224
          0.271251
          0.292261
          -1.46202
          -1.05375
         -0.551997
         0.0351806
         -0.559263
        -0.0660602
         0.0264211
          -1.22846
          -1.03194
##################### ACCEPTABLE SUBNET NUMBER: 98  #########################
           1.49942
 4
12
26
24
10
 3
28
11
13
          0.784136
          0.295212
         0.0498208
          0.109603
         -0.844554
         -0.828001
          -1.30451
          0.559798
          0.132991
          -1.30469
##################### ACCEPTABLE SUBNET NUMBER: 99  #########################
             2.515
 0
 2
 2
21
          0.139755
         0.0645327
          0.136859
          0.648681
          -1.23188
##################### ACCEPTABLE SUBNET NUMBER: 100  #########################
            2.0558
 5
26
 6
38
16
15
 4
13
21
34
11
            1.9299
           1.89026
         0.0807978
          0.197593
          0.533557
         -0.425949
        -0.0872067
          -1.01621
          0.429446
          0.415214
         -0.368362
         -0.670318
----------Number of Acceptable Subnets found: 100 -----------
----------END FOR GENE 46 -----------
