File open successful. It contains: 
Finished reading file, will close now.
File x_dt open successful.
Finished reading file x_dt, will close now.
File sd_d open successful.
Finished reading file sd_d, will close now.
--------START FOR GENE 16 -----------
 Values arranged as error, n_ka, gene ids for ka, n_kd, gene ids for kd,
 r0, ea, d, ka_values, kd_values for each subnet. 
##################### ACCEPTABLE SUBNET NUMBER: 1  #########################
            2.6141
 3
39
45
30
 6
26
 7
 2
17
40
27
          0.916367
         -0.756216
         -0.767391
         0.0892697
          -1.28043
          -2.60526
          0.601001
         -0.085337
          0.637742
          -0.36863
         -0.385417
          -2.60526
##################### ACCEPTABLE SUBNET NUMBER: 2  #########################
          0.524772
 6
46
45
25
14
38
 5
11
 4
41
12
34
 7
43
26
39
22
49
15
          0.479166
          0.481201
          0.384918
          0.446002
         -0.660512
          0.819184
         -0.379073
         -0.746186
         -0.933749
           0.57002
         -0.361203
          -1.00503
         -0.206206
          0.618054
          0.712954
          -1.13453
         -0.555274
          -0.57066
         -0.505926
       -0.00519676
##################### ACCEPTABLE SUBNET NUMBER: 3  #########################
          0.693679
 7
30
 1
48
 3
 2
11
14
 4
50
28
37
42
            1.2261
          0.555969
          0.466162
          0.735337
         -0.532503
          0.557374
          0.672085
         -0.835604
          -0.19103
         0.0946425
          0.934293
           1.00641
          0.939719
          0.306561
##################### ACCEPTABLE SUBNET NUMBER: 4  #########################
           1.39654
 2
48
 6
 8
45
 5
 3
26
32
34
38
31
          0.933552
          0.853383
          0.179986
          0.907926
          0.374008
          0.320404
          0.518538
          0.823536
          0.786091
         -0.952435
          0.129031
         -0.866932
         -0.492008
##################### ACCEPTABLE SUBNET NUMBER: 5  #########################
          0.658883
 8
31
 6
 1
 5
33
27
26
25
 2
15
 7
           1.55258
           1.55749
          0.852039
           1.44261
          0.438458
           1.79631
           0.62665
         -0.635396
          0.894194
          0.898197
           1.65803
           1.73828
          0.213975
##################### ACCEPTABLE SUBNET NUMBER: 6  #########################
           2.26817
 3
45
23
 1
 4
50
26
49
19
           1.62257
          0.559245
          0.295694
          0.488154
           0.55105
        -0.0895986
           0.89546
         -0.467272
         -0.646776
          0.996788
##################### ACCEPTABLE SUBNET NUMBER: 7  #########################
          0.457874
 4
48
39
37
42
 3
25
28
32
           1.52891
           1.37997
          -3.55174
          0.187884
           -1.1469
          -1.67181
          0.134858
          -1.31896
           0.49261
         -0.524344
##################### ACCEPTABLE SUBNET NUMBER: 8  #########################
          0.735752
 4
26
18
 8
14
 8
 4
35
 7
17
20
23
13
50
           1.89826
           1.88264
           1.22981
         -0.927125
           1.48609
          0.545548
          -1.60928
          0.388864
             1.136
           1.53773
          -1.56817
           1.27498
           1.30327
           1.23874
           1.04597
##################### ACCEPTABLE SUBNET NUMBER: 9  #########################
          0.616104
 5
25
41
 9
20
34
 6
31
36
11
 7
23
42
          0.429202
          0.449596
         -0.054348
          0.899074
          0.373943
          0.423652
          0.102954
           0.11669
       -0.00345657
          0.491208
          0.566979
          0.642163
           0.65276
          0.341623
##################### ACCEPTABLE SUBNET NUMBER: 10  #########################
            2.4805
 5
15
31
21
 3
29
 4
17
 6
35
 1
         0.0199232
         -0.822225
         -0.412951
          -1.54828
         0.0509654
         -0.713213
         -0.756009
          -1.38478
          0.349358
          -2.01309
         -0.763874
         -0.760064
##################### ACCEPTABLE SUBNET NUMBER: 11  #########################
          0.606453
 2
30
14
 2
41
 1
          0.600554
         -0.925866
         -0.837684
         -0.074789
         -0.725738
         0.0618335
         -0.874441
##################### ACCEPTABLE SUBNET NUMBER: 12  #########################
          0.719212
 4
13
11
45
23
 9
29
 7
25
 1
31
37
50
32
 2
            1.4496
           1.30361
           0.28371
         -0.430022
          0.202883
          0.600528
          -1.17052
          0.776366
          0.606932
        -0.0731852
         -0.183253
          0.461345
         -0.673553
          -1.81048
          -1.31536
          -1.31512
##################### ACCEPTABLE SUBNET NUMBER: 13  #########################
           2.38854
14
30
45
18
27
11
34
40
37
29
36
 8
50
46
31
 7
44
 3
 5
32
25
38
43
           1.36924
           1.12393
          0.632448
           1.35737
           1.21876
         0.0960434
          0.341765
           1.31286
          -0.13742
           1.07406
        -0.0505413
          0.511655
         -0.368889
         -0.434999
         -0.670877
          0.418591
         -0.840344
           1.32002
            1.5719
         -0.390325
           1.09482
         -0.153536
         -0.561882
          0.704856
##################### ACCEPTABLE SUBNET NUMBER: 14  #########################
          0.612316
 2
44
46
 9
13
40
41
 7
37
32
 5
21
10
           1.81591
           1.82297
            1.3645
          0.172169
         -0.336376
           1.50575
         -0.947426
          0.312006
           1.41406
         -0.964709
         -0.622349
          -1.12742
        -0.0518272
           1.63667
##################### ACCEPTABLE SUBNET NUMBER: 15  #########################
          0.591407
 5
24
 8
30
33
31
 2
15
 7
          0.977271
          0.525734
          0.074477
          0.274173
          0.925892
          0.598936
          0.325294
         0.0295662
            1.0148
          0.687249
##################### ACCEPTABLE SUBNET NUMBER: 16  #########################
           1.71586
 2
48
 1
 3
13
44
28
           1.22257
           1.14016
         -0.889834
           0.16559
          -1.36042
         0.0263357
          -0.34963
         -0.768009
##################### ACCEPTABLE SUBNET NUMBER: 17  #########################
           2.97294
 4
26
37
25
 6
 6
38
11
10
40
 2
36
           1.81841
           1.71444
           1.22126
         -0.534428
         -0.195689
          0.513077
          -0.62766
          0.832809
           1.33636
           1.58367
         -0.144988
           1.39727
          0.274095
##################### ACCEPTABLE SUBNET NUMBER: 18  #########################
          0.280862
 5
36
 6
31
24
21
 4
 2
30
34
29
         0.0246912
         -0.845427
         -0.476821
          0.446723
          0.277858
         -0.144699
         -0.227852
           0.55753
           1.29853
          -1.96749
        -0.0611519
         -0.906527
##################### ACCEPTABLE SUBNET NUMBER: 19  #########################
          0.423766
 1
42
 3
13
49
10
           1.01012
          0.991042
          0.804928
         -0.329144
          0.940712
         -0.908771
            1.1242
##################### ACCEPTABLE SUBNET NUMBER: 20  #########################
          0.880663
 4
15
25
34
18
 1
37
           1.07734
           1.07951
          0.405335
          0.578731
          0.844043
         -0.532511
          -1.09452
          0.785497
##################### ACCEPTABLE SUBNET NUMBER: 21  #########################
          0.667436
 3
40
49
48
 4
33
29
 4
32
          0.821871
          0.680968
        -0.0374953
          0.719295
          0.584744
          0.564146
           0.13117
          0.931676
          -1.31944
          0.506124
##################### ACCEPTABLE SUBNET NUMBER: 22  #########################
          0.734859
 4
48
24
45
27
 6
 4
23
33
47
 1
31
           1.55429
           1.31514
        -0.0626289
          0.645701
          0.506156
          0.479216
         -0.258017
          0.727351
         -0.704489
           0.65305
          0.569794
        -0.0628162
          0.430952
##################### ACCEPTABLE SUBNET NUMBER: 23  #########################
          0.559833
 6
 1
48
41
 9
33
23
 3
50
21
 2
          0.290417
         -0.312691
         -0.218492
          0.197418
        -0.0662926
          -1.58108
          -1.68042
         -0.830714
         -0.208254
          -1.63586
          0.249093
          0.789698
##################### ACCEPTABLE SUBNET NUMBER: 24  #########################
           1.47761
 1
25
 8
14
34
28
23
37
18
20
48
          0.026376
         0.0202695
          0.485602
           1.41454
           1.26122
           1.04474
            1.2729
           0.53575
          0.504577
          -1.55304
         -0.782621
         -0.485082
##################### ACCEPTABLE SUBNET NUMBER: 25  #########################
          0.441396
 1
13
 4
 4
24
20
10
           1.55233
           1.55639
           1.25808
          0.792526
           1.40305
         -0.753542
         -0.518805
           1.56042
##################### ACCEPTABLE SUBNET NUMBER: 26  #########################
          0.713921
 7
38
30
27
 5
 9
37
21
 5
19
24
32
33
44
           1.19974
           1.16725
          0.192163
          0.780594
         -0.262437
           1.07715
          0.904197
          0.731862
          -1.19447
           0.89097
           1.22496
         -0.172878
          -2.83306
          0.413434
           0.25489
##################### ACCEPTABLE SUBNET NUMBER: 27  #########################
          0.655301
 1
34
 3
 4
 7
33
           1.44091
           1.41815
           0.44529
          0.598984
          0.604017
          0.773552
          0.289177
##################### ACCEPTABLE SUBNET NUMBER: 28  #########################
          0.714396
 1
 1
 8
34
40
35
17
44
32
 3
 8
           1.19728
         -0.972758
         -0.075145
          0.285024
          0.747526
          0.621956
         -0.327255
         -0.307466
         -0.504856
          0.578654
         -0.634471
         -0.637705
##################### ACCEPTABLE SUBNET NUMBER: 29  #########################
          0.772088
 4
 9
23
 1
14
 1
19
          0.465047
           0.46975
        -0.0792657
          0.809293
         -0.125734
          -1.17435
          -1.00478
          0.548277
##################### ACCEPTABLE SUBNET NUMBER: 30  #########################
          0.675538
 1
42
 2
28
37
          0.160241
         -0.016112
         -0.302398
           0.35733
          0.591976
          -1.48532
##################### ACCEPTABLE SUBNET NUMBER: 31  #########################
           1.15802
 1
42
 1
13
           0.16898
         0.0218394
         -0.955868
          0.205877
          0.143839
##################### ACCEPTABLE SUBNET NUMBER: 32  #########################
           2.77661
 7
36
13
25
 6
26
12
20
 3
28
 9
45
         -0.148457
         -0.176267
          0.323529
          0.924797
          -1.40873
            1.3736
         -0.315222
          0.838558
           0.60402
         -0.238946
           1.42983
          0.909653
         -0.740421
##################### ACCEPTABLE SUBNET NUMBER: 33  #########################
           1.01388
 8
 9
46
30
19
 7
39
34
15
 1
37
           1.67083
           1.63395
           1.35331
            1.9895
         -0.274533
         -0.496667
         -0.349871
          0.358344
         -0.436233
           1.09744
          0.239068
           1.73612
##################### ACCEPTABLE SUBNET NUMBER: 34  #########################
           1.95243
 1
42
 9
19
33
23
39
14
38
 7
41
 6
           1.76281
           1.77497
           1.38397
          -1.17801
           1.52358
          0.997519
         -0.904233
          -1.01575
          -1.26008
         -0.109615
           1.63528
          -1.30493
          -2.14804
##################### ACCEPTABLE SUBNET NUMBER: 35  #########################
          0.306024
 0
 4
22
10
14
17
          0.943143
          0.750018
         0.0965295
          0.117739
          0.453134
         -0.623065
          0.298321
##################### ACCEPTABLE SUBNET NUMBER: 36  #########################
           0.60305
 4
12
32
17
39
 2
19
33
           1.03806
          0.248254
         -0.203756
          0.164673
          -1.20477
         0.0508453
          -1.15747
          0.534149
        -0.0294802
##################### ACCEPTABLE SUBNET NUMBER: 37  #########################
            2.6651
 1
42
 0
          0.422891
         -0.649211
         -0.760815
         -0.137724
##################### ACCEPTABLE SUBNET NUMBER: 38  #########################
           2.87301
 4
 3
39
 9
49
 4
43
10
24
 4
           1.20745
          0.916292
           1.34202
         -0.782214
          -1.48141
         0.0717063
          -1.24824
           1.60547
           1.74048
        -0.0155762
          -0.81281
##################### ACCEPTABLE SUBNET NUMBER: 39  #########################
           0.72146
 4
31
28
30
21
 9
14
32
 4
48
27
44
 5
34
 2
          0.524923
         -0.723235
        -0.0838597
           1.02649
        -0.0437049
           1.13154
          -1.00274
           1.50073
           1.21903
          0.115026
         -0.182287
          0.360018
          -0.11214
          -1.75632
         -0.307507
         -0.544426
##################### ACCEPTABLE SUBNET NUMBER: 40  #########################
          0.555374
 3
 1
32
 2
 0
           0.10049
          -1.02465
         -0.555425
         0.0219967
         -0.475584
          -1.09752
##################### ACCEPTABLE SUBNET NUMBER: 41  #########################
           1.06459
 5
48
38
30
 2
25
 4
10
 5
29
37
          0.514377
          0.378079
          -1.30387
          0.106904
          -1.31496
         0.0698863
         -0.620102
        -0.0924655
          -1.01025
        -0.0397063
         -0.252516
         -0.295644
##################### ACCEPTABLE SUBNET NUMBER: 42  #########################
           1.30007
 2
42
 4
 2
37
 3
           1.94581
            1.9247
          0.212274
           1.33166
           1.10529
           1.35767
        -0.0637532
##################### ACCEPTABLE SUBNET NUMBER: 43  #########################
           1.84033
 8
 6
23
 1
31
43
11
34
49
 1
20
        -0.0415652
         -0.947144
          -1.27485
           0.14387
          -1.65575
          -1.11794
         -0.260291
          -1.51131
         0.0219369
         -0.262348
          -1.30426
          0.423521
##################### ACCEPTABLE SUBNET NUMBER: 44  #########################
          0.667902
 4
30
39
33
21
 5
14
27
34
47
26
         0.0492109
         -0.876043
         -0.248634
          0.635243
         -0.934089
          -1.59232
          -1.13448
          0.637022
         -0.974821
          0.648152
          -1.05584
          0.600587
##################### ACCEPTABLE SUBNET NUMBER: 45  #########################
           1.42918
 2
 8
 5
 7
 7
20
31
 4
37
 3
29
          0.491904
          0.147399
          0.368061
          0.648718
            0.4657
          0.780019
          0.860756
        -0.0086981
          0.675889
         -0.106576
          0.410792
          -0.36015
##################### ACCEPTABLE SUBNET NUMBER: 46  #########################
          0.707815
 3
21
 6
 1
 3
47
17
 3
          0.521246
         -0.881758
         -0.612523
        -0.0046466
          -2.47613
          -2.44279
          -2.61305
          0.318467
         -0.220723
##################### ACCEPTABLE SUBNET NUMBER: 47  #########################
            1.3692
 2
48
 9
 7
12
28
18
 7
27
11
 8
          0.626217
          0.522663
           -1.1598
          0.129709
          0.468379
          0.208532
          -0.11111
         -0.087481
          -2.09538
         -0.196917
         -0.588815
          -1.20948
##################### ACCEPTABLE SUBNET NUMBER: 48  #########################
            2.2958
 3
25
36
18
 7
34
44
10
19
15
43
22
          0.530865
          0.551509
         -0.729989
           1.21989
         -0.232404
         0.0296313
          0.835851
          0.367983
          0.157896
             1.053
          0.887135
           0.40196
         -0.305675
##################### ACCEPTABLE SUBNET NUMBER: 49  #########################
           2.15922
 2
25
30
 3
22
29
50
         0.0183313
        -0.0442732
         -0.801764
          0.265666
          0.390125
         -0.554244
          -1.16309
          0.181177
##################### ACCEPTABLE SUBNET NUMBER: 50  #########################
          0.613481
 4
 4
42
29
17
 9
20
23
30
 7
36
33
 3
10
31
            1.3607
           1.31571
           1.18166
         -0.358983
          0.462432
         -0.496115
          0.245447
           0.63907
           1.31815
          0.455372
           1.32874
         0.0765058
          -1.49039
         -0.464363
           1.47108
          -2.42295
----------Number of Acceptable Subnets found: 50 -----------
----------END FOR GENE 16 -----------
--------START FOR GENE 17 -----------
 Values arranged as error, n_ka, gene ids for ka, n_kd, gene ids for kd,
 r0, ea, d, ka_values, kd_values for each subnet. 
##################### ACCEPTABLE SUBNET NUMBER: 1  #########################
           1.30764
 9
 8
48
28
49
 2
47
27
30
46
 3
 1
15
32
          0.472673
         -0.115396
         -0.605684
          0.123403
         -0.178544
         -0.140456
          -1.30381
          -1.37801
          -2.34231
         -0.828952
          -2.33321
          -2.10538
          0.458917
          -1.05937
          -1.23531
##################### ACCEPTABLE SUBNET NUMBER: 2  #########################
           2.50912
 3
22
34
15
 2
 6
10
           0.98672
         0.0377471
         -0.346036
        -0.0996435
         -0.259522
         -0.157456
          0.336764
           0.37009
##################### ACCEPTABLE SUBNET NUMBER: 3  #########################
           1.41705
 3
20
40
49
 5
 8
38
13
48
26
           2.08661
           1.45216
         -0.304642
          0.530415
         0.0489755
          -1.01316
          0.521897
          0.455934
          0.508743
          -1.25086
         -0.715627
##################### ACCEPTABLE SUBNET NUMBER: 4  #########################
           2.41634
 3
42
22
34
 5
 7
 1
16
48
 8
           1.93394
           1.66227
           1.14829
           1.25931
          0.209668
          0.665804
           1.62845
           1.50691
           1.35669
           1.08013
         -0.421688
##################### ACCEPTABLE SUBNET NUMBER: 5  #########################
           2.76351
 7
20
50
16
10
 2
24
11
 7
40
19
 8
47
33
21
 1
          0.397215
         -0.360149
          -0.37553
          0.465643
          -1.98177
          -1.97095
         -0.205158
          0.355421
          -1.91584
          -0.52054
          0.465577
          0.682669
         -0.673439
         -0.383312
          -1.11165
          -1.97571
          -1.91491
##################### ACCEPTABLE SUBNET NUMBER: 6  #########################
          0.942978
 1
 2
 8
10
45
20
22
42
39
40
13
           1.32871
            1.0799
          -0.70358
          0.718257
          0.395852
          -0.42003
         -0.866226
         -0.568574
         -0.431453
          -0.97066
          0.105336
         -0.357662
##################### ACCEPTABLE SUBNET NUMBER: 7  #########################
           1.80585
 5
28
33
12
20
24
 9
 5
 7
30
23
 6
29
45
 8
31
           1.27754
          0.709843
         -0.534013
          0.178972
         -0.300631
         -0.679489
          -1.18925
         -0.645133
        -0.0865178
          0.167355
        -0.0302007
          -1.56552
        -0.0370962
          -1.44372
          -1.86395
           -1.2147
          -1.32585
##################### ACCEPTABLE SUBNET NUMBER: 8  #########################
          0.991663
 1
11
 1
 1
           0.79701
         -0.125703
         -0.439346
          0.170254
          0.847431
##################### ACCEPTABLE SUBNET NUMBER: 9  #########################
          0.940764
 2
 9
48
 4
39
42
22
 7
           1.08328
          0.046576
          0.150552
           1.08597
          0.805959
           1.04234
           1.24892
          0.414549
          -2.32585
##################### ACCEPTABLE SUBNET NUMBER: 10  #########################
           1.82758
 6
48
19
26
 9
 6
40
 8
46
 1
 8
30
 7
 5
10
47
          0.704751
          -0.18031
         -0.128324
         0.0323408
          -2.27247
         -0.110631
          0.317733
          -2.75347
          -1.47514
          0.422816
          -1.28825
         0.0420419
          0.597206
         -0.239717
          0.250195
          -2.76112
         -0.866233
##################### ACCEPTABLE SUBNET NUMBER: 11  #########################
           2.25387
 1
 9
 3
 3
22
27
          0.383684
          -0.49141
         -0.453293
          0.147742
          0.440508
           -1.0762
         -0.768479
##################### ACCEPTABLE SUBNET NUMBER: 12  #########################
          0.710457
 3
 2
16
41
 4
45
42
44
12
           1.59546
        -0.0717404
         -0.661714
        -0.0451131
         -0.458173
         -0.792905
         -0.918562
         0.0299431
         -0.865971
         -0.206784
##################### ACCEPTABLE SUBNET NUMBER: 13  #########################
          0.704913
 6
44
40
16
 2
25
35
 3
42
47
20
           0.43233
        -0.0677995
         -0.807719
         -0.248237
          -1.25682
         -0.138536
          0.418486
         -0.338979
          -1.70789
         -0.372164
         0.0663331
          -1.66683
##################### ACCEPTABLE SUBNET NUMBER: 14  #########################
            0.7456
 3
38
16
 2
 4
48
10
50
12
          0.575456
        -0.0690133
         -0.536363
          -0.45039
        -0.0448172
           0.31591
          0.166287
          -0.63755
         -0.718812
          -1.60968
##################### ACCEPTABLE SUBNET NUMBER: 15  #########################
           2.40686
 3
24
14
12
14
41
40
 7
46
 1
18
22
25
19
37
26
10
48
 9
           1.43176
           1.18742
          0.503244
          0.839725
         -0.631418
         -0.260496
          0.258762
        -0.0160217
          0.815207
          0.754942
          0.988925
         -0.386914
         -0.461498
         -0.690132
          0.508727
         -0.176413
         0.0242358
         -0.679585
         -0.550311
          -2.41348
##################### ACCEPTABLE SUBNET NUMBER: 16  #########################
           1.03547
 2
16
 2
 9
 6
 1
25
28
49
 5
24
42
40
       -0.00169879
         -0.280155
         -0.859307
        -0.0862612
          0.471319
         -0.720782
          -1.47051
          -1.63247
          -1.48127
          -1.44216
          -1.31118
          0.208047
         -0.707656
          -1.22976
##################### ACCEPTABLE SUBNET NUMBER: 17  #########################
           1.10113
 6
48
 8
14
44
27
19
14
32
42
 1
45
 4
40
49
 9
11
39
38
43
46
47
           1.83381
          0.983883
          0.270968
           1.32194
           1.32784
           1.31464
           0.37326
         -0.749321
         -0.876744
           1.45397
           1.70056
         -0.354517
          0.365263
          0.824115
          0.704272
          0.286291
          0.653671
         -0.707473
          0.540505
         -0.799166
         -0.331144
         -0.513163
         -0.391194
##################### ACCEPTABLE SUBNET NUMBER: 18  #########################
           1.34183
 6
38
46
12
28
16
20
 1
 6
          0.424432
         -0.261711
         -0.823205
         -0.779532
         -0.842033
          -1.12535
         0.0424784
         -0.242084
          -0.22195
          0.190841
##################### ACCEPTABLE SUBNET NUMBER: 19  #########################
           1.65507
 1
20
 6
49
22
25
37
 8
34
          0.635186
         -0.101721
         -0.391671
          0.292703
        -0.0890748
          0.386943
         0.0782099
          0.316015
         0.0399612
           -2.1377
##################### ACCEPTABLE SUBNET NUMBER: 20  #########################
           2.20578
 6
 4
25
46
24
38
 1
 4
 9
 7
42
11
           1.34842
          0.870036
          0.221511
         -0.161409
        -0.0743053
          0.178503
          -1.02181
          -1.32617
          -2.77812
          0.052137
          0.787163
          0.542804
          -1.22179
##################### ACCEPTABLE SUBNET NUMBER: 21  #########################
           1.01861
 0
 4
 7
25
 1
33
           0.80978
         -0.095601
         0.0169552
          0.718405
           0.32199
          0.688399
          -0.24991
##################### ACCEPTABLE SUBNET NUMBER: 22  #########################
           2.45015
 2
20
42
 2
 6
28
          0.816154
         -0.106674
         -0.437854
        -0.0441521
         -0.279695
          0.263925
         -0.325493
##################### ACCEPTABLE SUBNET NUMBER: 23  #########################
           1.10016
 6
33
40
37
14
43
47
 8
 7
42
 6
50
31
24
10
38
          0.372642
        -0.0175662
         -0.731884
          0.123027
          -1.02124
         -0.678566
          0.398939
          -2.48491
         -0.502053
          0.507449
          0.335291
          0.561579
          -1.03721
         -0.622427
         -0.210577
         -0.487406
         -0.924875
##################### ACCEPTABLE SUBNET NUMBER: 24  #########################
            1.8333
 3
28
 2
45
 9
10
 7
31
42
16
49
15
35
38
            1.0426
          0.271011
         -0.563442
           0.18183
          0.125884
         -0.662035
          0.319113
         -0.603166
         0.0849261
          -1.47668
          -1.14772
         -0.031106
         -0.387793
          -1.20073
         -0.410135
##################### ACCEPTABLE SUBNET NUMBER: 25  #########################
           2.54402
 2
14
19
 9
46
10
40
 8
 2
 3
47
25
31
            1.4569
          0.874331
           1.30183
           1.59282
           -1.2736
           1.40999
           1.86097
            1.6852
          0.989391
          -1.78856
          0.482176
         -0.509895
           1.37878
       -0.00869539
##################### ACCEPTABLE SUBNET NUMBER: 26  #########################
           2.65988
 5
13
11
16
40
34
 3
 6
31
23
          0.284061
         0.0210005
          -1.22511
          0.358591
         -0.657904
         -0.152499
        -0.0560514
         -0.432978
          0.548566
         -0.673652
         -0.867479
