File open successful. It contains: 
Finished reading file, will close now.
File x_dt open successful.
Finished reading file x_dt, will close now.
File sd_d open successful.
Finished reading file sd_d, will close now.
--------START FOR GENE 17 -----------
 Values arranged as error, n_ka, gene ids for ka, n_kd, gene ids for kd,
 r0, ea, d, ka_values, kd_values for each subnet. 
##################### ACCEPTABLE SUBNET NUMBER: 1  #########################
           2.63625
 5
20
33
34
19
49
12
 3
30
 6
32
 1
24
21
44
 5
48
12
 4
           0.26511
         -0.148593
         -0.481903
          0.332352
         -0.234042
          -1.46233
         -0.673891
         -0.766986
          0.299853
          0.127489
         -0.689988
         -0.944893
          -1.58754
          0.424474
          0.111398
         -0.729051
          -0.16481
          -1.02468
         -0.510402
          -1.80282
##################### ACCEPTABLE SUBNET NUMBER: 2  #########################
           1.53361
 2
28
48
 2
25
18
           1.74006
          0.119793
          -1.02404
         -0.208203
         -0.394676
         0.0808083
         0.0629503
##################### ACCEPTABLE SUBNET NUMBER: 3  #########################
           2.61642
 3
15
42
44
 8
10
48
 1
11
24
36
41
37
           1.74191
           1.53364
          0.829633
            1.1956
          0.305681
          -0.39316
           1.33858
          0.911972
           1.48322
          0.777737
          0.309346
          0.491355
         -0.850987
          -1.62637
##################### ACCEPTABLE SUBNET NUMBER: 4  #########################
           2.35464
 3
18
40
31
 5
39
 6
41
14
21
           0.74567
          0.179078
          0.218334
         -0.618641
          0.557609
         -0.452857
          0.678129
          0.839424
         -0.155828
         -0.752077
         -0.454424
##################### ACCEPTABLE SUBNET NUMBER: 5  #########################
           1.65437
 3
16
28
30
 2
25
41
          0.769739
          0.220296
          0.475211
          0.842673
          0.888487
          0.504368
           1.08289
           1.01444
##################### ACCEPTABLE SUBNET NUMBER: 6  #########################
           1.70435
 6
28
16
14
 2
 1
41
 8
38
46
 8
25
22
24
34
39
          0.225283
          -0.21749
         -0.491838
          0.328272
         0.0950742
          -1.32675
          -2.21126
          -1.11573
         -0.778141
          0.247605
          0.287662
          0.176764
         -0.622941
          -1.10339
         -0.964339
       -0.00789826
          -0.29988
##################### ACCEPTABLE SUBNET NUMBER: 7  #########################
           1.96609
 4
16
21
10
29
 3
 7
42
35
           2.23731
           1.52704
          0.273136
          0.183739
          0.348341
         -0.930974
          -1.11518
          0.859493
          0.686498
          -1.04473
##################### ACCEPTABLE SUBNET NUMBER: 8  #########################
           2.39095
11
 7
21
44
39
24
38
37
11
19
16
47
11
10
30
42
 4
25
23
31
20
41
32
 1
            1.5818
           1.28946
            1.4363
          0.568556
           1.44629
         -0.765945
          -0.72942
          0.150279
          0.329534
          0.111605
         -0.137077
        -0.0845896
         -0.836941
         -0.282163
           1.94156
          0.701731
           1.70159
         -0.425293
         -0.256646
         -0.404783
          0.847157
          0.542705
          0.894611
         0.0383988
          0.546523
##################### ACCEPTABLE SUBNET NUMBER: 9  #########################
           1.45222
 5
 2
48
39
42
21
 7
16
23
31
47
49
37
 9
          0.887027
         0.0861789
         -0.479307
          0.257523
         -0.294448
          -1.27822
          -0.79094
         -0.588735
         -0.524721
          -1.45711
          -1.46004
           -1.3017
         -0.594481
          -1.30294
          -1.57243
##################### ACCEPTABLE SUBNET NUMBER: 10  #########################
           2.13533
 3
 9
18
44
 2
39
 1
           1.63793
           1.33142
           1.16301
             1.667
          -1.03434
         -0.299642
           1.47242
           1.62294
##################### ACCEPTABLE SUBNET NUMBER: 11  #########################
            1.4032
 5
25
48
20
 4
45
 5
 9
47
26
31
18
           1.18197
          0.593409
         -0.242001
          0.189295
          0.184153
          0.538424
         -0.518721
         -0.588903
          0.817473
          0.559941
        -0.0824665
          -1.55673
         -0.240933
##################### ACCEPTABLE SUBNET NUMBER: 12  #########################
           1.08844
 2
27
50
10
 6
10
16
42
 7
30
47
25
45
 1
          0.489682
       -0.00789521
         -0.316993
           0.26418
          0.045136
          0.505928
          0.418556
         -0.134575
         0.0866654
          0.215523
         -0.800679
         -0.242916
         -0.213799
          -1.42636
          0.585079
##################### ACCEPTABLE SUBNET NUMBER: 13  #########################
           2.56423
 6
23
14
24
29
25
48
 6
28
15
11
 8
47
40
           1.53574
            1.1692
         -0.540131
         0.0151203
           0.44916
         0.0899542
          -1.16721
          -1.48814
         -0.694526
          -1.08698
          0.401069
          0.372088
         -0.861008
          -2.86602
          -1.49816
##################### ACCEPTABLE SUBNET NUMBER: 14  #########################
           0.66532
 2
 2
 1
 5
24
 7
41
30
43
            1.1069
          0.526671
         -0.306946
          0.547763
         -0.776287
         -0.232657
          0.230473
          -2.70993
         -0.147802
          0.165536
##################### ACCEPTABLE SUBNET NUMBER: 15  #########################
           1.13691
 5
 2
39
16
41
 9
 5
46
 3
 8
 6
 1
        -0.0589704
         -0.221697
         -0.687348
          0.480595
         -0.610931
        -0.0611192
         -0.589017
         -0.227289
          -1.08029
         -0.118222
         -0.463559
          -0.16316
         -0.200827
##################### ACCEPTABLE SUBNET NUMBER: 16  #########################
           1.33885
 4
18
42
32
30
 5
 1
10
39
27
34
          0.737103
          0.275429
          0.272355
          0.408329
          -1.56883
         -0.167412
         0.0794008
          0.697992
          0.836543
          0.523664
         -0.493173
          -1.27228
##################### ACCEPTABLE SUBNET NUMBER: 17  #########################
           2.00657
 3
45
42
 4
 1
 1
          0.336294
        -0.0690961
         -0.836705
         0.0035364
         -0.131971
         -0.777478
          0.434697
##################### ACCEPTABLE SUBNET NUMBER: 18  #########################
           1.20831
11
14
40
15
45
31
20
11
 2
 5
19
29
 1
 1
        -0.0626723
         -0.114594
         -0.818716
         -0.918982
        -0.0601002
         -0.172964
         -0.156245
          0.174815
          0.374394
         0.0902949
         -0.952581
         -0.967135
          -0.21292
         -0.420892
          0.642776
##################### ACCEPTABLE SUBNET NUMBER: 19  #########################
           1.24967
 3
20
16
12
 5
49
 6
 8
23
30
           1.53055
         0.0288888
         -0.469511
          0.137782
         -0.176406
           -1.0554
          0.451583
          -1.28738
          0.142468
         0.0999307
          -1.05924
##################### ACCEPTABLE SUBNET NUMBER: 20  #########################
          0.696463
 2
 2
48
 3
25
27
31
           1.20511
         0.0999376
          -0.97974
          0.180451
         -0.284876
         0.0290229
          -1.10198
          -1.43488
##################### ACCEPTABLE SUBNET NUMBER: 21  #########################
          0.966268
 4
28
41
22
46
 6
 1
 7
25
21
18
29
           1.91065
            1.4821
          0.710061
          -1.06442
          0.253713
          -1.23746
          0.857235
           1.04559
           1.37728
            1.0291
          0.600468
        -0.0613331
        -0.0359352
##################### ACCEPTABLE SUBNET NUMBER: 22  #########################
          0.995635
 5
41
28
 8
46
35
 5
 7
16
 6
30
21
           1.11024
          0.576921
          0.444988
           1.20909
           1.26934
         -0.589668
         -0.271578
          -1.18128
           1.73138
           1.22886
           1.25865
         0.0320727
          0.604262
##################### ACCEPTABLE SUBNET NUMBER: 23  #########################
           2.64366
 2
43
14
12
 7
25
35
29
 5
21
10
 1
19
42
12
22
           1.25045
          0.751959
          0.338975
           0.52332
          0.466481
          0.920021
          0.597878
          0.564966
         -0.292562
           0.58586
         -0.408545
          0.594211
          0.558193
         -0.341683
          -1.28968
         -0.825347
         -0.115964
##################### ACCEPTABLE SUBNET NUMBER: 24  #########################
           1.06664
 1
40
 1
 1
          0.886198
        0.00796298
          -0.58477
        -0.0942157
          0.498226
##################### ACCEPTABLE SUBNET NUMBER: 25  #########################
           2.66303
 9
21
23
36
16
15
28
10
47
48
 9
32
40
 7
 1
 8
26
22
 5
25
           1.82591
           1.55313
            1.1442
           1.53378
           1.29415
          -1.10539
           0.20893
         -0.471149
        -0.0034247
          -1.50443
         -0.239043
          0.273549
           1.39857
          0.158575
          0.439065
           1.71954
          0.102337
           -1.2193
         -0.407271
          0.761273
          -1.01781
##################### ACCEPTABLE SUBNET NUMBER: 26  #########################
          0.610964
 2
 2
41
 3
 7
 4
43
           1.35349
          0.416723
         -0.532283
          0.282073
          -0.12945
           0.49028
          -1.03724
         -0.744126
##################### ACCEPTABLE SUBNET NUMBER: 27  #########################
            0.7073
 6
 2
16
47
10
25
22
 4
 5
44
27
41
          0.723662
        -0.0829961
         -0.447566
           0.22801
         -0.271853
          -1.65496
          -1.26875
          -1.54591
           -1.1554
        -0.0726594
         -0.901251
           -1.1405
          -1.47308
##################### ACCEPTABLE SUBNET NUMBER: 28  #########################
           2.33787
 3
16
14
37
 7
24
47
39
 2
36
45
 1
          0.593323
           0.13786
           0.12525
          0.333281
          0.453499
         -0.692136
         -0.841872
          0.532764
          0.513225
          0.243686
         0.0704427
         -0.109725
          0.350784
##################### ACCEPTABLE SUBNET NUMBER: 29  #########################
           1.30091
 2
20
41
19
47
30
48
 4
27
 7
39
10
26
18
 3
 6
12
16
19
33
43
13
15
           1.44468
          0.977886
        -0.0396003
            1.2474
          0.710935
           1.12369
           1.19299
          0.105922
           1.18648
          0.810123
          0.257826
          0.618125
           1.13395
         -0.538112
          -1.79043
       -0.00403974
         -0.623237
         -0.857958
          0.520331
         -0.480136
          0.742344
         -0.181203
          0.366315
         -0.626474
##################### ACCEPTABLE SUBNET NUMBER: 30  #########################
          0.785097
 2
 9
24
 8
 1
46
 7
 3
13
 4
21
33
           0.17912
         -0.132847
          0.184902
          0.611449
          -0.60197
          0.752745
          0.457199
          0.490383
         -0.137928
         -0.360529
         -0.365282
         -0.534431
         -0.693636
##################### ACCEPTABLE SUBNET NUMBER: 31  #########################
            1.9363
 6
38
33
39
23
41
21
 6
25
 7
44
30
40
14
           1.99326
           1.71124
          0.212851
           1.31306
           1.46458
           1.50236
           0.62911
          -1.47002
         -0.383731
           1.69896
           1.94748
         -0.740683
         -0.140298
         -0.259922
         -0.264231
##################### ACCEPTABLE SUBNET NUMBER: 32  #########################
          0.792279
 2
 2
20
 1
22
           1.25544
         -0.184622
          -1.23446
          0.186222
          0.052072
          0.473426
##################### ACCEPTABLE SUBNET NUMBER: 33  #########################
            1.0104
 4
28
41
 1
39
 9
32
 7
35
19
42
 8
37
10
33
            1.2208
        -0.0551174
         -0.726636
          0.176162
          -2.15571
          -2.18934
          -1.09364
          0.123416
          0.306528
          0.311376
       -0.00160336
          -1.00175
          -1.06873
         0.0622749
          -0.26171
          -2.01048
