File open successful. It contains: 
Finished reading file, will close now.
File x_dt open successful.
Finished reading file x_dt, will close now.
File sd_d open successful.
Finished reading file sd_d, will close now.
--------START FOR GENE 18 -----------
 Values arranged as error, n_ka, gene ids for ka, n_kd, gene ids for kd,
 r0, ea, d, ka_values, kd_values for each subnet. 
##################### ACCEPTABLE SUBNET NUMBER: 1  #########################
           1.27881
 4
13
16
33
40
 5
24
41
47
43
 3
            2.0453
           1.74245
           1.36749
           1.71507
          0.418971
            1.6722
           1.51579
            1.9268
           1.72849
           1.80409
           1.09996
          0.111126
##################### ACCEPTABLE SUBNET NUMBER: 2  #########################
           2.33434
 4
34
45
15
 6
 5
24
25
44
47
 1
           2.32551
           1.65014
         -0.815496
        -0.0078139
         0.0762089
          -1.33712
         0.0204095
          0.489985
          -1.17576
          0.236918
         -0.642994
          -1.00918
##################### ACCEPTABLE SUBNET NUMBER: 3  #########################
           2.45407
 7
33
 6
 7
35
41
10
12
 7
21
46
38
11
45
32
43
           2.09215
            1.2631
          0.616667
          0.718773
          -0.92766
         -0.784878
           0.21882
          0.113319
         -0.676105
         0.0605663
          0.941205
           1.03525
          0.802961
         -0.339278
         -0.893454
          -1.00115
          0.821292
##################### ACCEPTABLE SUBNET NUMBER: 4  #########################
           2.91595
17
29
 3
35
12
16
33
19
 2
23
10
 4
17
14
30
21
 7
13
 3
24
26
11
           2.05946
            1.5733
          0.498168
         -0.180933
           0.62968
          0.923477
            1.1446
          0.558681
           1.09702
         -0.209732
           1.18337
         -0.185113
         -0.705284
          -1.85503
          0.391499
        -0.0546054
          0.399543
          -1.78672
         -0.495792
          0.992623
           1.52568
            1.1691
         -0.247078
##################### ACCEPTABLE SUBNET NUMBER: 5  #########################
            2.9826
10
34
23
11
 2
38
32
 1
45
30
40
 7
24
35
22
15
 4
 3
 5
           1.98544
           1.44703
          0.711335
           1.05412
           1.25545
          0.510925
           0.16843
          -2.03654
          -2.05598
        -0.0208986
         -0.722641
          0.750082
          0.100821
           1.51633
           1.38105
          -1.42442
           0.76027
         -0.218265
         -0.154103
         -0.504492
##################### ACCEPTABLE SUBNET NUMBER: 6  #########################
           2.82619
13
37
33
31
36
17
47
35
23
 4
42
27
28
11
 9
24
41
38
26
29
34
 2
40
14
           1.89675
           1.36161
           1.38373
           1.25118
           1.72487
           1.81075
          0.118461
         -0.168299
         -0.076441
        -0.0124444
          0.152041
           0.81366
         -0.663928
          0.651596
           1.07962
          0.259458
           2.14485
           1.84449
           1.90042
          -0.48879
          0.150036
           -0.4988
          -1.02617
          0.942757
           0.13175
##################### ACCEPTABLE SUBNET NUMBER: 7  #########################
           2.04712
 8
39
10
 4
27
25
22
13
44
 4
47
 8
 5
 6
           1.36756
          0.701568
       -0.00779794
          0.244643
          0.484289
          0.484269
         -0.875733
          0.447723
          -1.13948
          0.357481
          0.203535
          0.734125
          0.812885
         0.0471173
         -0.871606
##################### ACCEPTABLE SUBNET NUMBER: 8  #########################
            2.6268
 6
32
45
 7
34
25
11
 5
47
23
46
 4
42
           2.15437
          0.995567
          0.582409
            0.5953
        -0.0532992
         -0.878064
          0.718883
         -0.323747
          -1.09929
          0.486773
             0.928
           1.11781
         -0.309438
         -0.411177
##################### ACCEPTABLE SUBNET NUMBER: 9  #########################
           2.03487
12
50
34
29
35
32
37
33
26
 5
12
16
40
 8
43
46
19
27
38
10
 3
 1
           1.96418
          0.718092
         0.0111749
           1.08216
          0.516872
         -0.528483
            -1.407
          0.224435
         -0.294889
           1.04353
        -0.0249871
          0.535295
          -1.69233
          0.872044
           0.32829
           1.55621
           1.42617
         -0.858814
          0.467312
          0.906798
          0.384517
          -1.03919
          0.157789
##################### ACCEPTABLE SUBNET NUMBER: 10  #########################
           2.67795
 5
33
 3
10
34
36
 2
46
28
           1.81809
           1.14396
          0.341132
          0.648151
          -1.21115
          0.508147
         0.0714378
          -1.15886
           0.89224
          0.688292
##################### ACCEPTABLE SUBNET NUMBER: 11  #########################
           2.55631
 5
39
34
19
10
15
 3
46
 8
28
           2.04892
           1.22254
           1.19832
          -1.06105
           1.27554
         -0.917388
           1.04051
          0.639587
           1.57848
           1.66889
          -1.95701
##################### ACCEPTABLE SUBNET NUMBER: 12  #########################
           2.84249
 2
34
41
 3
15
46
10
           1.88555
           1.41042
           1.22158
           1.33031
          -1.52102
           1.39474
           1.51208
           1.06347
##################### ACCEPTABLE SUBNET NUMBER: 13  #########################
             2.964
 4
 6
21
33
 4
 2
27
 1
          0.968445
          0.339541
         -0.919256
          0.195198
           0.20225
         -0.149748
          -2.14362
          0.307494
          0.585235
##################### ACCEPTABLE SUBNET NUMBER: 14  #########################
           2.68457
 8
34
17
27
10
13
 5
12
50
 4
15
46
 6
 2
           1.98545
           1.28366
          0.862667
          0.957521
          0.603502
       -0.00800868
         -0.961709
          0.426949
         -0.168783
          -1.04101
         -0.457503
           1.11334
           1.21458
          -1.49867
          0.779032
##################### ACCEPTABLE SUBNET NUMBER: 15  #########################
           2.93652
 3
50
17
29
12
14
 3
41
20
44
 5
10
32
39
30
 8
42
           1.41462
           1.02455
          0.201065
          0.952897
          0.977345
          0.469571
        -0.0592797
           1.15174
          0.952961
          0.612554
         -0.664671
          0.969802
         -0.940208
          -1.00927
          -2.04616
          0.383969
         -0.545402
         -0.293541
##################### ACCEPTABLE SUBNET NUMBER: 16  #########################
           2.38547
 4
 4
33
16
10
 8
34
45
47
 7
30
27
46
24
           2.10705
           1.81039
           1.22412
           1.89153
           1.97075
          -1.59111
         -0.180936
          0.768392
           1.84243
            1.9944
          0.709056
           0.52399
          0.958776
           2.04385
         -0.839499
##################### ACCEPTABLE SUBNET NUMBER: 17  #########################
           2.36309
 6
34
 5
28
 4
40
30
11
15
46
 6
24
12
32
37
29
23
10
11
           2.11362
           1.46743
           1.11854
           1.20958
         -0.840578
         0.0947521
         -0.771973
         0.0890961
         -0.601991
           1.28151
           1.45342
          -1.42875
          0.425043
         -0.840767
         0.0557947
           1.24918
         0.0972214
         -0.645344
           1.13771
       -0.00300654
##################### ACCEPTABLE SUBNET NUMBER: 18  #########################
           2.80344
 8
15
25
36
10
30
 3
32
26
10
 1
46
11
33
20
17
16
 8
13
41
          0.892148
          0.477189
          0.350193
           1.05561
          0.865677
          0.917187
          -1.27799
          -0.15025
          0.730726
         -0.151233
        -0.0819111
           1.36385
          0.849006
           1.21268
          0.141941
          -1.03323
         -0.784744
          -0.15339
           0.44873
        -0.0346315
         -0.614807
##################### ACCEPTABLE SUBNET NUMBER: 19  #########################
           2.54593
 3
28
 3
33
 6
 1
 4
30
41
11
29
          0.872834
             0.144
         -0.267783
          0.510754
          0.463578
         -0.169793
          0.830193
          0.722988
          0.599826
           0.34453
          -0.63794
         -0.994126
----------Number of Acceptable Subnets found: 19 -----------
----------END FOR GENE 18 -----------
--------START FOR GENE 19 -----------
 Values arranged as error, n_ka, gene ids for ka, n_kd, gene ids for kd,
 r0, ea, d, ka_values, kd_values for each subnet. 
##################### ACCEPTABLE SUBNET NUMBER: 1  #########################
           1.93004
 6
41
39
 2
33
12
10
 8
25
32
40
26
 1
37
 6
14
           2.30891
           1.41747
          0.389729
         -0.314342
          0.653354
        -0.0514661
          0.159629
       0.000762082
         -0.683055
          0.958893
          0.988482
          -1.48974
          -1.69463
         -0.809358
          -1.63184
          0.263965
          -1.01552
##################### ACCEPTABLE SUBNET NUMBER: 2  #########################
           2.84103
 5
33
25
20
44
28
 5
18
16
 7
46
32
          0.426226
        -0.0817007
          0.209111
          0.523624
          0.218244
         -0.797328
          -0.44914
         -0.274886
          0.907087
          0.848001
         -0.355183
          -1.28138
          -2.05851
##################### ACCEPTABLE SUBNET NUMBER: 3  #########################
           2.61574
 2
44
39
 3
34
42
26
           1.15974
         0.0653425
         -0.404781
         -0.193518
         -0.693326
        -0.0631836
          0.192366
          -2.21087
##################### ACCEPTABLE SUBNET NUMBER: 4  #########################
           1.93523
 5
14
26
28
32
16
 6
15
48
42
11
38
46
           1.44264
          0.352457
         -0.493085
        -0.0533221
         -0.461407
        -0.0563861
          -1.03142
          -1.13297
          0.138338
         0.0537938
          -1.27733
         -0.584748
          -1.03142
         -0.468233
##################### ACCEPTABLE SUBNET NUMBER: 5  #########################
           2.87727
 2
14
10
 6
 3
48
30
22
38
25
          0.725041
         -0.108742
         -0.373744
        -0.0441202
         -0.206324
         0.0924341
         -0.978593
          0.222374
         -0.507025
         -0.295279
         -0.295279
##################### ACCEPTABLE SUBNET NUMBER: 6  #########################
           2.80105
11
39
21
27
24
48
50
16
38
36
 9
34
 8
25
33
 1
42
49
26
11
30
           1.29604
          0.364144
           0.11278
          0.594019
          0.485284
          -1.15559
         0.0373638
         0.0725713
          -1.80762
         -0.380011
          -1.52065
         -0.132308
          0.024748
        -0.0500869
          0.896745
          0.992228
          0.548497
         -0.327844
           -1.1346
          0.341341
         -0.677716
         -0.106464
##################### ACCEPTABLE SUBNET NUMBER: 7  #########################
            1.8938
 2
28
46
 3
25
 4
44
           2.00776
           1.12054
         -0.815599
         0.0839369
          -1.64113
        -0.0516375
         -0.175404
           -1.2975
##################### ACCEPTABLE SUBNET NUMBER: 8  #########################
           2.78368
 8
40
21
11
 9
18
25
 5
22
 4
42
33
23
26
           1.80099
           1.44012
          0.871215
           1.18336
           1.25845
         -0.632327
         -0.575062
       0.000928638
          0.868946
         -0.591002
         -0.458013
           1.46524
         -0.382221
         -0.856544
           0.12162
##################### ACCEPTABLE SUBNET NUMBER: 9  #########################
           2.56016
 1
 6
 6
26
48
 1
33
16
43
          0.856851
          0.526899
          0.509537
         -0.602614
          0.727785
           0.66486
           0.79426
          0.333009
         -0.716559
          -1.82239
##################### ACCEPTABLE SUBNET NUMBER: 10  #########################
           2.88671
12
23
24
 7
31
25
33
48
36
15
 8
32
50
 6
39
49
 6
41
27
30
             1.442
           1.08197
           1.13916
          -1.76119
         -0.219971
           1.03724
          0.682081
        -0.0310505
          0.559678
          0.128472
        -0.0524264
          -1.65592
           1.22534
         -0.289559
          0.540603
           1.42959
         0.0383412
           1.30952
           1.12077
         -0.519431
         -0.157333
##################### ACCEPTABLE SUBNET NUMBER: 11  #########################
           1.92674
 2
14
31
 5
25
 1
11
16
18
        -0.0475622
         -0.366913
         -0.188802
           0.19247
          -1.00829
          0.078306
          0.630707
         -0.101614
          -1.10196
           -1.0717
##################### ACCEPTABLE SUBNET NUMBER: 12  #########################
           1.92628
 0
 4
39
 1
41
24
          0.727986
         0.0348434
        -0.0190254
          0.341128
           0.44249
          0.141307
          -1.18107
##################### ACCEPTABLE SUBNET NUMBER: 13  #########################
           2.56984
 1
14
 5
42
 1
39
15
18
          0.660124
          0.115279
         -0.191674
         0.0406658
           0.26408
         0.0775169
         -0.931466
         -0.579264
          -1.21387
##################### ACCEPTABLE SUBNET NUMBER: 14  #########################
           1.24545
 3
 2
36
37
 0
           1.67008
           1.31561
         -0.606807
          0.548939
         -0.221261
           -1.3187
##################### ACCEPTABLE SUBNET NUMBER: 15  #########################
           1.94436
 4
35
14
22
 7
 5
 6
16
43
32
 4
           2.35273
            1.4515
         -0.497626
         0.0328275
         -0.324501
         -0.524643
         -0.629813
          0.339056
          -0.26292
         -0.337509
          0.038495
         -0.206845
##################### ACCEPTABLE SUBNET NUMBER: 16  #########################
           2.25662
 6
15
 6
 5
38
 8
20
 4
 1
14
 3
16
          0.686745
          0.315739
          -0.24503
          0.126133
          -0.28434
         -0.436752
         -0.475259
         -0.287142
         -0.260195
          0.463448
         -0.287142
          -0.11692
          -1.55272
##################### ACCEPTABLE SUBNET NUMBER: 17  #########################
           1.92812
 3
32
28
40
 4
42
 4
 2
18
           1.45505
          0.639842
          -1.44984
         -0.619813
          0.105027
         -0.733799
         0.0424868
         -0.947796
         -0.601148
         -0.651051
##################### ACCEPTABLE SUBNET NUMBER: 18  #########################
           2.96404
 5
47
20
44
30
32
 4
34
42
 7
10
          0.565662
          0.188696
         -0.325483
         -0.187087
         -0.901648
         0.0570559
        -0.0738854
         -0.769212
         -0.426815
          0.245432
          -0.10569
         -0.995842
##################### ACCEPTABLE SUBNET NUMBER: 19  #########################
           2.70911
 3
28
 1
21
 5
39
 5
22
 2
 3
            2.0394
            1.5758
           1.37839
           2.13152
           1.41036
          0.238557
            2.0029
           1.94198
          -1.81196
           1.19584
         -0.261713
##################### ACCEPTABLE SUBNET NUMBER: 20  #########################
           1.77545
 7
14
41
48
10
18
34
50
 7
38
40
 3
 1
37
27
15
            0.7841
          0.127734
         -0.391965
             0.251
         -0.368967
          -1.13366
         -0.122513
         -0.670422
          -1.20089
          -1.04735
         0.0887976
          0.068023
         0.0892985
          0.542911
         -0.453253
          0.215954
         -0.918184
##################### ACCEPTABLE SUBNET NUMBER: 21  #########################
            2.4239
 3
43
46
18
 1
 1
           1.90626
           1.09839
         -0.717854
         -0.122136
         -0.399656
          -0.28473
        -0.0138916
##################### ACCEPTABLE SUBNET NUMBER: 22  #########################
           2.63913
 3
28
 5
14
 6
46
42
48
50
39
32
           2.23136
          0.169531
          0.220008
        -0.0270517
         -0.865976
          -1.05872
          0.907892
          0.938361
           -1.3458
         -0.137675
         -0.865976
         -0.999214
##################### ACCEPTABLE SUBNET NUMBER: 23  #########################
           2.32514
 4
20
30
34
 1
 7
 9
45
42
 5
21
46
29
           2.58047
           1.64368
         -0.404028
         -0.102457
         -0.598517
         -0.441434
         -0.507899
         0.0659208
           -0.8897
        -0.0925927
         -0.358636
         -0.561094
          -1.46057
         -0.779369
##################### ACCEPTABLE SUBNET NUMBER: 24  #########################
           2.66657
 3
21
13
41
 6
 1
11
29
42
30
26
         0.0995866
         -0.248702
          -1.60945
          0.505407
          -1.46197
          -1.49893
          0.785784
         -0.259658
         -0.528709
          0.437177
         0.0360731
         -0.321341
##################### ACCEPTABLE SUBNET NUMBER: 25  #########################
           2.18901
 1
28
 1
47
           1.12831
         -0.100622
           -1.1532
         0.0130102
          0.115281
##################### ACCEPTABLE SUBNET NUMBER: 26  #########################
           1.90203
 1
28
 3
30
16
35
            1.3644
          0.470127
         -0.482739
         0.0838672
        0.00550534
         0.0326786
        -0.0841138
##################### ACCEPTABLE SUBNET NUMBER: 27  #########################
           2.18136
 4
20
 7
10
28
 3
 5
 1
 4
         0.0763894
         -0.196761
          -1.88499
           0.32816
         -0.137989
          -0.47801
         -0.697094
          0.203556
          0.551644
         -0.133215
##################### ACCEPTABLE SUBNET NUMBER: 28  #########################
           1.18816
 4
 2
28
 8
24
 5
25
34
13
37
 3
             1.488
          0.752699
         -0.434478
          0.419548
         -0.563152
         -0.878354
          -1.52019
         -0.947195
          -0.37625
         -0.878354
          -1.60411
         -0.874746
##################### ACCEPTABLE SUBNET NUMBER: 29  #########################
            2.3669
 7
41
33
28
29
 2
10
44
 1
42
           1.48377
          0.592022
         -0.699942
         -0.420333
          -1.52037
         0.0421971
          -1.24485
          -1.16654
          -2.36848
          -1.58371
          -1.10012
##################### ACCEPTABLE SUBNET NUMBER: 30  #########################
          0.711321
 3
 4
 2
37
 0
           1.02309
          0.254913
         -0.387115
         -0.621702
          0.337615
         -0.598285
##################### ACCEPTABLE SUBNET NUMBER: 31  #########################
           2.29308
 4
13
 8
27
43
 4
 6
32
 1
38
           1.06163
         -0.135176
         -0.445889
          0.016856
          -1.06952
          -0.75388
         -0.737145
          0.489313
          -0.18329
         -0.112316
          -2.11075
##################### ACCEPTABLE SUBNET NUMBER: 32  #########################
          0.449043
 1
 2
 2
39
 5
           1.40533
          0.160002
          -0.46678
          0.199223
          -0.13537
         -0.114929
##################### ACCEPTABLE SUBNET NUMBER: 33  #########################
           2.57209
 5
17
24
34
38
 4
 3
 1
46
30
          0.461981
        0.00833746
         -0.254271
        -0.0154584
         -0.895833
          -1.49056
           -1.6755
         -0.480524
          0.287194
          -0.31584
          -1.54756
##################### ACCEPTABLE SUBNET NUMBER: 34  #########################
           1.39021
 9
28
22
 2
26
10
23
 5
42
39
 5
25
47
32
48
 7
           2.54748
           1.47996
         -0.584987
        -0.0259914
          -1.13419
          0.243022
           -1.5183
          -1.07378
          -0.86105
          -1.17075
          -1.12722
         -0.685965
        -0.0368627
         -0.216726
         -0.950427
          -1.14001
          -0.92103
##################### ACCEPTABLE SUBNET NUMBER: 35  #########################
           2.78065
 0
 0
         -0.263654
         -0.823338
         -0.263654
##################### ACCEPTABLE SUBNET NUMBER: 36  #########################
          0.728169
 1
 2
 4
37
40
12
50
          0.492895
         -0.229496
         -0.367664
          0.493209
         -0.403001
         0.0822036
          0.221074
           0.17364
##################### ACCEPTABLE SUBNET NUMBER: 37  #########################
          0.773566
 2
20
 2
 4
 5
16
11
 9
           1.80027
           1.20656
         -0.635392
       0.000503235
          0.498097
         0.0110664
        -0.0561837
         -0.932167
          -1.47142
##################### ACCEPTABLE SUBNET NUMBER: 38  #########################
            1.9546
 7
15
 3
14
26
31
 1
24
 2
 6
16
            1.0141
          0.549576
           -0.2275
         -0.219343
         -0.166629
         0.0948432
         -0.644411
          -2.37559
          -2.29703
         -0.303991
           0.19752
         0.0163147
##################### ACCEPTABLE SUBNET NUMBER: 39  #########################
            2.1193
 2
27
48
 2
42
25
          0.645662
       -0.00164988
          0.035244
          0.361226
          0.292027
          0.732139
          -1.23245
##################### ACCEPTABLE SUBNET NUMBER: 40  #########################
           1.60703
 2
45
12
 1
 1
          0.677542
         -0.179833
         -0.370072
         -0.289682
         -0.061422
          0.569966
##################### ACCEPTABLE SUBNET NUMBER: 41  #########################
           1.62146
 2
26
28
 8
11
45
16
48
41
32
40
31
           1.92529
          0.698188
         -0.785352
         -0.504914
        -0.0379074
         -0.432192
         -0.892504
        0.00436254
         -0.984701
         -0.506873
         -0.547096
          -0.60572
         -0.497691
##################### ACCEPTABLE SUBNET NUMBER: 42  #########################
           2.64526
 2
14
16
 9
48
13
12
45
46
26
21
 6
17
           1.95332
           1.33254
          -0.23615
          0.106347
         -0.422348
         0.0525664
         -0.375999
          -0.36205
          0.139419
         -0.272725
         -0.569937
           -0.6236
          -1.66236
         -0.651787
##################### ACCEPTABLE SUBNET NUMBER: 43  #########################
           2.78857
11
14
32
28
23
20
30
 6
48
40
45
43
 5
25
49
22
26
44
           1.15025
          0.690145
         -0.992739
           0.67866
           0.11882
         -0.419965
          -1.49919
          -0.25414
         -0.258364
         -0.182754
          -1.61024
        -0.0503804
          -1.04832
         -0.321994
          0.488628
          0.610039
          0.614651
          -1.15685
          -0.88325
##################### ACCEPTABLE SUBNET NUMBER: 44  #########################
           2.95056
 2
28
46
 8
42
34
 9
38
 7
45
 1
40
          0.608752
         -0.303626
         -0.608898
           0.90536
          -1.29512
          0.812149
         -0.832519
         -0.294802
           1.05411
          0.167293
          -0.59558
         -0.597066
          -1.96456
##################### ACCEPTABLE SUBNET NUMBER: 45  #########################
           2.51135
 2
33
31
 4
39
43
30
32
          0.682783
        -0.0188062
          0.191432
         -0.291919
         -0.962131
           0.53115
         -0.932018
          0.747273
          0.137926
##################### ACCEPTABLE SUBNET NUMBER: 46  #########################
           1.43911
 5
15
 2
45
43
44
 2
 1
25
          0.537594
          -0.18431
         -0.346424
         -0.113576
         -0.402037
         -0.626122
          -1.10274
         -0.167608
          0.455146
         -0.131931
##################### ACCEPTABLE SUBNET NUMBER: 47  #########################
           2.26956
 5
47
34
 8
17
23
 5
48
 6
 3
33
26
           1.35322
          0.975959
          -1.12576
           1.21077
          0.552426
           1.36504
           1.45068
          -1.04595
            1.4674
           1.55855
         -0.245167
          0.201879
          0.533324
##################### ACCEPTABLE SUBNET NUMBER: 48  #########################
           2.95593
 1
28
 0
           1.49165
          0.395163
         -0.555956
        -0.0269586
##################### ACCEPTABLE SUBNET NUMBER: 49  #########################
           2.61601
 5
36
 6
 3
10
30
 8
48
26
 1
32
21
41
18
25
           1.30666
          0.184859
         -0.443037
         -0.270724
         -0.269038
         -0.337525
           -0.8939
          -2.35758
          -1.33946
          -1.59785
          0.343029
         -0.537511
         -0.152514
         -0.312902
          -0.60742
         -0.902806
##################### ACCEPTABLE SUBNET NUMBER: 50  #########################
           2.77918
 4
43
34
35
31
 6
 4
 3
42
33
47
37
           1.60059
          0.881119
         -0.562861
        -0.0218557
         -0.352449
         -0.634336
         -0.783735
          -1.44831
           -1.1316
         -0.005787
         -0.213492
        -0.0045525
         -0.216456
----------Number of Acceptable Subnets found: 50 -----------
----------END FOR GENE 19 -----------
--------START FOR GENE 20 -----------
 Values arranged as error, n_ka, gene ids for ka, n_kd, gene ids for kd,
 r0, ea, d, ka_values, kd_values for each subnet. 
##################### ACCEPTABLE SUBNET NUMBER: 1  #########################
          0.168327
 0
 0
            1.5385
          -1.14796
          -1.51066
##################### ACCEPTABLE SUBNET NUMBER: 2  #########################
          0.155545
 0
 0
          -2.29027
          -1.12301
          -2.34111
##################### ACCEPTABLE SUBNET NUMBER: 3  #########################
          0.155545
 0
 0
          -1.77817
            -1.123
          -1.76089
##################### ACCEPTABLE SUBNET NUMBER: 4  #########################
          0.155545
 0
 0
          -2.29027
          -1.12301
          -2.34111
##################### ACCEPTABLE SUBNET NUMBER: 5  #########################
          0.155545
 0
 0
          -1.77817
            -1.123
          -1.76089
##################### ACCEPTABLE SUBNET NUMBER: 6  #########################
          0.155545
 0
 0
          -2.29027
          -1.12301
          -2.34111
##################### ACCEPTABLE SUBNET NUMBER: 7  #########################
          0.155545
 0
 0
          -1.77817
            -1.123
          -1.76089
##################### ACCEPTABLE SUBNET NUMBER: 8  #########################
          0.155545
 0
 0
          -2.29027
          -1.12301
          -2.34111
##################### ACCEPTABLE SUBNET NUMBER: 9  #########################
          0.155545
 0
 0
          -1.77817
            -1.123
          -1.76089
##################### ACCEPTABLE SUBNET NUMBER: 10  #########################
          0.155545
 0
 0
          -2.29027
          -1.12301
          -2.34111
##################### ACCEPTABLE SUBNET NUMBER: 11  #########################
          0.155545
 0
 0
          -1.77817
            -1.123
          -1.76089
##################### ACCEPTABLE SUBNET NUMBER: 12  #########################
          0.155545
 0
 0
          -2.29027
          -1.12301
          -2.34111
##################### ACCEPTABLE SUBNET NUMBER: 13  #########################
          0.155545
 0
 0
          -1.77817
            -1.123
          -1.76089
##################### ACCEPTABLE SUBNET NUMBER: 14  #########################
          0.155545
 0
 0
          -2.29027
          -1.12301
          -2.34111
##################### ACCEPTABLE SUBNET NUMBER: 15  #########################
          0.155545
 0
 0
          -1.77817
            -1.123
          -1.76089
##################### ACCEPTABLE SUBNET NUMBER: 16  #########################
          0.155545
 0
 0
          -2.29027
          -1.12301
          -2.34111
##################### ACCEPTABLE SUBNET NUMBER: 17  #########################
          0.155545
 0
 0
          -1.77817
            -1.123
          -1.76089
##################### ACCEPTABLE SUBNET NUMBER: 18  #########################
          0.155545
 0
 0
          -2.29027
          -1.12301
          -2.34111
##################### ACCEPTABLE SUBNET NUMBER: 19  #########################
          0.155545
 0
 0
          -1.77817
            -1.123
          -1.76089
##################### ACCEPTABLE SUBNET NUMBER: 20  #########################
          0.155545
 0
 0
          -2.29027
          -1.12301
          -2.34111
##################### ACCEPTABLE SUBNET NUMBER: 21  #########################
          0.155545
 0
 0
          -1.77817
            -1.123
          -1.76089
##################### ACCEPTABLE SUBNET NUMBER: 22  #########################
          0.155545
 0
 0
          -2.29027
          -1.12301
          -2.34111
##################### ACCEPTABLE SUBNET NUMBER: 23  #########################
          0.155545
 0
 0
          -1.77817
            -1.123
          -1.76089
##################### ACCEPTABLE SUBNET NUMBER: 24  #########################
          0.155545
 0
 0
          -2.29027
          -1.12301
          -2.34111
##################### ACCEPTABLE SUBNET NUMBER: 25  #########################
          0.155545
 0
 0
          -1.77817
            -1.123
          -1.76089
##################### ACCEPTABLE SUBNET NUMBER: 26  #########################
          0.155545
 0
 0
          -2.29027
          -1.12301
          -2.34111
##################### ACCEPTABLE SUBNET NUMBER: 27  #########################
          0.155545
 0
 0
          -1.77817
            -1.123
          -1.76089
##################### ACCEPTABLE SUBNET NUMBER: 28  #########################
          0.155545
 0
 0
          -2.29027
          -1.12301
          -2.34111
##################### ACCEPTABLE SUBNET NUMBER: 29  #########################
          0.155545
 0
 0
          -1.77817
            -1.123
          -1.76089
##################### ACCEPTABLE SUBNET NUMBER: 30  #########################
          0.155545
 0
 0
          -2.29027
          -1.12301
          -2.34111
##################### ACCEPTABLE SUBNET NUMBER: 31  #########################
          0.155545
 0
 0
          -1.77817
            -1.123
          -1.76089
##################### ACCEPTABLE SUBNET NUMBER: 32  #########################
          0.155545
 0
 0
          -2.29027
          -1.12301
          -2.34111
##################### ACCEPTABLE SUBNET NUMBER: 33  #########################
          0.155545
 0
 0
          -1.77817
            -1.123
          -1.76089
##################### ACCEPTABLE SUBNET NUMBER: 34  #########################
          0.155545
 0
 0
          -2.29027
          -1.12301
          -2.34111
##################### ACCEPTABLE SUBNET NUMBER: 35  #########################
          0.155545
 0
 0
          -1.77817
            -1.123
          -1.76089
##################### ACCEPTABLE SUBNET NUMBER: 36  #########################
          0.155545
 0
 0
          -2.29027
          -1.12301
          -2.34111
##################### ACCEPTABLE SUBNET NUMBER: 37  #########################
         0.0634851
 0
 0
          -1.87442
         -0.998915
           1.45566
##################### ACCEPTABLE SUBNET NUMBER: 38  #########################
          0.868299
 1
43
 0
       -0.00497253
          0.127519
       -0.00497253
         -0.176762
##################### ACCEPTABLE SUBNET NUMBER: 39  #########################
          0.155511
 0
 0
           -1.1688
          -1.12297
           -1.1328
##################### ACCEPTABLE SUBNET NUMBER: 40  #########################
           0.15546
 0
 0
          -1.07512
          -1.12287
          -1.05403
##################### ACCEPTABLE SUBNET NUMBER: 41  #########################
          0.155511
 0
 0
           -1.1688
          -1.12297
           -1.1328
##################### ACCEPTABLE SUBNET NUMBER: 42  #########################
           0.15546
 0
 0
          -1.07512
          -1.12287
          -1.05403
##################### ACCEPTABLE SUBNET NUMBER: 43  #########################
          0.155511
 0
 0
           -1.1688
          -1.12297
           -1.1328
##################### ACCEPTABLE SUBNET NUMBER: 44  #########################
           0.15546
 0
 0
          -1.07512
          -1.12287
          -1.05403
##################### ACCEPTABLE SUBNET NUMBER: 45  #########################
          0.155511
 0
 0
           -1.1688
          -1.12297
           -1.1328
##################### ACCEPTABLE SUBNET NUMBER: 46  #########################
           0.15546
 0
 0
          -1.07512
          -1.12287
          -1.05403
##################### ACCEPTABLE SUBNET NUMBER: 47  #########################
          0.155511
 0
 0
           -1.1688
          -1.12297
           -1.1328
##################### ACCEPTABLE SUBNET NUMBER: 48  #########################
           0.15546
 0
 0
          -1.07512
          -1.12287
          -1.05403
##################### ACCEPTABLE SUBNET NUMBER: 49  #########################
          0.155511
 0
 0
           -1.1688
          -1.12297
           -1.1328
##################### ACCEPTABLE SUBNET NUMBER: 50  #########################
           0.15546
 0
 0
          -1.07512
          -1.12287
          -1.05403
----------Number of Acceptable Subnets found: 50 -----------
----------END FOR GENE 20 -----------
--------START FOR GENE 21 -----------
 Values arranged as error, n_ka, gene ids for ka, n_kd, gene ids for kd,
 r0, ea, d, ka_values, kd_values for each subnet. 
##################### ACCEPTABLE SUBNET NUMBER: 1  #########################
           1.69006
 0
 8
10
18
25
13
11
43
46
45
           1.78722
           1.79997
           1.13543
        -0.0386604
           0.26981
         -0.616648
          0.629677
         -0.245537
          -1.53615
           1.27648
          -2.18371
##################### ACCEPTABLE SUBNET NUMBER: 2  #########################
           2.64301
11
49
45
50
17
 4
19
 3
 7
22
23
37
11
16
24
29
34
30
25
32
18
 6
11
39
          0.713585
          0.417032
         -0.439387
         0.0502001
         -0.321194
         -0.506269
          -1.32802
         -0.506269
          -0.50345
          -1.13258
         -0.862706
         -0.443085
          -1.29426
         -0.462338
          -0.17608
          0.223444
          -1.02087
         0.0136278
         -0.394134
          -1.24198
         -0.442125
         -0.115506
         -0.483665
          -1.63021
         -0.174349
##################### ACCEPTABLE SUBNET NUMBER: 3  #########################
          0.836361
 4
11
33
15
 9
 5
28
 8
38
34
20
           1.88713
           1.38043
          0.591792
          0.882669
         -0.215563
         -0.260045
          -2.57027
           1.28821
          0.923986
          0.769082
          0.017734
         -0.321932
##################### ACCEPTABLE SUBNET NUMBER: 4  #########################
           2.29108
 4
14
47
33
30
 1
39
           1.59539
           1.68077
            1.3331
            1.5476
          0.834883
         -0.374842
         -0.263407
           1.45995
##################### ACCEPTABLE SUBNET NUMBER: 5  #########################
           1.93284
 4
40
43
16
 1
 6
39
44
14
 3
45
 7
           1.22154
           1.27016
          0.962085
         -0.666361
          0.278542
          0.937219
         -0.349409
           1.08747
         -0.518982
          0.760411
           -1.2664
          -1.35732
          0.937219
##################### ACCEPTABLE SUBNET NUMBER: 6  #########################
           2.03518
 8
13
42
16
14
11
38
49
15
 8
39
28
18
 7
 1
36
50
40
           1.81498
           1.85838
           1.47884
           1.45357
           1.27451
          0.982889
          0.273195
          0.309359
          0.198694
          -1.02199
         -0.994397
           1.60682
            1.5964
           -1.3376
            1.0898
          0.273195
          -1.00182
         -0.356825
         -0.899127
##################### ACCEPTABLE SUBNET NUMBER: 7  #########################
          0.641137
 2
 5
31
 7
42
18
 9
50
33
36
 2
          0.785786
          0.669015
           1.27263
           1.60026
          0.118507
           1.58928
          0.858921
         -0.254861
           1.06843
          -0.19132
        -0.0278153
           2.16407
##################### ACCEPTABLE SUBNET NUMBER: 8  #########################
           1.62888
 5
 5
35
32
 4
37
 5
26
47
36
24
48
            1.2078
           1.29815
           1.03825
         -0.155552
          -1.09574
           1.47413
           1.39612
          -1.00665
           1.52982
         -0.707335
          0.791765
          0.217427
          0.443953
##################### ACCEPTABLE SUBNET NUMBER: 9  #########################
          0.749269
12
 5
12
40
18
31
44
43
33
10
16
34
28
11
 2
42
24
30
39
23
29
 7
22
49
46
           1.09067
           0.84517
          0.755111
           0.79426
         -0.337316
         -0.385581
         -0.384253
          0.173649
          -1.15236
         -0.819283
         -0.989311
          0.458659
          -1.25766
         0.0116729
          -0.12134
           1.47596
          0.382134
          0.799963
         -0.768473
          0.994592
           -1.3035
        -0.0249036
          -1.99808
         -0.646372
          -1.36566
        -0.0580813
##################### ACCEPTABLE SUBNET NUMBER: 10  #########################
           1.70839
 6
20
 5
 6
12
 3
 7
10
42
 1
 9
22
27
43
28
31
45
24
           1.14936
          0.845107
        -0.0151938
           0.35067
          0.115617
           -1.1763
         0.0173622
          -1.03395
         -0.576496
          0.215017
         0.0495142
         -0.302466
           -1.5725
         -0.910005
          -1.34063
          0.596142
          -1.25156
          -1.90075
          -1.00251
##################### ACCEPTABLE SUBNET NUMBER: 11  #########################
           1.28241
 3
19
49
 5
 3
46
38
44
           1.04831
           1.11422
          0.685059
          0.429557
          -1.25902
          0.848804
          0.846022
          0.361191
         -0.223357
##################### ACCEPTABLE SUBNET NUMBER: 12  #########################
           1.85139
 3
 5
26
10
 1
24
           1.03171
          0.544827
         -0.272982
         -0.145818
          -1.14092
          -1.39242
          -1.14092
##################### ACCEPTABLE SUBNET NUMBER: 13  #########################
           1.05452
 3
48
43
47
 6
24
39
30
 2
 9
26
           1.58342
           1.37779
          0.240603
          0.110743
         -0.462446
         -0.128654
          0.191149
          0.469689
         -0.834063
          0.836602
          -1.97757
         -0.128654
##################### ACCEPTABLE SUBNET NUMBER: 14  #########################
           1.34201
 2
19
 5
 6
30
 2
32
 6
49
34
           1.60295
           1.22749
         -0.142144
         0.0579682
         -0.531517
          -1.11119
           0.78035
          -1.89182
         -0.410192
         -0.878844
         -0.941949
##################### ACCEPTABLE SUBNET NUMBER: 15  #########################
            1.8686
10
20
41
24
 2
47
13
45
 7
44
 3
 7
30
33
 6
38
25
48
 4
           1.25925
           1.33795
          0.274939
           1.59614
         -0.678926
           1.31826
          -1.61936
          0.766795
          0.638967
          -1.11408
         -0.497847
         -0.317796
          -0.20169
           1.43515
            1.1301
          0.178286
          0.622594
           1.07684
         -0.191695
         -0.449135
##################### ACCEPTABLE SUBNET NUMBER: 16  #########################
            2.1734
 3
37
 1
49
14
 7
15
25
27
40
30
44
 5
34
46
17
 6
20
43
           1.29466
           1.37646
            1.0151
           1.37693
          0.255216
          0.277137
           1.43449
          0.448547
          0.438907
         0.0243807
          -1.49766
           1.43075
          0.100026
          0.470536
           -1.3458
          0.523398
          -1.41287
          -0.17203
         0.0854253
        -0.0442966
##################### ACCEPTABLE SUBNET NUMBER: 17  #########################
           1.49473
 5
 9
 5
38
 1
14
 5
46
48
45
19
13
           1.36274
           1.41624
           0.96574
         -0.457336
          -0.80962
          0.922422
          -0.12832
          0.171532
           1.11148
         -0.544376
         -0.238042
         -0.270146
          0.328636
##################### ACCEPTABLE SUBNET NUMBER: 18  #########################
           2.71092
 2
17
34
13
18
42
25
 2
41
14
23
43
33
31
36
48
30
          0.326917
          0.442068
           1.15161
           1.59452
           1.33281
           1.64971
         -0.242783
         -0.554923
         -0.254104
         -0.139507
         -0.123713
          -0.84989
         -0.136474
         -0.731799
         -0.290177
         -0.290177
         -0.328761
         -0.339421
##################### ACCEPTABLE SUBNET NUMBER: 19  #########################
           2.93462
 2
 9
11
 9
 1
24
13
 2
36
22
 5
17
42
          0.128239
         -0.225545
         -0.219563
          -1.70589
        -0.0325834
          0.256256
         -0.338787
         -0.496238
         -0.813994
          -1.11192
          -1.61154
          -1.11192
          -1.11192
          -1.61154
##################### ACCEPTABLE SUBNET NUMBER: 20  #########################
           2.23571
 2
17
23
 1
24
           1.82698
           1.60426
         -0.175433
         -0.208232
        -0.0467087
         -0.605555
##################### ACCEPTABLE SUBNET NUMBER: 21  #########################
           2.51121
 8
11
19
47
37
28
23
 4
24
12
35
49
 7
17
36
50
41
33
12
46
 5
27
           1.85626
           1.59943
           1.40935
           1.83112
          0.760585
            -1.466
         -0.344656
         -0.254294
         -0.116918
         0.0454585
          -1.32035
           1.21332
           1.86052
           -0.7691
         -0.143794
           1.63988
         -0.605001
           1.45883
            0.8353
          -1.27947
         -0.248916
       -0.00502912
          -1.04266
##################### ACCEPTABLE SUBNET NUMBER: 22  #########################
           2.90444
 8
33
35
10
42
19
 4
43
50
 6
34
11
36
 9
25
46
           1.33874
           1.41531
          0.922322
           1.36217
          0.291591
         0.0426716
          -1.28177
           1.44163
         -0.579022
         -0.597266
         -0.809562
           1.58155
          0.916568
         -0.877092
          0.948506
           1.06663
          0.536958
##################### ACCEPTABLE SUBNET NUMBER: 23  #########################
           2.25845
 4
 5
47
13
36
 7
 9
26
41
30
42
 6
10
           1.76228
           1.79236
           1.42907
           1.02564
           1.05907
          -1.16658
         -0.421808
           1.67175
           1.53801
          -1.38973
          0.422099
          0.402848
          0.397644
          0.723803
##################### ACCEPTABLE SUBNET NUMBER: 24  #########################
           1.51945
 2
 5
 4
 3
24
 1
 7
           0.86073
          0.741331
         -0.144702
         0.0498754
         -0.378299
         0.0522769
         -0.868839
         -0.695011
##################### ACCEPTABLE SUBNET NUMBER: 25  #########################
           2.71934
 3
12
 6
35
 8
10
26
 7
20
40
 4
33
46
           1.85478
             1.974
           1.34697
          -1.01062
         -0.565889
         -0.769423
          0.887212
           1.43521
         -0.706194
           0.31287
         -0.149838
          -1.88741
         -0.107289
           1.27874
##################### ACCEPTABLE SUBNET NUMBER: 26  #########################
           2.88158
 5
 3
16
10
44
22
 7
48
42
18
33
45
11
37
          0.894375
          0.986803
           1.14061
          0.218724
          0.150777
          0.850706
         -0.232429
          -1.57874
         -0.984985
          0.778502
         -0.324428
             1.287
           0.17412
          -1.50896
           0.17412
##################### ACCEPTABLE SUBNET NUMBER: 27  #########################
           1.29664
 2
38
 5
 2
46
18
          0.825757
          0.901815
          0.736373
          0.594488
           0.86187
          0.888031
          0.281746
##################### ACCEPTABLE SUBNET NUMBER: 28  #########################
           1.27946
 6
20
23
46
38
29
28
 3
30
36
43
           1.98251
           1.89853
          -0.22172
         -0.304735
        -0.0561982
          -1.49138
       -0.00215634
         -0.302315
        -0.0804028
         -0.210114
          -1.44174
         -0.623101
##################### ACCEPTABLE SUBNET NUMBER: 29  #########################
           2.37767
 3
13
32
39
 7
22
37
 1
 7
25
41
17
          0.781525
           0.70301
         -0.108501
         0.0444009
          -1.77041
         -0.284452
         -0.776227
         -0.861162
          -1.75016
        -0.0330483
          -1.07085
        -0.0843439
          -1.43848
##################### ACCEPTABLE SUBNET NUMBER: 30  #########################
           1.90469
 6
29
19
25
28
39
47
 3
34
46
12
           1.80745
           1.08334
         -0.188303
          -0.19484
           -1.3184
         -0.618895
         -0.881375
         -0.126446
         -0.813642
         -0.495589
          0.247831
        -0.0836426
##################### ACCEPTABLE SUBNET NUMBER: 31  #########################
           2.20357
 6
17
47
48
32
13
50
 1
41
           1.00034
          0.941285
         -0.205028
          0.133664
          -1.06974
          -0.15535
         -0.193407
         -0.853935
         -0.478772
         -0.258678
##################### ACCEPTABLE SUBNET NUMBER: 32  #########################
           2.81757
 2
32
31
 4
33
27
41
40
           1.52684
           1.62388
            1.6113
         -0.554248
          -1.90916
           1.75885
          -1.29134
          -1.31229
          0.157203
##################### ACCEPTABLE SUBNET NUMBER: 33  #########################
           2.42163
 1
11
 2
30
33
          0.277723
          0.178615
           1.15082
           1.15695
           1.51769
            1.3166
##################### ACCEPTABLE SUBNET NUMBER: 34  #########################
            1.2797
 6
28
 4
 5
47
50
36
10
18
 6
34
24
31
20
10
46
40
17
           1.15891
            1.1689
         -0.428686
          0.322646
          0.384548
         -0.277714
         0.0509524
         -0.708962
          -1.02749
         -0.195476
          0.220901
         -0.124066
         -0.236188
         0.0084836
          0.130763
          0.124074
         -0.495794
        -0.0847376
        -0.0864105
##################### ACCEPTABLE SUBNET NUMBER: 35  #########################
           1.95442
 3
26
40
43
11
41
25
37
24
 2
13
 5
11
14
46
50
           1.84146
           1.66123
           1.69349
           1.09391
          -1.53258
          0.184143
           1.93694
           1.78461
            1.4788
          -1.03109
          0.395522
          0.789048
         -0.486167
          0.451199
           0.16703
         -0.066086
          0.691142
##################### ACCEPTABLE SUBNET NUMBER: 36  #########################
            1.7881
 8
40
35
 4
28
19
38
12
13
 6
10
42
41
39
 8
24
           1.13866
           1.16106
          0.203686
          0.124994
          -1.93811
         -0.396559
         -0.816661
          0.294396
         -0.781145
          -1.13943
         -0.438698
          0.474691
          0.279923
          0.276581
         -0.638269
         0.0702686
         0.0533842
##################### ACCEPTABLE SUBNET NUMBER: 37  #########################
           1.33187
 6
20
47
 4
50
 9
14
 9
35
45
31
42
15
25
12
27
 3
           1.09204
          0.886735
          -1.04458
          0.174142
         0.0775853
          0.359931
         -0.186018
         -0.175293
         -0.663465
           0.15491
          0.132405
          0.180264
         -0.438131
           0.29516
         -0.905302
         -0.711367
         -0.761207
        -0.0897742
##################### ACCEPTABLE SUBNET NUMBER: 38  #########################
            1.7524
 5
38
 7
23
39
 9
16
10
25
33
 2
11
29
12
 3
41
30
48
44
19
46
20
37
            1.9139
            1.9038
           1.03925
           1.12016
           1.30047
          -1.26259
         0.0936399
         -0.026494
           1.60384
           1.13427
           0.76337
           1.48844
           -1.4084
         -0.287618
          -1.34331
          0.961958
          -1.69789
          -0.20086
          0.478929
          0.338947
          0.113653
           1.02834
         -0.372624
         -0.313919
##################### ACCEPTABLE SUBNET NUMBER: 39  #########################
          0.722044
 5
13
47
49
38
11
 6
 1
 7
50
43
19
 2
           1.46556
           1.26517
         0.0332364
          0.317664
         -0.487302
         -0.278018
         -0.567125
         -0.588647
          0.253162
         -0.295773
          -1.18733
          -1.83056
         -0.820874
          0.955771
##################### ACCEPTABLE SUBNET NUMBER: 40  #########################
           2.82003
 2
14
37
 1
33
           1.21765
            1.3104
           1.10992
            -1.672
         -0.204718
           1.26106
##################### ACCEPTABLE SUBNET NUMBER: 41  #########################
            2.2392
 1
47
 2
 9
25
          0.532155
          0.455006
         -0.324645
         0.0726049
          -1.19091
        -0.0491282
##################### ACCEPTABLE SUBNET NUMBER: 42  #########################
           2.00814
 5
19
 5
38
25
13
10
47
49
14
15
36
34
11
20
28
18
          0.829105
          0.710262
         0.0788596
          0.400277
         -0.334801
        -0.0596609
          -1.05354
          0.080912
         -0.375542
          -1.15545
          -1.37527
          -1.67692
          0.220211
          -0.46737
        -0.0504452
          -0.42713
           0.64178
         -0.106062
##################### ACCEPTABLE SUBNET NUMBER: 43  #########################
          0.691477
 1
27
10
10
 1
26
42
 2
43
23
 6
30
46
           1.95587
           1.82252
          0.320973
          0.578388
          -0.48078
          0.444021
         -0.171606
         -0.777239
           1.16228
         -0.726092
         -0.453808
         -0.274018
          0.483226
          0.491014
##################### ACCEPTABLE SUBNET NUMBER: 44  #########################
           1.24213
 2
22
38
 1
 4
           2.35661
           2.01111
         -0.284496
          -0.27671
        -0.0912218
          -1.63557
##################### ACCEPTABLE SUBNET NUMBER: 45  #########################
           2.34262
10
11
50
19
29
13
28
 7
18
 6
26
 6
35
45
 3
12
10
20
           1.54829
           1.37246
           1.48488
           1.95033
          0.619992
           1.36857
           1.75136
         -0.674342
         -0.176883
          -1.42578
           1.10674
         -0.179645
         -0.918643
           1.64281
           1.98165
         -0.834675
         -0.788107
         -0.308731
         -0.841633
##################### ACCEPTABLE SUBNET NUMBER: 46  #########################
           2.68177
 9
43
 4
47
40
38
16
31
 9
23
 8
26
36
22
34
14
50
45
 5
            1.6274
           1.39102
           1.00839
           1.89783
           0.78773
          0.649555
          0.768408
          0.899887
         -0.103773
         -0.244408
          0.273304
          0.928882
           1.80464
            1.8732
         -0.293273
          0.945977
          0.273304
         -0.617891
         -0.717309
          0.349793
##################### ACCEPTABLE SUBNET NUMBER: 47  #########################
           1.68657
 0
 6
32
22
 7
14
46
 6
          0.708342
          0.735699
           0.75647
          0.623602
         -0.405446
         0.0401024
         -0.584573
          0.888265
          -2.85541
##################### ACCEPTABLE SUBNET NUMBER: 48  #########################
           1.61346
 6
22
16
 8
26
25
38
 3
46
36
10
           0.84173
          0.842057
          0.426384
         -0.833755
          0.192262
          -2.21199
          -1.23622
         -0.583361
         -0.997818
          0.586479
         -0.591864
          0.138142
##################### ACCEPTABLE SUBNET NUMBER: 49  #########################
           1.80281
 5
19
40
11
28
17
 5
27
 7
47
18
35
           1.98788
           1.80606
          -0.13726
          0.157383
         -0.743778
         -0.210488
         -0.206946
         -0.693343
          0.157536
         -0.913084
          -1.93783
         0.0598481
         -0.840377
##################### ACCEPTABLE SUBNET NUMBER: 50  #########################
           1.51442
 2
 5
41
 4
25
12
 9
36
          0.515215
          0.346645
          -0.14909
          0.138515
         -0.430542
          -0.46885
         -0.488594
          0.478048
        -0.0432397
----------Number of Acceptable Subnets found: 50 -----------
----------END FOR GENE 21 -----------
--------START FOR GENE 22 -----------
 Values arranged as error, n_ka, gene ids for ka, n_kd, gene ids for kd,
 r0, ea, d, ka_values, kd_values for each subnet. 
##################### ACCEPTABLE SUBNET NUMBER: 1  #########################
           1.40332
13
12
19
44
41
45
48
17
29
46
43
20
11
37
14
26
18
14
47
 1
 6
 2
21
 8
 7
16
31
49
27
           1.09781
          0.982125
           1.11775
           1.01489
          0.919671
           1.19307
          0.393143
          0.119866
          -1.09133
         -0.699171
         -0.746928
          0.233841
          0.487949
           0.45621
         -0.340511
          -1.21683
           1.31106
         -0.025914
         -0.964657
           1.15797
           0.68677
          0.597426
          0.514732
          0.779731
           1.04278
         0.0705987
         -0.140045
         -0.501685
          -0.70035
         -0.851608
##################### ACCEPTABLE SUBNET NUMBER: 2  #########################
            1.7413
 5
 4
12
27
43
36
 6
24
45
16
 2
32
21
          0.218208
         0.0155833
         -0.310188
         -0.238574
         -0.131332
        -0.0852265
         0.0713947
          -1.47083
          0.108895
         -0.346942
          -1.04509
          -2.48871
         -0.547923
         -0.977485
##################### ACCEPTABLE SUBNET NUMBER: 3  #########################
           1.91027
 5
 4
13
34
32
 2
 7
41
46
24
25
35
37
42
          0.175069
          0.143412
         -0.110964
         0.0377664
         0.0594832
         -0.360672
          -1.98307
          0.289461
         -0.115463
         -0.341101
          -1.99211
         -0.919815
         -0.913144
         -0.536631
         -0.534987
##################### ACCEPTABLE SUBNET NUMBER: 4  #########################
           1.71541
13
12
19
27
49
30
40
31
 4
47
 7
14
21
11
 5
32
 9
33
39
10
          0.703602
          0.729032
          0.702986
          0.343177
          0.664425
          0.385603
          0.432163
          -1.28271
        0.00643865
         -0.752824
         -0.183981
          -1.26226
         -0.185227
          -1.80356
          0.516968
          -2.53651
          0.816288
          0.938256
          0.252386
          -1.34347
         -0.881095
##################### ACCEPTABLE SUBNET NUMBER: 5  #########################
           2.29662
 2
12
44
 1
32
        -0.0738619
         -0.177629
         -0.231798
         -0.415456
         0.0884289
         -0.169552
##################### ACCEPTABLE SUBNET NUMBER: 6  #########################
           2.03925
10
 4
13
19
27
50
 8
44
21
 1
18
10
12
10
 6
30
37
24
29
26
40
48
           1.07521
           1.11843
          0.588583
           1.54545
          0.942864
          0.963528
          0.944403
          0.716691
         -0.220186
         -0.239081
          0.742975
          0.808768
          0.558907
            1.2057
          0.914928
          0.315192
           1.16067
          0.336795
         -0.170068
          -1.05823
          0.302845
          0.496704
       -0.00687644
##################### ACCEPTABLE SUBNET NUMBER: 7  #########################
            1.6474
 1
41
 7
26
40
39
18
 6
23
24
          0.843453
          0.884413
          0.649321
          0.629689
          0.808985
          0.296006
          0.233546
         0.0538306
         -0.878748
          0.127716
         -0.117855
##################### ACCEPTABLE SUBNET NUMBER: 8  #########################
          0.617678
 6
23
27
44
25
35
 2
 0
          0.297899
          0.122915
         -0.278978
         -0.902345
        -0.0886351
         -0.959895
         -0.277409
         -0.451735
          0.581506
##################### ACCEPTABLE SUBNET NUMBER: 9  #########################
           2.78406
 8
13
19
27
29
44
34
 7
32
 1
46
         0.0193198
         -0.202402
         -0.215091
          -1.41881
         -0.454248
       -0.00854816
          -1.41405
          -1.39623
         -0.313607
         -0.386322
          -1.74757
         -0.517265
##################### ACCEPTABLE SUBNET NUMBER: 10  #########################
           1.68471
 8
44
 8
 3
20
35
11
40
13
 8
26
15
12
49
29
 1
 4
48
           1.72647
           1.79223
           1.70246
            1.7704
          0.524648
          0.625427
          0.625427
         -0.317162
         -0.122925
         -0.848866
         -0.436648
           1.83781
         -0.951853
           1.17826
         -0.924797
          0.298319
           1.19749
         -0.363448
           -0.4168
##################### ACCEPTABLE SUBNET NUMBER: 11  #########################
            2.3689
 3
20
32
10
 3
 8
42
33
         -0.135008
         -0.419011
         -0.294574
         0.0466438
          -1.40991
         0.0884798
          -1.59171
          -1.52731
         0.0693694
##################### ACCEPTABLE SUBNET NUMBER: 12  #########################
           1.89549
 6
 4
19
23
44
20
17
 2
26
38
          0.135587
         0.0402704
         -0.170852
         -0.112157
        -0.0941048
         -0.157944
         0.0344228
          -1.86533
          -1.86533
         -0.136951
          -1.86533
##################### ACCEPTABLE SUBNET NUMBER: 13  #########################
           2.73451
 7
13
19
23
29
36
44
25
 2
21
 6
         -0.185258
         -0.218783
         -0.811124
        -0.0834728
         -0.577064
          -1.58284
         -0.143611
         -0.741181
           0.13038
          -1.47453
          -1.52222
         -0.768522
##################### ACCEPTABLE SUBNET NUMBER: 14  #########################
           1.68046
 6
38
46
16
 6
47
 7
 9
26
50
19
 1
10
42
11
25
24
           1.65022
           1.70479
           1.83162
           1.28028
         -0.606124
         -0.606124
          -1.86623
           0.24683
            1.6114
           1.96646
          0.535996
           1.28028
           1.28028
         -0.937665
          0.690498
          -1.05266
          0.218161
         0.0354156
##################### ACCEPTABLE SUBNET NUMBER: 15  #########################
           1.99077
 2
44
47
 9
26
32
 6
 7
12
29
31
50
38
            1.8397
           1.89626
           1.88686
           1.90258
           1.32693
           1.99926
           1.89195
        -0.0198364
         -0.788786
          0.374492
          -2.15201
         -0.710917
       -0.00426329
          -1.76715
##################### ACCEPTABLE SUBNET NUMBER: 16  #########################
           1.52893
14
 4
12
19
23
27
29
44
14
 2
34
16
25
43
21
 5
32
48
30
26
24
          0.279562
          0.332138
          0.126284
          0.273804
           0.13787
          0.228992
          0.308989
          0.230856
            0.3347
          0.245999
             0.225
         -0.935103
         -0.956584
          -1.61947
          -0.23235
          -0.77884
          -1.20966
          0.246737
           0.14675
          0.348667
          -1.61947
          -1.20966
##################### ACCEPTABLE SUBNET NUMBER: 17  #########################
           2.08851
 6
 4
13
23
27
29
44
 4
32
50
42
 6
         -0.126764
         -0.263831
         -0.236852
          -0.39144
         -0.111468
         -0.252171
         -0.464373
         -0.306467
         0.0335405
         -0.468724
          -1.09082
        -0.0743837
         -0.694604
##################### ACCEPTABLE SUBNET NUMBER: 18  #########################
           1.67796
13
44
33
26
 1
25
 9
43
38
39
48
 7
24
46
20
32
45
27
 4
 6
49
18
36
 8
31
 2
34
20
30
 5
41
50
15
42
35
          0.921384
          0.720886
          0.401093
           1.73856
           1.19749
           1.17676
          -1.82252
         -0.497281
         -0.649258
         -0.128866
          0.172717
          -1.66968
         -0.526139
          0.745734
         -0.250729
          0.341225
           1.65446
         -0.180488
           1.67405
         -0.056042
          0.680244
         0.0018608
           1.71809
          0.358249
            1.2402
          0.787174
          0.318909
          0.301159
           1.13847
          0.209293
          0.547918
           1.38405
          -1.77694
          0.551643
          0.519135
          0.942002
##################### ACCEPTABLE SUBNET NUMBER: 19  #########################
           1.50338
 5
44
32
26
48
14
 1
35
         0.0910293
        -0.0628699
         -0.929962
         0.0915961
         -0.640406
         -0.745236
         -0.390377
         -0.745236
         -0.390377
##################### ACCEPTABLE SUBNET NUMBER: 20  #########################
          0.783823
11
 4
12
13
19
23
27
29
36
44
20
41
 5
26
32
 6
 1
50
        -0.0366931
         -0.222204
         -0.171892
         -0.267086
         -0.286611
         -0.258874
        -0.0951338
         -0.331056
         -0.100406
         -0.212183
         -0.209658
         -0.110788
         -0.218374
         -0.860053
         -0.248178
         -0.193975
          -1.22685
          0.207178
         -0.681033
##################### ACCEPTABLE SUBNET NUMBER: 21  #########################
            1.6454
 2
 7
29
 7
26
40
42
39
 5
43
25
             1.424
           1.48779
            1.4804
           1.26957
         -0.892293
           1.60044
          0.194416
          0.373578
         -0.238196
          -1.55407
          0.332486
         -0.709561
##################### ACCEPTABLE SUBNET NUMBER: 22  #########################
           1.69123
 3
13
16
33
10
26
 3
18
 9
23
37
48
38
21
30
           1.41606
           1.47739
           1.46396
           1.57886
         -0.970565
          -2.02128
           1.58963
          0.674605
          0.433219
         -0.313982
          -1.08947
           1.13246
          0.868847
          -1.52468
           1.12265
          -0.80537
##################### ACCEPTABLE SUBNET NUMBER: 23  #########################
           1.16796
 9
19
44
43
20
30
42
25
48
 1
 3
 6
40
21
          0.551662
          0.353309
         -0.475121
         -0.192524
         0.0819232
         -0.451882
         -0.880038
         -0.320557
          -1.55439
         -0.499461
          -1.47374
          -1.40615
         -0.223129
          -1.26144
         -0.499461
##################### ACCEPTABLE SUBNET NUMBER: 24  #########################
           1.52344
14
13
23
27
36
44
 5
12
29
43
45
37
50
17
11
 5
47
18
26
16
 6
          0.756669
         -0.484071
          0.453067
          0.335101
         -0.656622
          0.720583
          0.221138
         -0.426064
         -0.270849
         -0.270849
         -0.678662
         -0.115907
          -1.20521
         0.0454422
          -1.22663
          -2.00073
          0.264357
           1.13399
         -0.741518
         0.0454422
          0.289582
           0.42499
##################### ACCEPTABLE SUBNET NUMBER: 25  #########################
           1.81925
 4
 5
27
42
50
 3
32
 9
40
           1.13695
           1.18368
            1.4542
         -0.932175
          0.650005
        -0.0809164
          -0.44831
            1.5676
           1.57336
         -0.369898
##################### ACCEPTABLE SUBNET NUMBER: 26  #########################
           2.22814
 9
 4
12
27
29
36
44
 9
41
 1
 3
42
33
32
         -0.348871
         -0.520781
         -0.485091
          -0.19511
         -0.502734
         -0.431786
         -0.177881
         -0.505913
          0.131213
         -0.626646
          -0.19187
         0.0539018
          0.258873
         -0.811963
          -1.80674
##################### ACCEPTABLE SUBNET NUMBER: 27  #########################
           2.36337
 3
 9
20
50
 2
25
29
         -0.529385
         -0.649741
          0.286078
          0.409701
          0.688879
         -0.404705
          0.922073
         -0.602997
##################### ACCEPTABLE SUBNET NUMBER: 28  #########################
           1.13319
 7
35
25
41
50
 2
45
38
 4
30
33
10
18
        -0.0881871
          -0.10499
             -1.38
          0.476321
         -0.800854
         -0.827129
          -1.52433
          0.908659
          -1.03143
         -0.581336
          0.711905
          -1.00255
         -0.610215
           0.36783
##################### ACCEPTABLE SUBNET NUMBER: 29  #########################
           1.31175
 5
 4
14
12
28
25
 7
26
32
 1
15
19
47
49
           1.35043
           1.26972
           1.45918
           1.14021
         -0.340975
         -0.578495
          -1.35301
         -0.218837
           1.60716
           1.35117
           1.42105
           1.33455
          0.617947
         -0.258385
         -0.897476
##################### ACCEPTABLE SUBNET NUMBER: 30  #########################
           1.77338
 5
16
43
 7
17
31
 5
26
32
 8
 4
35
           1.11118
           1.17174
           1.19471
          0.844131
          0.714722
          0.205047
           0.71263
          -1.64015
           1.29481
            1.1376
         -0.108737
         -0.401739
          -1.78905
##################### ACCEPTABLE SUBNET NUMBER: 31  #########################
           2.38273
 6
29
 9
18
48
20
25
 4
34
 6
49
14
          0.304463
          0.294832
         -0.392054
           1.24276
          0.814469
           1.07348
          -0.76394
          0.238059
          0.640226
            1.1284
            1.0119
           1.00497
          0.639821
##################### ACCEPTABLE SUBNET NUMBER: 32  #########################
           1.84972
 7
12
13
19
23
29
20
 7
 3
30
 1
 2
           0.20259
          0.183593
         -0.119253
         -0.192969
          -1.68097
          0.122027
          -1.72801
          -1.64544
        -0.0388808
         -0.533411
         -0.270385
         -0.225787
         -0.981176
##################### ACCEPTABLE SUBNET NUMBER: 33  #########################
           1.77957
 4
29
14
26
27
 0
          0.329227
          0.313896
           -0.1327
          0.158276
         -0.642373
          -1.01352
         -0.315788
##################### ACCEPTABLE SUBNET NUMBER: 34  #########################
           1.02192
 3
12
17
38
 3
24
11
 6
          0.271059
         -0.177603
         -0.266459
         -0.576419
        -0.0700237
          -0.34606
         -0.635283
         -0.531727
         -0.115776
##################### ACCEPTABLE SUBNET NUMBER: 35  #########################
          0.918653
 8
 4
13
44
49
25
26
20
41
11
30
 2
11
29
 1
48
23
 7
21
37
18
        -0.0170487
         -0.147339
         -0.421538
         -0.208614
         -0.148966
          0.112999
          -0.60771
         -0.764334
          -1.45441
          -0.22174
          -1.34118
          0.147883
          -1.54237
          -1.45441
          -1.12628
         0.0537947
          -1.01241
          -1.01241
         -0.383225
          -1.01241
          -1.34118
          -1.34118
##################### ACCEPTABLE SUBNET NUMBER: 36  #########################
           2.50971
 6
19
29
44
17
33
18
 5
32
21
46
30
37
         0.0295169
        -0.0722427
         -0.147327
         0.0637186
          -1.66021
          -1.67902
         -0.370758
          -1.46318
          -1.46318
          -1.70887
          -1.44233
          -1.43973
          -0.91631
          -1.46318
##################### ACCEPTABLE SUBNET NUMBER: 37  #########################
           1.87305
 4
50
48
16
39
 6
26
33
46
 1
15
44
          0.665376
          0.743389
          0.616941
          0.221981
          0.221981
          0.184088
         -0.124134
          0.742819
         -0.470929
          -1.49961
          0.213855
         -0.409696
          -0.24959
##################### ACCEPTABLE SUBNET NUMBER: 38  #########################
           2.70477
 2
42
43
 9
32
21
47
 4
33
38
19
 7
29
           1.88407
           1.97583
           1.96979
         -0.547103
           1.48607
            2.0849
         -0.415298
          0.684074
         -0.109803
          0.684074
         -0.109803
          0.684074
         -0.116506
           0.25959
##################### ACCEPTABLE SUBNET NUMBER: 39  #########################
           1.60425
10
 4
13
19
27
26
39
38
33
 7
 5
 3
 6
35
 8
         0.0731725
         0.0569828
         -0.123138
         0.0561406
         0.0449567
         0.0788738
        -0.0728968
         -0.748174
         -0.651821
          -1.13079
         -0.615181
         -0.637851
         -0.709377
         0.0183445
         -0.666265
         -0.340651
##################### ACCEPTABLE SUBNET NUMBER: 40  #########################
           1.12663
 5
19
27
36
16
48
 4
38
35
37
50
          0.409327
         -0.505646
          0.152505
          0.291989
          0.384114
          0.016795
         -0.892085
         -0.173565
          0.766636
         -0.426244
          -2.17014
         -0.978533
##################### ACCEPTABLE SUBNET NUMBER: 41  #########################
           1.43652
 7
 4
13
44
14
18
20
37
 2
34
30
          0.343822
        0.00240466
         -0.146114
         -0.347439
         0.0356925
         -0.175009
          -0.58491
         -0.662972
          -1.30913
         -0.841717
         -0.660647
           0.40729
##################### ACCEPTABLE SUBNET NUMBER: 42  #########################
          0.820683
 1
44
 5
31
32
 8
49
30
          0.218963
         -0.248841
         -0.490446
          0.260592
         0.0927407
          0.225608
         -0.234683
          0.301732
          0.403036
##################### ACCEPTABLE SUBNET NUMBER: 43  #########################
           2.04104
 8
36
 2
11
40
44
17
19
49
 3
 8
 3
 1
          0.565756
        -0.0275437
         -0.347068
        -0.0802153
         -0.905991
          -1.24205
         -0.905991
          -1.24205
         -0.905991
          -1.24205
         -0.943462
         0.0866968
         -0.162006
         -0.905991
##################### ACCEPTABLE SUBNET NUMBER: 44  #########################
           1.62407
 8
 4
12
27
29
44
17
28
50
 2
24
16
           0.28083
          0.156605
         -0.219779
         -0.156022
         -0.225819
         0.0902738
         -0.203836
         -0.404716
         -0.704273
         -0.363743
        -0.0402441
          0.130103
         -0.659378
##################### ACCEPTABLE SUBNET NUMBER: 45  #########################
           1.66853
 4
 4
44
 9
19
 6
 8
38
16
39
35
 1
       -0.00465724
         -0.175305
         -0.483597
         0.0779109
          0.102758
          -1.90444
         -0.650552
          0.233473
         -0.694039
          -1.83975
         -0.734089
         -0.213521
        -0.0542171
##################### ACCEPTABLE SUBNET NUMBER: 46  #########################
           1.67219
 6
46
35
39
19
13
45
 5
26
18
30
 6
 8
           1.87862
           1.94155
           1.87644
           1.62829
         -0.430353
           0.57254
            1.3568
         -0.501394
         -0.639001
           2.00427
          0.909343
         -0.602333
          0.404627
          0.402937
##################### ACCEPTABLE SUBNET NUMBER: 47  #########################
          0.799757
 0
 9
32
30
33
 6
20
38
12
 9
23
           0.47844
          0.264618
          0.563627
          0.764951
          0.671416
        -0.0876045
           0.52068
       -0.00511279
         -0.107163
          0.466902
         -0.414784
         -0.414784
##################### ACCEPTABLE SUBNET NUMBER: 48  #########################
            1.6487
 3
19
12
38
 0
          0.642292
          0.674647
         -0.105776
           0.27407
         -0.352916
          -1.21536
##################### ACCEPTABLE SUBNET NUMBER: 49  #########################
           2.71522
12
 4
13
19
23
27
29
44
50
32
18
 2
14
 3
25
 6
39
        -0.0663924
        -0.0782879
         -0.147923
          -0.11416
        -0.0679256
        -0.0340094
         -0.138187
         -0.174709
       -0.00640222
        -0.0536118
          -1.02734
         -0.812591
         -0.709383
         -0.709383
         -0.647597
          -1.25819
          -1.11693
          -0.46522
##################### ACCEPTABLE SUBNET NUMBER: 50  #########################
           1.64092
 1
44
12
26
45
 1
34
37
49
41
 6
39
48
 7
33
         0.0622006
         -0.171216
         -0.273222
         0.0307688
         -0.367712
         -0.618474
         -0.590266
          -1.55119
          -1.09597
          -1.09597
           -0.5484
           -0.5484
          -1.09597
           -0.5484
         -0.662478
         -0.971136
----------Number of Acceptable Subnets found: 50 -----------
----------END FOR GENE 22 -----------
--------START FOR GENE 23 -----------
 Values arranged as error, n_ka, gene ids for ka, n_kd, gene ids for kd,
 r0, ea, d, ka_values, kd_values for each subnet. 
##################### ACCEPTABLE SUBNET NUMBER: 1  #########################
           1.07478
 2
24
 8
 8
46
49
18
 1
10
14
32
38
           1.84336
           1.49871
          0.273391
          0.570468
          0.166405
          0.544798
        -0.0147792
          0.457692
          0.719105
          0.326645
         0.0495146
          -1.57788
         0.0226828
##################### ACCEPTABLE SUBNET NUMBER: 2  #########################
           1.04664
 2
48
20
 6
30
19
31
38
37
15
           1.19751
          0.491809
         -0.368388
         -0.351006
          0.135577
          0.133413
         -0.617361
          0.142667
         -0.182199
          -1.16614
         -0.908832
##################### ACCEPTABLE SUBNET NUMBER: 3  #########################
           2.57304
 4
32
44
20
13
 3
 7
35
21
           1.71279
           1.28735
         -0.214327
         -0.526676
         -0.381745
          0.047558
          -1.97474
        0.00953977
         -0.733284
          0.022546
##################### ACCEPTABLE SUBNET NUMBER: 4  #########################
           2.10294
 1
28
 4
49
46
42
34
           1.92333
           1.39743
         -0.885604
          0.244368
        -0.0202635
        0.00935292
         -0.783325
         -0.380995
##################### ACCEPTABLE SUBNET NUMBER: 5  #########################
           2.21985
 3
16
 2
28
 4
42
41
 4
31
           1.52749
          0.572749
          0.198573
          -1.22389
          0.422317
         -0.250535
          0.580349
          0.633227
        -0.0463772
         -0.614829
##################### ACCEPTABLE SUBNET NUMBER: 6  #########################
           2.05456
 3
14
20
28
 5
15
35
24
31
47
          0.810139
          0.432346
         -0.215143
          0.291598
         -0.393384
         -0.184518
          0.203015
         -0.343821
          0.324567
         -0.826949
         -0.184518
##################### ACCEPTABLE SUBNET NUMBER: 7  #########################
          0.712837
 2
16
 2
 4
34
21
30
25
          0.359854
          0.154764
         -0.333806
         -0.057405
          0.603954
         0.0949878
         -0.894209
          -1.15076
       0.000202639
##################### ACCEPTABLE SUBNET NUMBER: 8  #########################
           2.34299
 3
17
21
35
15
30
 9
24
42
11
 1
36
34
50
48
19
20
12
40
39
           1.63178
           1.30527
          0.413787
          0.679872
          0.819698
        -0.0681936
           1.00998
          0.542144
          -1.21504
          0.126335
          0.611837
          0.170665
          0.569747
          0.582955
           0.29805
          0.552458
          -1.13575
          -1.23229
         0.0749766
         -0.400076
         -0.800217
