File open successful. It contains: 
Finished reading file, will close now.
File x_dt open successful.
Finished reading file x_dt, will close now.
File sd_d open successful.
Finished reading file sd_d, will close now.
--------START FOR GENE 18 -----------
 Values arranged as error, n_ka, gene ids for ka, n_kd, gene ids for kd,
 r0, ea, d, ka_values, kd_values for each subnet. 
##################### ACCEPTABLE SUBNET NUMBER: 1  #########################
           1.95227
 7
 7
39
50
29
44
26
 3
10
15
46
 8
27
14
12
45
 5
11
25
           2.08802
           1.15262
           0.32501
          0.854493
          0.855182
            1.1501
         0.0643235
         -0.741341
         -0.619313
          -2.24988
            1.4541
           1.31638
          0.754665
          -1.45401
         -0.589877
           0.47736
          -1.56748
          -1.68242
         -0.968457
          -1.17988
##################### ACCEPTABLE SUBNET NUMBER: 2  #########################
          0.697345
 3
23
 7
43
 7
35
 4
19
24
39
 8
14
           2.00797
           1.51771
          0.701704
           1.50837
           1.08195
          -1.56161
           1.48578
         0.0395488
           1.55233
           1.22053
         -0.112323
         -0.367155
           1.73632
##################### ACCEPTABLE SUBNET NUMBER: 3  #########################
           2.91115
 6
33
17
30
12
26
16
 9
47
15
46
41
24
 8
36
20
10
           1.81294
           1.33197
          0.086379
          0.890529
          0.912888
         0.0722809
          -1.56694
           -1.0303
         -0.362983
          0.984456
          0.865348
           1.03199
          0.557138
         -0.135942
        0.00194523
          0.834237
        -0.0919463
         -0.526665
##################### ACCEPTABLE SUBNET NUMBER: 4  #########################
           2.42272
 2
29
24
14
 4
 1
41
46
11
50
42
49
45
32
21
39
 5
19
           1.35612
          0.408951
         -0.906499
          0.335203
          0.217809
          0.635979
          0.740335
          0.263468
       -0.00161439
         -0.929955
         -0.687335
          -1.38885
        -0.0227746
         -0.823747
         -0.801244
         -0.230638
         -0.611203
         -0.923748
          -1.73015
##################### ACCEPTABLE SUBNET NUMBER: 5  #########################
           3.10355
 5
25
15
 2
43
38
 5
 1
45
20
 6
13
          0.303586
         -0.129032
        -0.0724857
           0.51585
          0.670538
        -0.0389379
         -0.848451
          -1.42307
           1.12775
          0.625447
           0.76687
          0.544866
          0.331077
##################### ACCEPTABLE SUBNET NUMBER: 6  #########################
           2.20385
 4
 7
21
33
12
 5
46
 5
40
15
30
           2.33806
           1.18289
           1.39673
           1.34151
         -0.372021
           1.46772
          0.351793
           1.89947
           1.74388
          0.223951
          -2.44009
         -0.122286
##################### ACCEPTABLE SUBNET NUMBER: 7  #########################
           2.35539
 5
44
10
34
42
23
 7
 4
12
46
 6
39
11
28
           2.30925
           1.57041
           1.04526
          0.727647
           0.42866
           1.12646
        -0.0274767
         -0.702511
          -1.26028
           1.29365
           1.40562
          0.925267
         -0.303022
         -0.122364
          0.194541
##################### ACCEPTABLE SUBNET NUMBER: 8  #########################
           3.54198
 4
 7
 4
48
 8
 2
22
17
          0.975598
          0.303072
         -0.524819
         -0.106165
          0.276672
        -0.0845805
         -0.503379
          0.522733
          -1.16482
##################### ACCEPTABLE SUBNET NUMBER: 9  #########################
           1.41385
 7
29
19
33
45
39
36
21
 4
47
41
 8
20
           2.16614
           1.18064
         -0.328394
          0.237183
          -2.09086
        -0.0230921
         0.0656392
          0.183096
         -0.239141
         -0.684521
          0.549625
          0.454874
          0.631194
          0.482009
##################### ACCEPTABLE SUBNET NUMBER: 10  #########################
           5.13842
 8
28
 7
23
21
30
14
38
13
 9
35
39
31
 5
40
10
26
24
17
           1.34947
          0.555089
          -0.34576
           0.87461
          0.498035
          0.800937
         -0.405331
         -0.386515
          -1.56757
         -0.709841
         -0.966195
           1.07197
          0.250454
          0.260687
         -0.700235
          0.744636
         -0.194928
          -1.43672
         0.0319357
         0.0965001
##################### ACCEPTABLE SUBNET NUMBER: 11  #########################
           4.25742
 5
 7
34
20
33
 8
13
 1
43
49
29
10
26
17
16
41
 4
31
42
19
           2.01402
           1.66445
          0.708951
           1.51502
            1.3104
          0.648498
          0.699334
          0.218561
           1.16624
           1.13282
        -0.0100686
          0.436348
            1.7769
           0.64763
         -0.328724
           1.03435
         0.0201614
         -0.642175
          -2.92658
          0.151235
          -2.20556
##################### ACCEPTABLE SUBNET NUMBER: 12  #########################
           2.11675
 4
33
 7
 6
50
 7
46
14
21
27
 9
30
38
           1.78165
          0.770354
         -0.846976
         0.0591489
         -0.436325
          -1.29621
        -0.0823723
          0.379893
          0.310183
         -0.881274
        -0.0118628
         -0.210008
         -0.298154
          -1.66875
##################### ACCEPTABLE SUBNET NUMBER: 13  #########################
           8.32274
 5
15
 7
20
24
13
 6
46
14
10
25
21
17
           2.00239
           1.20394
           1.12342
         -0.263445
          -1.77796
          -1.48828
          0.226902
          0.249038
           1.44945
           1.49825
          0.805822
          0.715947
           1.12566
          -2.39117
##################### ACCEPTABLE SUBNET NUMBER: 14  #########################
           8.36981
 3
38
50
33
 3
47
 6
 8
           1.85802
           1.13791
          -0.51674
          0.408392
          -1.18595
           0.24412
          0.688735
          0.310552
          0.507952
##################### ACCEPTABLE SUBNET NUMBER: 15  #########################
           9.86025
 7
34
23
41
44
48
22
49
 6
 1
12
 5
21
 9
19
          0.944538
          0.984146
         -0.369476
          0.225811
          0.117916
         -0.770852
         -0.458894
        -0.0750889
          -1.65741
          -1.51587
           0.10388
         0.0464435
         -0.772516
          -1.01084
          -1.33715
         -0.776085
##################### ACCEPTABLE SUBNET NUMBER: 16  #########################
           6.01746
20
 7
40
25
39
13
46
31
34
26
20
19
38
44
48
29
10
24
45
43
14
11
35
47
21
11
23
 2
32
 9
41
50
15
           2.03597
           1.44925
            1.2311
           1.57495
           1.68659
           1.57508
         -0.529939
           1.72875
          0.208317
         -0.782766
          -1.45087
          0.434298
         -0.249663
           1.42412
          -0.99222
        -0.0679991
          0.806249
        -0.0728815
        -0.0850475
         -0.793542
         -0.376187
          0.454988
           0.53858
           1.97071
           1.86529
           1.45436
        -0.0782114
         -0.288851
             1.782
           -1.0942
         0.0626606
          0.106141
          0.827172
         -0.694624
##################### ACCEPTABLE SUBNET NUMBER: 17  #########################
           2.95637
 6
39
13
30
33
10
36
 8
12
32
41
28
21
 5
47
29
           2.19096
           1.57388
          0.858569
           1.43596
           1.72344
          0.912354
          0.612184
         -0.255699
           1.32032
           1.94324
             1.393
           1.63247
           1.00133
           -1.1763
          0.649294
         -0.444266
         -0.998237
##################### ACCEPTABLE SUBNET NUMBER: 18  #########################
            2.3124
 2
33
19
 3
46
48
43
           1.81815
          0.650983
         -0.682544
          0.120035
         0.0588025
          0.456685
          -1.11926
          0.504656
##################### ACCEPTABLE SUBNET NUMBER: 19  #########################
           9.87268
 5
48
34
17
36
23
 2
 6
37
            1.3412
          0.822866
         -0.726517
         -0.175675
        -0.0929704
        -0.0570919
         -0.373711
          -3.05471
         -0.459243
         0.0294861
##################### ACCEPTABLE SUBNET NUMBER: 20  #########################
           6.34958
 2
10
29
 7
 3
46
34
 8
 5
20
27
            2.5867
           1.61675
          0.111091
          0.245138
          -1.26426
          0.411877
          0.500016
         -0.728903
        -0.0404594
         0.0451415
         -0.676521
          -0.18414
##################### ACCEPTABLE SUBNET NUMBER: 21  #########################
           2.82208
 4
33
 1
44
29
 4
46
14
39
 5
            1.8289
          0.956535
          0.612762
          0.978406
          0.731795
         -0.287092
          -1.77403
           1.27318
        -0.0466635
         -0.558681
         -0.664408
##################### ACCEPTABLE SUBNET NUMBER: 22  #########################
           6.34422
 0
 0
          0.918062
           1.04527
        -0.0146748
##################### ACCEPTABLE SUBNET NUMBER: 23  #########################
           6.41031
 3
50
36
 2
 6
44
10
13
35
46
47
           2.11965
            1.1364
         -0.950267
          0.215798
         -0.434657
         -0.907635
          0.509293
         -0.475632
          -1.91233
          0.473297
         -0.239626
          -1.12321
##################### ACCEPTABLE SUBNET NUMBER: 24  #########################
           8.45508
 0
 0
         -0.219841
          -0.53678
         -0.219841
##################### ACCEPTABLE SUBNET NUMBER: 25  #########################
           7.89217
 1
26
 8
 9
46
40
 6
12
41
11
34
           1.08398
          0.319538
          0.211562
          0.509294
         -0.238718
          0.793783
          0.228677
          -0.58679
          -1.49587
          -1.50986
          -1.35351
         0.0871712
##################### ACCEPTABLE SUBNET NUMBER: 26  #########################
           5.87958
 0
 0
          0.456912
         -0.900491
         -0.445487
##################### ACCEPTABLE SUBNET NUMBER: 27  #########################
           9.58885
 5
34
19
50
40
38
 3
 1
44
 9
           1.49901
           1.57488
         -0.340316
          0.289141
        0.00829039
         -0.627078
           -1.0285
         -0.300846
        0.00347154
         -0.320966
         -0.934678
##################### ACCEPTABLE SUBNET NUMBER: 28  #########################
           6.28317
 3
48
50
 3
 5
11
30
 1
27
 5
           1.69598
          0.867692
          -1.21837
         -0.238062
        -0.0670987
         -0.699434
          0.196979
          -1.43387
         0.0745498
          -1.30061
          -2.41452
##################### ACCEPTABLE SUBNET NUMBER: 29  #########################
           9.34778
 0
 0
          0.293433
          0.921443
          0.293433
##################### ACCEPTABLE SUBNET NUMBER: 30  #########################
           6.33937
 0
 0
          0.752594
           1.21612
          0.752594
##################### ACCEPTABLE SUBNET NUMBER: 31  #########################
           6.84051
 3
36
24
29
 6
30
11
26
33
43
 6
            1.5111
           1.02693
          0.182301
            1.0176
          0.441824
         -0.338841
           1.02575
           1.13103
          0.830896
        -0.0519551
          0.112169
           1.15068
##################### ACCEPTABLE SUBNET NUMBER: 32  #########################
           6.73958
 0
 0
          0.538165
          0.946858
          0.538165
##################### ACCEPTABLE SUBNET NUMBER: 33  #########################
           5.38628
10
28
19
34
48
16
25
36
24
10
45
18
49
21
46
30
43
17
26
11
50
13
27
42
 8
 6
22
12
29
 1
           1.74599
           1.61328
           0.96709
           1.56131
          0.975039
           1.37384
         -0.261383
          -1.18736
         -0.795333
            0.0559
         -0.062256
           0.68895
          0.596912
          0.980966
           1.27519
            1.3519
         0.0791988
           1.41066
          0.424106
          0.344266
          -1.25913
         -0.723655
          0.237983
          0.432065
          0.278538
          0.483595
          0.826243
         -0.295927
          0.101472
         -0.666709
         -0.324495
##################### ACCEPTABLE SUBNET NUMBER: 34  #########################
           2.11814
 5
19
33
30
 2
17
 4
35
46
14
21
           1.48654
          0.737516
         -0.489564
          0.406925
           0.41967
         -0.183279
          -0.36631
          -1.14021
          0.432097
          0.663672
          0.747976
          0.389038
##################### ACCEPTABLE SUBNET NUMBER: 35  #########################
           5.41092
 8
27
44
21
10
24
37
25
23
10
 1
30
47
48
13
 8
15
45
 4
14
          0.948775
          0.214034
        0.00597136
          0.438476
          0.318152
          0.562776
          -1.17678
        -0.0631119
          -1.47199
          -1.35344
         0.0737983
           1.01105
          0.797572
          -0.82567
          -0.94126
         -0.902023
          0.137711
          0.648872
         -0.198914
         -0.796801
          -1.54697
----------Number of Acceptable Subnets found: 35 -----------
----------END FOR GENE 18 -----------
