File open successful. It contains: 
Finished reading file, will close now.
File x_dt open successful.
Finished reading file x_dt, will close now.
File sd_d open successful.
Finished reading file sd_d, will close now.
--------START FOR GENE 46 -----------
 Values arranged as error, n_ka, gene ids for ka, n_kd, gene ids for kd,
 r0, ea, d, ka_values, kd_values for each subnet. 
##################### ACCEPTABLE SUBNET NUMBER: 1  #########################
           5.00391
 9
20
29
 3
47
50
41
49
12
36
 3
28
32
45
          0.860677
          0.785402
           1.22745
          0.929892
          0.994051
         0.0526074
           1.27075
          0.394637
         -0.969079
         -0.808748
          0.835967
          0.341115
           1.58499
         -0.955417
          0.496752
##################### ACCEPTABLE SUBNET NUMBER: 2  #########################
           5.67418
 5
18
21
19
23
49
 3
 4
38
22
          0.221265
          -1.23521
         -0.404779
          -0.25673
         -0.917865
         -0.478424
         -0.319552
         -0.928411
         -0.139434
        -0.0315119
         -0.842896
##################### ACCEPTABLE SUBNET NUMBER: 3  #########################
           5.55564
 3
 4
24
18
 3
26
38
15
         -0.285915
         -0.785476
         -0.146675
         -0.174524
          -1.66548
       -0.00226192
          -0.38303
         -0.679801
          -1.49442
##################### ACCEPTABLE SUBNET NUMBER: 4  #########################
           4.67501
 2
19
 1
 3
28
48
34
           1.37774
           1.34217
           1.86197
          0.277082
          0.732836
           2.09707
           1.71274
          0.259481
##################### ACCEPTABLE SUBNET NUMBER: 5  #########################
           5.59565
 4
15
41
35
48
 8
16
18
23
43
42
20
25
 8
           1.73974
           1.77101
           1.03704
          0.623048
         0.0196704
         -0.773352
         -0.923143
          0.865279
          -1.14055
           -1.6549
         -0.914389
          -2.27821
           1.07918
         -0.947391
         -0.467876
##################### ACCEPTABLE SUBNET NUMBER: 6  #########################
           4.44302
10
13
29
35
16
 6
18
 5
43
21
30
 1
20
          0.163729
        -0.0383579
         0.0348917
          0.130815
          0.134634
         -0.182234
         -0.929429
         0.0523799
         -0.951956
          -1.50605
         -0.698122
          -1.88996
         -0.237651
          0.362556
##################### ACCEPTABLE SUBNET NUMBER: 7  #########################
           4.04209
 7
 1
34
 7
27
 9
29
32
 1
45
         0.0558225
         0.0872658
         0.0647132
          0.781352
         -0.866567
          0.944978
        -0.0412027
         0.0150641
         -0.181717
         -0.324821
          0.335359
##################### ACCEPTABLE SUBNET NUMBER: 8  #########################
           5.51737
 4
18
 9
 6
50
 2
21
35
          -0.37776
         -0.614879
        -0.0604419
          0.127766
         -0.486636
         0.0416885
            -1.445
         -0.783284
         -0.363495
##################### ACCEPTABLE SUBNET NUMBER: 9  #########################
            5.7471
 1
30
 1
11
         -0.466791
         -0.573821
         -0.454615
          0.469849
         -0.868538
##################### ACCEPTABLE SUBNET NUMBER: 10  #########################
           4.66492
 8
27
25
13
37
 9
19
22
15
11
38
18
26
28
 3
48
39
41
14
45
16
          0.623256
          0.591185
           1.55788
         -0.360884
         -0.606635
          0.552249
           1.19952
          -1.17335
           -2.9246
           -1.2118
          -1.85982
          0.471032
          -1.56929
         -0.251983
           1.78099
         -0.834476
           1.41766
          0.796893
          0.144838
          -1.97288
          0.787381
          0.496855
##################### ACCEPTABLE SUBNET NUMBER: 11  #########################
           5.90454
 4
26
28
 1
30
 8
10
39
32
34
21
19
 3
12
          0.873341
          0.934945
         -0.433348
           1.52856
          0.283398
          0.348084
          -1.08028
           1.41835
         -0.156642
        -0.0999556
          -1.32784
          -1.32079
          -1.33953
           -1.2871
          -1.16055
##################### ACCEPTABLE SUBNET NUMBER: 12  #########################
            5.9867
 0
 0
          -1.17403
          -1.19035
          0.223806
##################### ACCEPTABLE SUBNET NUMBER: 13  #########################
           3.63173
 4
 8
50
43
 6
 7
48
28
 5
16
29
13
 1
           1.13212
           1.03284
           1.37513
         -0.917645
          -1.06019
         -0.544041
           1.40072
           1.17945
            1.7106
         -0.788635
           1.08763
         -0.355536
          0.236988
          -1.89211
##################### ACCEPTABLE SUBNET NUMBER: 14  #########################
           5.33083
 2
18
42
 6
48
20
 7
49
16
24
           1.71455
           1.72906
             1.381
          0.407531
            0.8646
           1.24175
            1.4249
          0.968422
          0.503726
          0.412122
         -0.388944
##################### ACCEPTABLE SUBNET NUMBER: 15  #########################
           5.68596
 3
13
23
47
 3
20
48
41
          0.286083
          0.148563
          0.090736
         -0.823624
         -0.817026
         -0.305473
          0.138368
        -0.0115482
         -0.631984
##################### ACCEPTABLE SUBNET NUMBER: 16  #########################
           4.40583
 6
37
22
40
42
47
25
11
20
34
33
19
10
43
11
 2
21
39
14
          0.983788
          0.920366
          0.679591
          0.870662
          -1.28586
          -1.59594
          -1.53051
         -0.299932
          -1.22756
          0.991189
          0.339935
          0.612871
         -0.704759
           0.60122
         -0.329724
         -0.870572
         -0.121298
        -0.0461931
          -1.27271
         -0.421842
##################### ACCEPTABLE SUBNET NUMBER: 17  #########################
           5.83611
 6
49
30
37
19
17
 3
 5
 5
14
21
48
15
          0.365478
          0.425258
           0.14713
          0.244744
          0.979102
          -1.22964
         -0.297792
          -1.72886
         -0.662706
           0.22652
          0.589742
         -0.832003
          0.141316
         -0.713193
##################### ACCEPTABLE SUBNET NUMBER: 18  #########################
           3.68285
 6
 6
19
34
15
43
14
 7
27
48
42
26
25
47
40
         -0.369974
         -0.621942
          0.483273
           1.11801
          -1.80827
         -0.717405
         -0.629688
        -0.0123461
          -1.36309
          0.974845
          0.238877
          0.407326
          0.380027
         -0.109165
          -0.25026
          0.568695
##################### ACCEPTABLE SUBNET NUMBER: 19  #########################
           4.80947
 7
 7
20
50
41
38
 1
13
 2
49
28
          0.345076
           0.33908
         0.0413947
         -0.856614
          -1.39305
          -1.44126
          0.295704
          -0.22985
          0.470093
         -0.997717
          0.102233
        -0.0473976
##################### ACCEPTABLE SUBNET NUMBER: 20  #########################
           5.70004
 5
18
25
24
41
10
 4
20
45
39
22
          -0.17874
         -0.145655
         -0.151051
          0.692141
          0.139618
          -1.88675
         -0.776885
          -1.29115
         -0.146963
          -3.00279
          -3.00285
          -1.29235
##################### ACCEPTABLE SUBNET NUMBER: 21  #########################
           1.51432
 5
23
34
14
47
16
 6
 2
15
25
48
32
 3
          0.556702
          0.278846
          0.174562
          0.290257
          0.153932
          -1.14333
         -0.317116
          0.119995
          0.979649
         -0.445266
          0.235873
         -0.276669
         -0.253779
          -1.68174
##################### ACCEPTABLE SUBNET NUMBER: 22  #########################
           4.75342
 4
 6
25
13
34
 3
36
48
29
           1.65063
            1.6296
           1.51777
           1.76651
          0.959152
         0.0715983
          -1.61656
           1.67762
          -1.40811
         -0.668075
##################### ACCEPTABLE SUBNET NUMBER: 23  #########################
           3.45521
11
45
41
35
47
 6
21
13
19
44
10
 5
 3
43
24
17
          0.412126
        -0.0120058
         -0.823732
        -0.0811452
        0.00393544
         -0.459912
        -0.0460474
         -0.120208
         -0.485025
         -0.521961
         -0.287523
          -1.51653
         -0.598134
         -0.560312
          0.169586
          -1.52256
          -1.20754
##################### ACCEPTABLE SUBNET NUMBER: 24  #########################
           1.17798
 3
18
23
 7
 4
26
 2
32
42
          0.953801
          0.604117
          0.592418
          -1.01577
          0.461685
          -1.02391
          0.249603
           1.31433
          0.587418
          0.643902
##################### ACCEPTABLE SUBNET NUMBER: 25  #########################
           2.56673
 5
27
 6
16
40
22
 5
 2
17
29
25
48
          0.689935
          0.561149
           0.17377
         -0.740119
            0.1465
        -0.0364365
         -0.726279
           -0.4356
            0.8049
         -0.301697
         -0.366732
          0.141689
         -0.365184
##################### ACCEPTABLE SUBNET NUMBER: 26  #########################
           1.88477
 5
45
11
 6
24
12
 3
25
28
42
           1.24618
           0.70936
           0.69995
          0.801719
         -0.924674
          0.244109
          0.278347
         -0.698978
          0.658644
           1.27489
           0.72312
##################### ACCEPTABLE SUBNET NUMBER: 27  #########################
           5.82539
 2
11
27
 4
30
 9
 4
13
         -0.260192
           -0.4745
         0.0254966
      -0.000583929
        -0.0765662
         -0.142841
          0.377061
          -1.08079
          -1.77167
##################### ACCEPTABLE SUBNET NUMBER: 28  #########################
           5.46009
 2
 3
18
 9
 2
40
15
35
 6
37
14
 5
25
        -0.0528096
           -1.1176
          -0.19471
           0.13779
          -1.11383
        -0.0878905
           0.11547
          -0.89245
         0.0806561
         -0.446346
            0.2439
          0.231815
         -0.155646
         -0.290474
##################### ACCEPTABLE SUBNET NUMBER: 29  #########################
           5.91131
 2
11
32
 9
22
 5
18
49
20
12
39
 3
24
         -0.610914
         -0.824372
          0.656106
           1.90019
          0.482071
          0.738025
           1.89051
          -0.72126
           1.30094
         -0.855507
         0.0716264
         0.0608363
           1.45071
         0.0879265
##################### ACCEPTABLE SUBNET NUMBER: 30  #########################
           5.76783
 2
18
 1
 6
 2
43
10
40
16
33
        -0.0907257
        -0.0450516
          0.338844
           1.11194
           0.63063
           0.50491
          0.497967
          0.584657
         0.0175412
         -0.676542
          -1.93128
##################### ACCEPTABLE SUBNET NUMBER: 31  #########################
           2.39971
 1
 3
 9
16
20
30
32
 7
33
 2
10
28
          0.891724
          0.508026
          0.783527
         -0.522415
          0.706202
            1.0198
          0.812709
          0.824005
          0.127988
          0.761147
         -0.187132
          -2.33208
          0.200092
##################### ACCEPTABLE SUBNET NUMBER: 32  #########################
           4.83684
10
18
32
50
33
10
31
 3
 9
22
49
13
35
44
39
23
 7
26
28
 2
16
11
45
12
42
           1.57021
           1.59661
          0.993363
           1.90049
           1.80372
        -0.0625397
          -2.43757
         -0.846742
         -0.638412
         -0.851976
         -0.459079
         0.0391217
          -1.43934
         -0.414723
           1.39905
           1.48688
          0.277096
          0.281646
          0.187829
         -0.840427
          0.655185
           1.61501
          -1.26983
           0.42761
         -0.897082
           1.01583
##################### ACCEPTABLE SUBNET NUMBER: 33  #########################
           5.88439
 2
37
18
 1
16
          0.288747
         -0.731834
         -0.283307
         -0.447458
          -0.23881
          -0.57687
##################### ACCEPTABLE SUBNET NUMBER: 34  #########################
           4.21991
 2
 1
33
11
28
49
21
 8
 6
25
18
20
36
48
 5
          0.307017
          0.287032
          0.605028
          0.942427
          0.261186
          0.897574
         -0.430119
           -1.2664
         0.0475825
          -1.07859
         -0.475883
          -1.71708
         -0.611763
         -0.942228
         -0.798493
          0.426998
##################### ACCEPTABLE SUBNET NUMBER: 35  #########################
           5.53366
 1
15
 5
14
20
37
31
 9
           1.27435
         -0.432581
         -0.442406
         -0.432985
         -0.530241
          0.119107
         -0.731847
         -0.638747
         0.0504027
##################### ACCEPTABLE SUBNET NUMBER: 36  #########################
           5.43787
10
41
 4
 6
39
19
34
32
16
13
44
 4
43
 9
37
25
         -0.327894
         -0.654334
         -0.219951
         -0.486333
         0.0720784
       -0.00835871
         0.0120496
          -1.24786
         -0.566428
          -1.00965
          -1.09836
         -0.307177
         -0.414671
         -0.183633
          0.377091
          -0.46506
         -0.435036
##################### ACCEPTABLE SUBNET NUMBER: 37  #########################
           4.42638
 6
21
11
47
23
 6
19
 5
24
28
40
29
17
           1.56512
           1.46112
           1.53692
           1.47132
           1.18552
           1.58144
          0.861489
          0.327403
          -1.95452
           1.02257
           1.92115
         -0.664835
         -0.948905
        -0.0392134
##################### ACCEPTABLE SUBNET NUMBER: 38  #########################
           5.65461
 4
 7
39
 1
24
 3
 8
42
 5
           0.35477
          0.393363
         0.0930963
          0.763245
          -0.50556
          0.451666
         -0.514422
          -1.50886
         -0.828635
        0.00726072
##################### ACCEPTABLE SUBNET NUMBER: 39  #########################
           5.65405
 2
 7
24
13
42
17
18
33
 8
26
15
47
27
50
49
 9
25
          0.695082
          0.715154
          0.830634
           1.22939
          0.180958
         0.0165082
          0.779497
         0.0460648
          0.769642
          0.284919
           -0.4124
          0.337859
          -0.32416
          -1.90691
         -0.652028
         -0.644012
         -0.484887
         -0.928263
##################### ACCEPTABLE SUBNET NUMBER: 40  #########################
           4.41665
 7
33
37
18
39
 5
49
28
 6
32
31
21
 3
45
50
         0.0568683
           -2.8674
       -0.00919582
          0.480156
         -0.465912
         -0.060589
         -0.274374
         -0.493742
         -0.512302
          -1.10517
           1.04801
         0.0788981
        -0.0587578
          -1.24103
          -1.58534
          -1.58551
##################### ACCEPTABLE SUBNET NUMBER: 41  #########################
           4.82289
 9
41
 6
 8
18
48
45
27
14
37
 9
38
31
16
30
28
17
40
11
44
           1.41037
           1.43671
          0.734727
          0.914196
           1.11303
          0.886061
         -0.560992
         0.0747442
         -0.127772
          0.641567
          -1.04697
          -1.04548
         -0.191785
          0.849585
          0.181485
          0.798109
         0.0979962
          0.953993
         -0.262404
         -0.148023
         -0.166141
##################### ACCEPTABLE SUBNET NUMBER: 42  #########################
           5.64658
 5
30
 6
20
13
44
 7
12
11
21
42
37
 8
41
        -0.0713295
        -0.0788587
         -0.264567
          0.654272
           -1.7508
         -0.699416
           -1.0575
          -1.06385
          0.151683
         -0.131822
          -1.47683
          0.162478
         -0.626759
         -0.381863
          -1.53848
##################### ACCEPTABLE SUBNET NUMBER: 43  #########################
            5.4475
 7
11
18
38
40
 7
31
39
 4
24
 5
41
27
         -0.633702
         -0.762009
         -0.203981
          0.885148
          0.166055
          0.287031
          -0.86577
         -0.874628
            -1.797
          -2.09354
           0.50445
          0.799473
          -2.09354
          -1.11186
##################### ACCEPTABLE SUBNET NUMBER: 44  #########################
           5.47905
 1
 2
 7
48
 5
47
20
 7
38
35
           0.72482
          0.745389
          0.668116
          0.499443
          0.522182
         -0.459586
          -1.04736
           0.69978
         0.0526589
          -1.79357
         -0.491303
##################### ACCEPTABLE SUBNET NUMBER: 45  #########################
           5.58175
 3
 3
 4
25
 2
43
31
          0.339674
          0.130399
          0.202689
          0.337807
         -0.948504
          -2.38585
          0.455172
         -0.960815
##################### ACCEPTABLE SUBNET NUMBER: 46  #########################
           5.31222
 4
44
18
 1
15
 9
 9
39
50
 3
40
31
33
32
17
            1.2015
           1.23162
           1.03149
           0.47502
           0.63962
           1.27449
           -1.2689
           1.35326
          -1.72864
          0.311778
          -1.67487
          -0.67122
          -1.62467
          -1.40512
         -0.988157
           0.23847
##################### ACCEPTABLE SUBNET NUMBER: 47  #########################
           5.81012
 4
18
39
 1
25
 1
 8
          0.133981
          0.175788
          -0.31257
           0.65512
          0.222552
         -0.224411
         -0.544779
          0.031332
##################### ACCEPTABLE SUBNET NUMBER: 48  #########################
           4.23908
 4
 1
48
18
13
 8
 9
17
 6
15
32
33
21
30
          0.252476
           0.12878
         0.0961276
          0.324628
          -1.85879
         -0.959416
         -0.560719
          0.469044
        -0.0813513
         -0.578817
         -0.318924
          -1.53581
         -0.858364
          -1.55851
        -0.0447662
##################### ACCEPTABLE SUBNET NUMBER: 49  #########################
            4.8192
 1
 6
12
21
24
23
50
19
36
 9
33
13
30
15
28
            0.1456
          0.110783
          0.277482
          0.747769
          0.136859
          0.420712
          0.562956
         -0.662619
          0.309499
          -0.17384
          0.313533
         -0.914865
         -0.579768
         -0.426856
         -0.580601
         -0.344446
##################### ACCEPTABLE SUBNET NUMBER: 50  #########################
           5.46384
 4
18
22
48
30
11
 5
29
35
11
16
20
14
28
41
43
44
          0.997046
           1.06057
         -0.382605
           1.33636
         -0.532954
          -1.35053
          -1.01771
         -0.150815
         -0.816293
          -1.08745
           -1.2389
         -0.364787
          0.762263
          0.784674
          0.456186
          -1.01848
          -0.28342
          -1.60045
##################### ACCEPTABLE SUBNET NUMBER: 51  #########################
           3.24695
 3
 1
41
 2
 5
29
25
14
34
13
          0.708365
          0.730404
          0.441195
           1.20953
           0.62976
          0.573052
          0.583675
           0.30352
          0.937719
         -0.209827
         -0.446348
##################### ACCEPTABLE SUBNET NUMBER: 52  #########################
           2.05416
 3
34
49
23
 1
28
          0.689147
          0.277722
          0.271589
          0.237685
          0.227178
          0.390693
          0.818362
##################### ACCEPTABLE SUBNET NUMBER: 53  #########################
           4.29193
 4
 5
28
17
 6
 3
20
 2
29
           1.49481
           1.46606
            1.0893
           1.26207
          -1.30517
         -0.482688
           1.38396
           1.46502
           1.62472
          0.485806
##################### ACCEPTABLE SUBNET NUMBER: 54  #########################
             4.866
 9
31
17
45
16
34
 3
49
44
18
 3
27
25
 8
          0.739521
         0.0945024
         -0.140879
          0.107551
         -0.155256
         -0.853809
         -0.590857
         -0.956576
         -0.605745
         -0.795037
          -1.35422
           -1.2144
          0.318285
         0.0647905
          -1.25766
##################### ACCEPTABLE SUBNET NUMBER: 55  #########################
           4.73188
 3
30
42
17
 3
25
 2
41
         -0.203408
         -0.203788
          0.336104
          -1.13597
          -1.13973
        -0.0986813
          0.230291
          0.690398
         -0.416855
##################### ACCEPTABLE SUBNET NUMBER: 56  #########################
           4.99187
 1
15
 4
 9
20
16
 1
          0.186293
         -0.015409
          0.031198
           0.11392
       -0.00897843
          0.273699
         -0.169235
         -0.638666
##################### ACCEPTABLE SUBNET NUMBER: 57  #########################
           5.36021
 8
12
25
 9
38
20
44
 1
23
 9
43
29
14
33
19
48
16
18
28
          0.869006
          0.844995
          0.478868
         -0.262931
         -0.664019
         -0.578722
          -1.21628
          -1.23161
          -1.23013
         -0.742978
          -1.32035
          0.374204
         -0.375911
          0.451342
          0.331797
          -1.27362
          0.282228
          -1.04266
          -2.22252
         -0.641847
##################### ACCEPTABLE SUBNET NUMBER: 58  #########################
            5.0254
 4
49
21
 3
16
 2
43
39
          0.828934
          0.527403
           1.07574
           0.37963
         -0.297822
         -0.363757
          0.203989
           1.21478
           1.15008
##################### ACCEPTABLE SUBNET NUMBER: 59  #########################
           2.90966
 4
15
19
 7
 6
 4
28
 1
 2
31
           1.18907
          0.868618
            1.3908
           1.43909
         -0.469519
          0.146884
          -1.62049
           1.87091
          0.572115
          0.684196
         -0.852907
##################### ACCEPTABLE SUBNET NUMBER: 60  #########################
           5.56518
 3
45
33
34
 2
44
36
         -0.271265
         -0.839617
         -0.245475
        -0.0580996
         -0.473178
        -0.0498551
         -0.151632
        -0.0480583
##################### ACCEPTABLE SUBNET NUMBER: 61  #########################
           4.10156
 5
31
33
22
25
15
 4
 9
41
 1
13
         -0.372398
          -1.83489
         -0.453039
         -0.210456
         -0.354617
         -0.307426
          -1.20159
          -1.20081
         -0.449822
          -0.35412
          0.179279
          -1.19038
##################### ACCEPTABLE SUBNET NUMBER: 62  #########################
           5.95376
 1
30
 3
16
14
43
          0.449075
          0.433935
          0.280495
        -0.0647418
          0.131809
          0.067703
          0.239736
##################### ACCEPTABLE SUBNET NUMBER: 63  #########################
           5.03092
 8
10
30
35
 6
 2
19
34
32
 8
18
14
43
25
 7
12
21
48
           1.01523
           1.04136
          0.527353
           1.14469
       -0.00133142
           0.74364
          0.436349
          0.370258
         -0.672113
         0.0297203
          -2.20803
          0.717298
          0.741679
         -0.254422
          0.332599
          -0.53968
         -0.679795
         -0.359037
         -0.823878
##################### ACCEPTABLE SUBNET NUMBER: 64  #########################
           4.48973
 2
30
 1
 3
 9
18
 7
        -0.0440119
         -0.061294
        -0.0370578
          0.624962
           0.26595
          0.531048
         -0.460584
         -0.408612
##################### ACCEPTABLE SUBNET NUMBER: 65  #########################
           5.48372
 1
18
 3
14
48
27
           1.51004
           1.57535
          0.672876
            1.4628
          0.979844
           0.16475
          -1.20428
##################### ACCEPTABLE SUBNET NUMBER: 66  #########################
           5.86231
17
29
16
14
17
38
10
45
 6
30
11
33
23
19
39
 4
20
50
 3
24
26
13
         -0.934598
          -1.15673
          0.197043
           1.07153
        -0.0605178
         -0.319255
           1.10029
         -0.183654
          -0.10763
         -0.555237
          0.639375
         -0.880216
          -1.31285
           0.13857
          -1.00816
          0.356051
         -0.264832
          -1.11725
          0.144229
          -1.16644
           1.11339
          0.612523
         -0.836189
##################### ACCEPTABLE SUBNET NUMBER: 67  #########################
           4.60642
 5
 1
34
27
26
41
 7
28
25
49
30
42
20
33
           1.10618
           1.09988
          0.825969
           1.05444
          0.312741
         -0.445395
         0.0639124
         -0.549008
           1.10667
         -0.335924
         -0.722248
          -0.57612
        -0.0677047
         -0.549485
          -1.13828
##################### ACCEPTABLE SUBNET NUMBER: 68  #########################
           4.86153
 3
50
 1
35
 7
16
 9
28
21
10
45
26
           0.29207
          0.267966
           1.09988
          -1.02122
         -0.996546
          0.443923
          0.965996
          -1.24844
           1.31045
         -0.143891
            0.4893
          -1.62736
          0.124552
##################### ACCEPTABLE SUBNET NUMBER: 69  #########################
           5.74906
 0
 3
48
14
 8
           1.20503
           1.23149
          0.977202
          0.829897
          0.956168
         -0.508638
##################### ACCEPTABLE SUBNET NUMBER: 70  #########################
           1.27411
 2
 6
38
 7
25
28
 1
 8
40
33
21
           1.37606
           1.04929
          0.851602
            1.0019
          0.612385
          0.610245
            1.3297
         -0.674633
         -0.282228
          -1.92673
         -0.629806
           1.03553
##################### ACCEPTABLE SUBNET NUMBER: 71  #########################
           4.90818
 7
23
 9
10
42
29
41
30
 4
39
17
14
33
           1.08765
           1.10595
          0.558551
         -0.296383
         -0.209711
           1.37773
          0.996532
          0.639277
          -1.67742
        -0.0334697
          0.827922
          0.698748
          0.804818
         -0.818821
##################### ACCEPTABLE SUBNET NUMBER: 72  #########################
           3.72187
 4
 1
34
14
15
 3
20
 6
 7
           1.33836
           1.36755
           0.62628
           1.10853
         -0.330584
         0.0241853
         -0.377678
          0.921267
          -0.97658
          0.112972
##################### ACCEPTABLE SUBNET NUMBER: 73  #########################
           5.84488
 4
30
 6
 4
14
14
23
36
 8
 2
28
49
45
18
39
40
22
32
17
34
           1.06431
           1.11565
          0.665634
           1.41398
          -2.64345
         -0.692002
          -1.13764
          0.251468
          0.996348
         -0.577467
          -1.22124
           0.13036
         -0.966008
          -0.31309
         -0.994038
          -2.69969
          -1.08913
         -0.662398
          -1.46318
         -0.136382
         -0.487509
##################### ACCEPTABLE SUBNET NUMBER: 74  #########################
           3.53861
 9
41
11
 1
49
26
34
31
10
 4
 2
43
20
          0.364879
          0.101098
        -0.0572773
          0.201498
          0.305583
         -0.832216
         -0.447356
         -0.699654
          -2.66487
         -0.409846
         -0.750184
          -0.32489
          0.419312
        -0.0359954
##################### ACCEPTABLE SUBNET NUMBER: 75  #########################
           3.56917
 4
 6
47
39
22
 6
49
24
10
36
 2
28
          0.543146
          0.176959
          0.505405
          0.782554
          0.557652
           -1.1362
           0.15045
          0.769985
          0.864799
          0.666305
         -0.678281
         -0.452102
          -1.07897
##################### ACCEPTABLE SUBNET NUMBER: 76  #########################
           2.63791
 5
 1
27
17
41
24
 4
 8
14
48
21
           1.25898
           1.21102
          0.549891
           1.27784
         -0.294679
        -0.0786785
          0.429319
          0.995755
              1.08
           1.08365
        -0.0612262
          0.207181
##################### ACCEPTABLE SUBNET NUMBER: 77  #########################
           4.71074
 3
41
 6
35
 6
10
16
34
28
48
 7
           1.08324
           1.04319
          0.544956
         -0.758738
         0.0546571
        -0.0582315
         -0.638899
          0.397985
         -0.277659
          0.788675
          -1.50936
         -0.481491
##################### ACCEPTABLE SUBNET NUMBER: 78  #########################
           4.53224
 5
 1
26
24
12
37
 4
28
16
14
39
           1.38415
           1.32098
          0.839809
          -0.24827
          -2.14142
          0.879378
         0.0589064
            0.5964
           1.13736
          0.677628
         -0.820737
          0.146414
##################### ACCEPTABLE SUBNET NUMBER: 79  #########################
            3.3338
 8
40
30
19
18
 1
13
24
11
 9
28
42
10
14
44
36
17
21
43
           2.10858
           1.85367
           1.10106
           1.15864
          -0.41661
          0.669964
        -0.0323657
          0.714598
          0.758033
         -0.437926
          -1.90015
           1.56478
         -0.160056
          -1.17258
          0.537787
         -0.718796
        -0.0147771
         0.0285122
          -1.35832
          0.303645
##################### ACCEPTABLE SUBNET NUMBER: 80  #########################
           5.13159
 3
 3
10
39
 5
35
 9
 2
21
 4
           1.71389
           1.73145
           1.64012
          -1.60717
            1.2338
          -1.30918
          0.951737
           1.31168
            2.1965
          0.394743
        -0.0335924
