  1    19
  2    47
  3     0
  4     0
  5    42
  6    30
  7    44
  8   100
  9    38
 10    26
  1    37
  2    47
  3    88
  4     0
  5    31
  6    13
  7    26
  8     0
  9    31
 10    18
  1    29
  2    45
  3     0
  4     0
  5    33
  6    38
  7    54
  8   100
  9    37
 10    21
  1    37
  2    48
  3    93
  4     0
  5    43
  6    17
  7    25
  8     0
  9    31
 10    22
  1    36
  2    36
  3     0
  4     0
  5    31
  6    30
  7    36
  8   100
  9    47
 10    24
  1    44
  2    47
  3    97
  4     0
  5    49
  6    15
  7    33
  8     0
  9    34
 10    18
  1    31
  2    23
  3     0
  4     0
  5    40
  6    23
  7    41
  8   100
  9    50
 10    25
  1    29
  2    57
  3   100
  4     0
  5    41
  6    10
  7    39
  8     0
  9    34
 10    14
  1    42
  2    39
  3     0
  4     0
  5    39
  6    31
  7    37
  8   100
  9    28
 10    17
  1    35
  2    49
  3    97
  4     0
  5    41
  6    17
  7    41
  8     0
  9    50
 10    18
