File open successful. It contains: 
Finished reading file, will close now.
File x_dt open successful.
Finished reading file x_dt, will close now.
File sd_d open successful.
Finished reading file sd_d, will close now.
--------START FOR GENE 11 -----------
 Values arranged as error, n_ka, gene ids for ka, n_kd, gene ids for kd,
 r0, d, ea, ka_values, kd_values for each subnet. 
##################### ACCEPTABLE SUBNET NUMBER: 1  #########################
           1.36006
 2
43
42
 2
41
37
           0.38682
          0.145811
          0.197329
          0.265488
          -0.78653
          0.535547
         0.0781944
##################### ACCEPTABLE SUBNET NUMBER: 2  #########################
           1.30673
 5
 5
14
21
43
 2
 1
50
          0.155526
         0.0481545
          -0.21349
        -0.0674591
           0.10798
         0.0565688
          -1.05462
          -1.46019
          -1.34237
##################### ACCEPTABLE SUBNET NUMBER: 3  #########################
           2.42153
 6
13
40
37
43
20
17
 1
33
          -0.61961
           -0.6799
         -0.286873
          0.242011
          -1.11247
          -1.15553
         -0.522536
          -2.22163
          -2.22414
         -0.549467
##################### ACCEPTABLE SUBNET NUMBER: 4  #########################
          0.923414
 6
 9
 3
 1
33
26
49
 1
38
         0.0798902
         -0.778057
          0.528185
           1.11007
          0.606173
          0.139154
         -0.554126
          0.552547
         -0.434627
           1.28532
##################### ACCEPTABLE SUBNET NUMBER: 5  #########################
           2.41439
 4
29
47
 9
43
 0
         -0.491134
         -0.593887
         -0.516426
          0.180158
         -0.231787
        -0.0690802
          -1.22352
##################### ACCEPTABLE SUBNET NUMBER: 6  #########################
           1.24551
 8
25
20
24
14
 8
16
 2
21
 5
 1
32
40
39
34
         0.0514824
         -0.189857
         -0.281034
         -0.139933
         -0.103473
          0.130223
          -1.89586
          -0.56691
         -0.885191
         -0.865418
          -1.12348
          0.052533
         -0.236527
         -0.572254
          -0.87567
          -1.11699
##################### ACCEPTABLE SUBNET NUMBER: 7  #########################
            1.7107
 5
22
 6
50
13
29
 8
46
44
 7
33
36
24
39
35
           1.49853
           1.55571
           1.10115
           1.84937
            1.1818
           0.27729
          0.856049
         -0.114219
            1.4555
          0.814933
           1.49013
           1.16204
          0.285581
         -0.316566
          -1.37983
          0.158007
##################### ACCEPTABLE SUBNET NUMBER: 8  #########################
           1.68065
 3
31
32
26
 0
          0.151878
          0.149867
         -0.316343
          0.192662
          -0.31903
         -0.452599
##################### ACCEPTABLE SUBNET NUMBER: 9  #########################
          0.549351
 4
24
28
26
 5
 3
22
 3
34
          0.134204
         -0.319483
         -0.823584
         0.0628483
          0.107853
         -0.878064
         -0.972085
         -0.140345
        0.00561424
        -0.0299232
##################### ACCEPTABLE SUBNET NUMBER: 10  #########################
           2.25202
 3
 3
46
24
 1
41
         -0.523501
         -0.499574
         -0.801217
          0.666519
         -0.260317
          -1.48447
         0.0692363
##################### ACCEPTABLE SUBNET NUMBER: 11  #########################
          0.934205
 7
28
36
47
 8
 9
18
45
 9
34
26
23
 2
 1
19
33
40
 7
         -0.292709
         -0.510186
          0.262062
          0.720371
           -1.1135
         -0.508872
         -0.891853
          -0.19481
         -0.731037
         -0.204937
           -1.0323
          0.637817
          0.500551
         -0.587978
          -1.22483
        -0.0489941
         -0.595306
          -0.60025
          0.190661
##################### ACCEPTABLE SUBNET NUMBER: 12  #########################
           1.78591
 6
42
27
28
29
 4
19
 1
41
         -0.337547
         -0.279741
         -0.220913
        -0.0327266
          -1.16014
         -0.602075
         -0.459092
          0.560852
         -0.640799
          -0.63645
##################### ACCEPTABLE SUBNET NUMBER: 13  #########################
           1.85587
 7
 4
48
 1
39
47
34
36
 1
37
         -0.135056
        -0.0666127
         -0.272779
          0.750276
          -1.27159
          -1.51125
          -2.68347
          -1.51125
          -2.68347
          -1.51125
           -0.6423
##################### ACCEPTABLE SUBNET NUMBER: 14  #########################
          0.877545
10
14
19
39
41
 3
12
42
49
43
23
 4
 7
48
29
33
         -0.173326
         -0.385245
          0.213324
           1.05817
          0.464221
          0.645291
           0.14934
         -0.871986
          0.673607
           0.23499
          0.198495
         -0.190136
         -0.206063
         -0.306933
         -0.176043
           1.00338
          0.932486
##################### ACCEPTABLE SUBNET NUMBER: 15  #########################
           1.63456
 2
12
45
 1
 5
          0.188392
          0.233941
         -0.195279
          0.327242
        -0.0583855
          -1.32996
##################### ACCEPTABLE SUBNET NUMBER: 16  #########################
          0.529017
 6
 5
27
43
49
 2
48
 1
 4
          0.378619
         0.0223912
         -0.717843
         -0.160134
         0.0860096
         -0.167391
         -0.285085
          0.433674
         -0.994725
          0.137964
##################### ACCEPTABLE SUBNET NUMBER: 17  #########################
           1.18375
 2
20
13
 3
25
 8
14
          0.166991
         -0.832305
          0.445128
          0.854843
          0.121068
           1.46044
          0.123893
          0.113655
##################### ACCEPTABLE SUBNET NUMBER: 18  #########################
           2.24912
 5
 9
44
48
 4
16
 4
34
 7
32
46
           1.03738
           1.03594
          0.734123
          0.708694
         -0.503998
         -0.133738
         -0.281787
          -0.66677
          0.878465
           1.15817
          0.715112
          -2.02061
##################### ACCEPTABLE SUBNET NUMBER: 19  #########################
           1.91268
 1
43
15
20
26
18
35
 9
46
15
 2
49
41
22
33
21
45
29
         -0.404982
         -0.423671
          0.308454
         -0.127232
         -0.758087
          0.532177
         -0.460752
         -0.217397
          -0.55511
         -0.480984
        -0.0182751
         -0.179718
        -0.0333274
         -0.481839
          -1.39008
          -1.22943
          -1.39008
         -0.787283
          -1.55405
##################### ACCEPTABLE SUBNET NUMBER: 20  #########################
          0.787122
 2
36
28
 7
41
33
 3
 6
22
24
27
          0.478051
         -0.217468
          0.237005
         0.0816385
          0.292555
          0.648207
          0.530977
          0.386901
         -0.115158
          0.215575
         -0.500022
         -0.798203
##################### ACCEPTABLE SUBNET NUMBER: 21  #########################
          0.677268
 5
45
 1
40
28
39
 1
41
           1.30896
          0.504912
          -0.82991
          -1.72963
         -0.264994
          -1.29794
         0.0993159
         -0.324915
          0.114774
##################### ACCEPTABLE SUBNET NUMBER: 22  #########################
           1.50386
 4
36
40
43
34
 5
16
 8
37
22
25
         -0.345718
         -0.842569
        0.00263223
         -0.281483
        -0.0267545
         -0.707066
          -2.07785
          0.953689
         -0.825783
          -1.10989
          -1.11537
          -1.21303
##################### ACCEPTABLE SUBNET NUMBER: 23  #########################
           0.92955
 2
28
 8
 0
         -0.137004
         -0.677627
         -0.740609
         0.0692885
         -0.233365
##################### ACCEPTABLE SUBNET NUMBER: 24  #########################
           1.58703
 2
31
43
 0
          0.773955
          0.779958
         -0.235137
          0.210399
         -0.609775
##################### ACCEPTABLE SUBNET NUMBER: 25  #########################
           2.06332
 5
23
19
29
24
22
 2
32
12
         -0.475555
         -0.445912
          0.370902
          0.311483
          -0.86672
         -0.585987
         -0.865681
         -0.873898
          0.564545
          -0.85443
##################### ACCEPTABLE SUBNET NUMBER: 26  #########################
           2.48282
 5
37
13
12
23
50
 3
30
 9
16
         -0.521747
         -0.939481
         -0.424023
          0.727234
          0.630868
          -1.31658
          0.679177
         -0.249144
           1.21714
          0.265477
          -1.83647
##################### ACCEPTABLE SUBNET NUMBER: 27  #########################
           1.25972
 6
35
48
43
25
27
28
 4
 6
23
30
 5
         0.0244114
         -0.111216
         -0.918402
         0.0605159
         -0.283843
          -1.68734
         -0.123124
         0.0625295
          -3.20786
         0.0615979
         -0.418027
         -0.439083
         -0.793551
##################### ACCEPTABLE SUBNET NUMBER: 28  #########################
           1.52697
 1
12
 3
44
32
 6
          0.344414
          0.384987
         0.0832953
          0.601822
          -1.94647
          0.269011
          0.327003
##################### ACCEPTABLE SUBNET NUMBER: 29  #########################
           1.68069
27
50
 5
20
41
34
48
43
26
25
42
23
 3
36
16
38
22
49
12
 7
 6
45
10
13
37
35
40
17
15
32
44
46
15
39
19
 9
29
27
14
21
 8
47
18
24
          0.107579
          0.170741
           1.04473
           1.75905
           1.79401
           2.08148
         -0.916331
        -0.0757635
         -0.865298
         -0.869754
          -1.28112
          -2.69379
           1.69231
          -0.90782
          -0.34464
          -2.68813
         -0.805291
         -0.059011
          0.313503
          -1.68027
         -0.397137
         -0.305621
           1.01082
         -0.194414
        -0.0671424
          0.305928
          0.837155
           1.36989
         0.0730202
          -1.46217
           1.79395
          0.410751
         -0.349891
            1.3591
          0.206613
           1.19187
          -1.64506
          0.552018
            1.3023
       -0.00982017
          0.663691
           1.29588
          0.934965
        -0.0414704
           1.24243
##################### ACCEPTABLE SUBNET NUMBER: 30  #########################
           2.47828
 2
32
 1
10
33
42
22
 7
41
13
25
49
50
27
          0.311339
         -0.862846
          0.873829
         -0.346353
         -0.559986
           1.79297
          -1.19822
          -1.20665
         -0.587888
         -0.444697
          -1.12075
         -0.235062
          -1.36762
          -1.07194
         -0.269092
##################### ACCEPTABLE SUBNET NUMBER: 31  #########################
           1.87805
12
16
13
44
42
37
26
 5
30
45
 3
41
23
 6
32
24
34
17
48
10
           1.40071
           1.46087
           1.25289
         0.0195097
          0.557424
          -1.27742
          0.478438
          0.489198
         -0.764977
           1.63184
          -1.37644
         -0.778836
         -0.655404
         -0.286122
          -1.36872
           1.43726
         -0.165576
         -0.370392
          0.275897
          0.534031
         0.0997292
##################### ACCEPTABLE SUBNET NUMBER: 32  #########################
           1.25423
 1
14
 6
 7
 9
38
36
46
29
          0.352368
        -0.0470797
           1.34265
           1.61188
            1.9655
           1.44712
           1.62903
          0.614268
          0.259081
        -0.0248332
##################### ACCEPTABLE SUBNET NUMBER: 33  #########################
           1.96725
 8
40
29
30
25
37
47
22
46
 8
32
10
 6
20
44
 2
28
 4
           1.43508
           1.49505
           1.00495
           1.40141
          0.266075
          0.236732
          0.678959
          -1.72631
         -0.637137
         -0.192076
         -0.133897
           1.30122
         -0.269352
          0.647979
          -0.23609
         -0.710823
          0.608634
         -0.280799
           0.46109
##################### ACCEPTABLE SUBNET NUMBER: 34  #########################
          0.676677
 1
 8
 6
32
42
 1
 3
16
38
          0.325745
         -0.624146
         -0.121269
          0.128988
          0.350715
          0.282136
           -1.4039
          0.170923
         -0.228993
          0.230215
##################### ACCEPTABLE SUBNET NUMBER: 35  #########################
           1.42808
 2
27
48
 3
41
19
50
         0.0930413
        -0.0641623
        -0.0693667
         0.0873471
         -0.173123
          0.217428
         -0.612598
          -1.54383
##################### ACCEPTABLE SUBNET NUMBER: 36  #########################
          0.745069
 8
21
43
28
23
39
33
25
31
 1
41
          0.433748
          0.104002
        -0.0472403
        -0.0614628
          -1.37213
          0.259058
         -0.848457
         -0.804369
         -0.265612
          -1.10489
         -0.715747
          0.335045
##################### ACCEPTABLE SUBNET NUMBER: 37  #########################
           1.75263
 3
31
13
 9
 6
48
35
30
23
39
 6
          0.249484
          0.033211
         -0.355677
           1.08471
          -1.37498
          0.927121
          0.987679
           1.07043
         -0.622803
          -0.81358
         -0.252836
          -1.21162
##################### ACCEPTABLE SUBNET NUMBER: 38  #########################
           1.78268
 4
40
32
24
17
 1
49
          0.281984
          0.102511
         -0.513683
         0.0239409
         -0.324613
        -0.0750829
           -1.1314
         -0.644615
##################### ACCEPTABLE SUBNET NUMBER: 39  #########################
           1.24071
 4
17
36
42
 2
 4
32
26
19
23
        -0.0136052
         -0.525979
        -0.0692581
        -0.0504008
         -0.588017
         -0.957314
          -1.18276
          -1.43716
          0.296631
         0.0703002
          -0.21633
##################### ACCEPTABLE SUBNET NUMBER: 40  #########################
           1.23186
 7
27
 5
 9
48
28
38
43
 5
23
14
29
26
 4
          0.322004
          0.150499
         -0.328832
          0.172583
         -0.148571
         -0.663754
         -0.238627
          -1.59459
         -0.761444
         -0.631992
        -0.0380403
         -0.536413
         0.0261469
          -1.39936
         -0.287241
##################### ACCEPTABLE SUBNET NUMBER: 41  #########################
           1.76386
10
15
37
 5
13
19
48
 1
31
44
 4
 6
32
23
42
18
21
28
          0.268844
          0.331687
          0.474972
         -0.160564
          0.202752
          0.796092
          -0.62772
          -1.37466
          0.245985
         -0.369873
          0.399852
          -1.04324
         -0.432192
          0.660381
          -1.63232
          0.160186
         -0.997741
          -0.59312
          -1.56353
##################### ACCEPTABLE SUBNET NUMBER: 42  #########################
           1.10823
 6
 8
28
33
24
 2
30
 5
 5
26
41
43
 1
         -0.212553
         -0.689476
         -0.905266
         -0.547445
           0.10631
          -1.18772
         -0.587243
         -0.616284
           -1.1941
          -1.00176
         -0.665194
         -0.759141
         -0.759708
         -0.756888
##################### ACCEPTABLE SUBNET NUMBER: 43  #########################
           1.97112
 7
12
 2
22
 9
23
13
48
 6
32
17
34
40
29
24
         -0.379028
         -0.319777
          0.250078
         -0.340332
          0.393639
          0.742112
         -0.949929
         -0.920393
           0.34533
          -0.32994
          0.477511
          -1.41739
          0.192727
          -1.40266
         -0.360138
          -0.32629
##################### ACCEPTABLE SUBNET NUMBER: 44  #########################
          0.684575
 5
27
39
 2
25
12
 2
41
19
          0.761652
        -0.0114653
         -0.315708
         -0.186301
         -0.216432
          0.185429
         -0.328502
         -0.420623
          0.237748
         -0.217498
##################### ACCEPTABLE SUBNET NUMBER: 45  #########################
           1.24661
 2
 3
25
 4
26
15
46
42
          0.140011
         -0.522665
      -0.000236251
         -0.356406
         -0.292822
          0.416231
          0.164148
         -0.205051
         -0.127395
##################### ACCEPTABLE SUBNET NUMBER: 46  #########################
           1.42447
 2
24
14
 0
         -0.253631
         -0.711653
         -0.375848
         -0.438602
        -0.0159306
##################### ACCEPTABLE SUBNET NUMBER: 47  #########################
           1.10786
 1
36
 3
41
49
 3
          0.259634
         -0.114083
           1.22333
            1.4762
           1.62232
           1.51149
          0.410899
##################### ACCEPTABLE SUBNET NUMBER: 48  #########################
            2.1475
 8
21
43
19
27
33
14
26
22
 5
32
20
16
49
39
         -0.596274
         -0.652559
          0.648517
         0.0712802
           -1.1338
        0.00921018
          -1.14161
        -0.0159982
          -2.02288
         -0.164353
          0.472075
          0.908461
          -1.19211
          0.525205
           0.46254
         -0.672814
##################### ACCEPTABLE SUBNET NUMBER: 49  #########################
           2.11633
 6
29
 1
21
49
 6
17
 3
26
18
25
          0.232058
          0.304554
          0.086541
          0.259832
          0.957487
        -0.0363587
        -0.0466719
        -0.0544811
          0.273923
          0.269352
           0.21583
        0.00842595
##################### ACCEPTABLE SUBNET NUMBER: 50  #########################
          0.742438
 6
 8
28
18
34
32
37
 7
41
47
 7
36
23
35
 2
          0.191282
        -0.0588066
          0.209647
          0.305015
          0.588965
          -1.38786
          -1.88161
          -0.73606
          -1.47949
          0.604961
         -0.493059
          -1.14151
          0.234049
         -0.523434
          0.236689
          -1.35057
##################### ACCEPTABLE SUBNET NUMBER: 51  #########################
            1.3744
 6
39
36
43
20
24
21
 4
26
18
40
 7
           1.54848
           1.26253
         -0.551467
          0.652431
         -0.392806
          -1.77545
          0.163706
         -0.305667
          0.194778
          0.836641
          0.728137
         -0.914426
         -0.997538
##################### ACCEPTABLE SUBNET NUMBER: 52  #########################
            2.0801
 1
 4
 5
 7
39
34
41
31
           1.44247
           1.15518
           1.19777
          0.444523
           1.02265
           1.03711
           1.22753
           1.51691
          0.313608
##################### ACCEPTABLE SUBNET NUMBER: 53  #########################
           1.40225
 1
20
 0
         -0.127714
         -0.447094
         -0.274838
          0.056256
##################### ACCEPTABLE SUBNET NUMBER: 54  #########################
           1.72693
 4
 3
 8
36
 9
 5
10
44
12
 2
18
          0.390954
          0.457617
          -0.45758
           0.88389
          0.670385
         -0.431573
          -1.85421
          0.538401
          0.346959
          -1.21276
          -1.37414
         -0.522265
##################### ACCEPTABLE SUBNET NUMBER: 55  #########################
           1.73679
 5
 3
16
25
38
29
 3
47
12
 1
         -0.313672
         -0.273302
          -1.18469
           0.58111
          -1.00122
        -0.0330379
         -0.102098
         -0.318129
         -0.405653
          -2.30777
          0.379156
##################### ACCEPTABLE SUBNET NUMBER: 56  #########################
           1.28177
 2
 9
14
 3
34
41
 2
          0.259562
         -0.424319
          0.178065
          0.466045
         -0.563799
          -1.49769
          0.715921
         -0.649384
##################### ACCEPTABLE SUBNET NUMBER: 57  #########################
          0.639386
 5
30
14
24
29
10
 3
 3
38
19
          0.229626
        0.00367175
         -0.528413
         -0.284087
          0.460347
         -0.857443
         -0.122072
        -0.0130719
         -0.876139
          0.175681
           0.36186
##################### ACCEPTABLE SUBNET NUMBER: 58  #########################
           2.14854
 0
 1
32
         -0.232825
         -0.354717
         0.0829223
          0.302615
##################### ACCEPTABLE SUBNET NUMBER: 59  #########################
           2.29716
 0
 6
46
38
25
16
13
36
          0.562025
         -0.652547
         -0.112005
          0.487895
         -0.434937
            -1.306
         -0.122168
          -1.13496
          -1.19526
##################### ACCEPTABLE SUBNET NUMBER: 60  #########################
           1.95527
 4
43
22
45
16
 2
31
13
       6.38195e-05
         -0.261974
         -0.878686
         0.0577657
         -0.513315
         -0.907328
         -0.917328
          -0.91379
          -2.01147
##################### ACCEPTABLE SUBNET NUMBER: 61  #########################
           1.56991
 2
32
22
 3
39
29
42
         -0.339311
         -0.684298
          0.364507
          -0.78407
         -0.788317
          0.733436
          0.300619
          0.414124
##################### ACCEPTABLE SUBNET NUMBER: 62  #########################
          0.748461
 5
 9
 2
20
 5
42
 1
14
        -0.0248346
         -0.451355
         -0.348676
          0.160209
         -0.773228
        -0.0659652
            -0.736
          -0.81174
         -0.334638
##################### ACCEPTABLE SUBNET NUMBER: 63  #########################
           2.69989
10
28
35
42
17
 1
13
23
29
 6
 5
 0
         -0.143266
         -0.220612
         -0.229137
         -0.980352
         -0.541997
         -0.218646
          -1.41051
        -0.0706914
         -0.341456
         -0.887574
          0.129608
          -1.07631
          -1.07575
##################### ACCEPTABLE SUBNET NUMBER: 64  #########################
           1.36114
 2
44
46
 7
16
25
48
27
17
41
39
       -0.00617095
         -0.851881
         0.0300662
        -0.0998456
         -0.509847
           1.09911
          0.204598
         -0.613336
         -0.622931
          -1.86158
          -1.81027
         -0.547453
##################### ACCEPTABLE SUBNET NUMBER: 65  #########################
            1.4026
 5
36
30
31
 2
32
 1
18
         0.0417882
         0.0189462
         -0.416964
          0.202266
        -0.0762048
          -0.86986
          -3.06231
          -3.03771
          0.150705
##################### ACCEPTABLE SUBNET NUMBER: 66  #########################
           1.64002
 2
12
49
 2
10
 7
           2.09547
           2.14737
         -0.165862
          0.387374
         -0.584827
         -0.318926
         -0.250425
##################### ACCEPTABLE SUBNET NUMBER: 67  #########################
           1.80186
 4
 3
31
48
13
 4
49
 7
26
47
           1.18379
           1.19053
           1.09287
           1.89913
           1.73914
          0.416086
         -0.356923
           1.68294
           1.46006
          0.825208
         -0.149421
##################### ACCEPTABLE SUBNET NUMBER: 68  #########################
           1.70232
17
27
24
36
 9
28
13
22
42
37
25
18
 1
14
16
 8
46
47
22
10
39
32
 3
12
26
38
41
23
43
29
 5
44
 2
19
 7
31
 6
50
 4
20
15
           1.23342
            1.1805
           1.00528
           1.71404
         -0.459598
          0.570132
         -0.400252
          0.360943
         -0.105855
          0.796229
          0.406776
           1.11247
          0.956909
          0.388294
          0.531448
          -1.12037
          0.809084
        -0.0328687
        -0.0740322
          0.343575
           1.53245
           1.45295
          0.328169
         -0.331976
          0.404493
           1.26441
          0.186106
          0.402917
           1.54739
           1.06757
          0.079847
          -0.96663
          0.476205
          0.958612
         0.0825629
         -0.283556
          -0.30668
          0.839246
        -0.0762048
        -0.0688349
          -1.07139
         -0.476182
##################### ACCEPTABLE SUBNET NUMBER: 69  #########################
           1.69109
14
17
20
40
21
31
36
26
47
10
49
15
42
25
 6
 7
41
37
 5
 8
46
 7
35
          0.909073
          0.920428
            0.1771
           1.30675
           1.73627
          0.481928
          0.561928
         -0.674941
         0.0418179
           1.39488
         -0.687595
          -1.02405
          0.269522
          -1.36208
          0.924602
          0.961375
         0.0591972
            1.6255
          -1.23817
          0.859486
          -1.17447
         0.0199012
         -0.222825
         -0.466174
##################### ACCEPTABLE SUBNET NUMBER: 70  #########################
           1.02349
 1
 2
 2
16
 9
          -0.46351
          -0.85038
         -0.328947
          0.343936
          0.281213
          -0.87626
##################### ACCEPTABLE SUBNET NUMBER: 71  #########################
           1.69637
 3
38
 6
35
 7
41
10
16
30
 7
 1
46
          0.188194
          0.253068
          -1.25455
         0.0397446
          0.621315
          0.307625
          0.244764
           0.10665
         -0.300219
         -0.632235
          -1.51583
         -0.461073
          -1.57912
##################### ACCEPTABLE SUBNET NUMBER: 72  #########################
           1.38764
 2
24
44
 3
21
32
 7
         0.0552039
         -0.473226
         -0.383428
         0.0657687
         -0.538982
          0.118165
          -1.11295
        -0.0834066
##################### ACCEPTABLE SUBNET NUMBER: 73  #########################
           1.38049
 7
35
47
19
13
42
14
48
 1
46
         0.0335112
        -0.0491037
         -0.527691
        -0.0808518
        -0.0717234
          -1.91605
          -1.38629
           -0.4535
          0.150413
         -0.166146
         -0.756477
##################### ACCEPTABLE SUBNET NUMBER: 74  #########################
           1.18025
 2
36
 9
 8
33
13
 1
19
31
14
21
45
         0.0795137
         -0.241334
         -0.633663
          0.249977
          -1.21812
          0.219946
          0.147019
         -0.750638
         -0.989025
          0.140531
         -0.250433
         0.0901845
          0.114178
##################### ACCEPTABLE SUBNET NUMBER: 75  #########################
           1.28898
 6
17
10
21
43
38
20
 5
40
 6
41
 9
34
       -0.00950866
         -0.127054
         -0.580902
         0.0614964
         -0.126105
         0.0754396
          -1.04638
         -0.062858
         -0.265686
         -0.479156
          -1.09398
          -1.09004
         -0.277929
         -0.564594
##################### ACCEPTABLE SUBNET NUMBER: 76  #########################
          0.313328
 3
 9
37
50
 0
          0.590257
          -0.35515
          -0.48446
         0.0439467
         -0.707006
         -0.528158
##################### ACCEPTABLE SUBNET NUMBER: 77  #########################
          0.887882
 6
 2
12
13
 3
14
21
 5
39
37
 4
46
24
         0.0536962
         -0.209857
          0.386865
           1.55722
           1.20038
          0.637196
        -0.0912012
          0.637437
          0.541256
            1.0225
            1.2551
          -1.07369
          0.914954
         -0.683508
##################### ACCEPTABLE SUBNET NUMBER: 78  #########################
           2.49312
 6
17
45
25
21
13
22
 7
31
 3
 8
46
50
29
33
          -0.39402
         -0.446931
         0.0415478
           0.26519
         -0.931051
          -1.64098
          -1.23001
         -0.835725
         -0.981063
         -0.847459
          -1.98572
         -0.264512
          0.301527
         -0.381042
         -0.928053
           -1.3633
##################### ACCEPTABLE SUBNET NUMBER: 79  #########################
           1.30101
 9
23
17
14
38
29
15
20
 7
 2
 1
34
         -0.195963
         -0.262114
         -0.264687
            -1.204
         -0.451235
         -0.219488
         -0.109635
          -0.49988
         -0.121858
          0.209006
         -0.802598
         -0.900941
          -0.29291
##################### ACCEPTABLE SUBNET NUMBER: 80  #########################
           1.41425
 7
41
31
14
21
 7
32
46
 2
23
 2
          0.174089
          0.192286
         -0.248188
         -0.329402
         0.0602692
          0.302549
          0.170475
          -1.37673
           -1.4331
          -1.70676
          -0.51947
         -0.459516
##################### ACCEPTABLE SUBNET NUMBER: 81  #########################
           1.87794
 4
 9
 8
40
42
 5
16
 2
 5
50
10
        -0.0541367
         -0.171188
         -0.347966
         -0.320275
         -0.238781
         0.0715646
         -0.322986
        -0.0800769
          -1.78897
          -1.12016
         -0.872089
         -0.920236
##################### ACCEPTABLE SUBNET NUMBER: 82  #########################
           1.57317
 4
27
47
 2
49
 1
13
        0.00353637
         0.0181311
         -0.969722
          0.258929
        -0.0501311
         -0.803343
         -0.730403
         -0.713403
##################### ACCEPTABLE SUBNET NUMBER: 83  #########################
           2.14014
 7
 9
13
25
33
41
34
 4
 0
         -0.545805
         -0.517307
         -0.831129
            -1.575
          0.231034
         -0.733122
          -0.82765
         -0.196427
         -0.266076
          0.511796
##################### ACCEPTABLE SUBNET NUMBER: 84  #########################
           1.67328
 8
 3
18
 9
28
 4
14
15
17
 3
 7
30
45
          0.313234
          0.366255
          -0.44638
          0.809865
         0.0450483
          0.514262
         -0.711002
        -0.0496349
         -0.615881
          -1.10695
         -0.991106
          0.218099
          0.508403
           -0.6785
##################### ACCEPTABLE SUBNET NUMBER: 85  #########################
            2.0206
 0
 5
41
33
19
 1
31
           1.18568
          0.782765
          0.180724
          0.537633
          0.183247
          -1.09541
           -1.0739
         -0.341723
##################### ACCEPTABLE SUBNET NUMBER: 86  #########################
           2.01177
 1
21
 1
26
         -0.460316
         -0.420999
          0.808105
          0.455589
           1.01344
##################### ACCEPTABLE SUBNET NUMBER: 87  #########################
           2.09202
10
 3
48
45
34
 7
38
 1
25
28
15
 4
35
37
44
39
          0.981161
          0.989546
          0.702252
           1.70128
          0.888965
           1.04826
          0.774992
          0.318881
         -0.728733
          -1.17242
          0.469267
          -1.74239
           1.42484
           0.73543
           1.48277
          0.395223
         -0.886256
##################### ACCEPTABLE SUBNET NUMBER: 88  #########################
           1.58089
 2
12
13
 4
49
33
50
31
         0.0592878
         0.0736954
          0.221318
          0.855296
          0.749674
          0.660225
          0.393271
         -0.128907
         -0.319031
##################### ACCEPTABLE SUBNET NUMBER: 89  #########################
           1.48565
 7
24
29
26
14
49
16
42
 0
         -0.180238
         -0.152384
         -0.491534
          0.134356
         -0.459921
         -0.256911
           0.34913
         -0.108448
          -1.26313
          -1.48479
##################### ACCEPTABLE SUBNET NUMBER: 90  #########################
           1.86654
 1
40
 1
30
         0.0717223
         -0.223799
          -0.34714
        -0.0279019
         -0.555722
##################### ACCEPTABLE SUBNET NUMBER: 91  #########################
           1.51963
 6
47
27
 3
 8
49
17
 0
         0.0397019
       -0.00813581
         -0.575499
        -0.0125555
         0.0586087
         -0.385141
          0.042222
         -0.289968
         0.0673639
##################### ACCEPTABLE SUBNET NUMBER: 92  #########################
           1.89893
 8
29
41
12
24
 4
27
 7
49
12
18
40
42
25
28
13
47
35
14
 9
50
48
         -0.435114
         -0.389654
         -0.693849
          0.239036
         -0.551201
          0.251394
       0.000556841
          0.510738
          -1.53733
          -1.17769
          -1.18797
          -1.27831
         -0.255413
          -1.52732
          -1.49295
          -1.69247
           -1.3471
        -0.0278466
         -0.462645
         -0.544035
          -1.54376
          -1.04303
          -1.04303
##################### ACCEPTABLE SUBNET NUMBER: 93  #########################
           1.65586
 7
22
39
24
 7
13
15
31
 7
34
44
 3
19
18
 9
 8
          -0.22821
         -0.184635
         -0.601398
          0.229016
         -0.789468
           0.28876
          -0.67925
          0.388123
         -0.598635
         -0.599153
         0.0822006
         -0.619052
         0.0273375
           -0.8417
         -0.804447
         -0.830819
         -0.592075
##################### ACCEPTABLE SUBNET NUMBER: 94  #########################
          0.924849
 3
26
 2
24
 5
41
45
 4
47
33
          0.312962
         0.0279988
          0.769037
         0.0218129
           1.20788
          0.423696
           1.12666
         -0.163407
          -1.40142
          -1.81128
         -0.049541
##################### ACCEPTABLE SUBNET NUMBER: 95  #########################
           1.21658
 1
20
 0
         -0.242502
          -0.57567
         -0.299964
         0.0525705
##################### ACCEPTABLE SUBNET NUMBER: 96  #########################
           1.70778
 5
30
49
19
36
21
 3
46
32
34
         0.0701726
          0.131583
         0.0661144
          0.310532
          0.629783
          0.132223
         -0.320788
          0.743328
          0.447718
          0.552806
         -0.345354
##################### ACCEPTABLE SUBNET NUMBER: 97  #########################
            2.6437
 1
 3
 0
         -0.461361
         -0.400675
          -1.49143
          0.637518
##################### ACCEPTABLE SUBNET NUMBER: 98  #########################
           1.20973
 0
 6
16
18
44
32
42
45
         -0.536657
          -0.82146
          0.704561
           1.21965
           1.27499
          -1.24149
         -0.644893
          0.684133
          -1.70881
##################### ACCEPTABLE SUBNET NUMBER: 99  #########################
           1.56267
 2
35
44
 4
22
38
41
31
         -0.130002
         -0.604527
         -0.777963
         -0.239557
        -0.0649076
         -0.669141
         -0.609762
         -0.500537
          -2.41992
##################### ACCEPTABLE SUBNET NUMBER: 100  #########################
          0.756116
 4
 8
42
14
43
 7
30
15
34
41
 9
23
25
        -0.0519317
         -0.212917
         -0.308434
          0.247853
        -0.0422917
           0.26173
          -1.04927
         0.0401964
          0.162849
        -0.0577755
         -0.922826
         -0.933571
          -1.80236
        -0.0622153
----------Number of Acceptable Subnets found: 100 -----------
----------END FOR GENE 11 -----------
