File open successful. It contains: 
Finished reading file, will close now.
File x_dt open successful.
Finished reading file x_dt, will close now.
File sd_d open successful.
Finished reading file sd_d, will close now.
--------START FOR GENE 25 -----------
 Values arranged as error, n_ka, gene ids for ka, n_kd, gene ids for kd,
 r0, d, ea, ka_values, kd_values for each subnet. 
##################### ACCEPTABLE SUBNET NUMBER: 1  #########################
           2.77644
 5
 1
 4
17
47
 9
 5
14
36
 8
35
20
         -0.360734
          -0.64833
         -0.308465
          0.857889
           0.85891
         -0.985156
          -1.18323
          -1.76557
          0.888248
         0.0770641
          -1.18319
          -1.18422
          -1.22971
##################### ACCEPTABLE SUBNET NUMBER: 2  #########################
           1.93395
 3
50
 1
22
 1
36
        -0.0937657
          -0.15833
         -0.258822
           0.20032
          0.863815
         -0.371681
          0.438281
##################### ACCEPTABLE SUBNET NUMBER: 3  #########################
           1.69477
 3
 1
45
 9
 5
30
20
23
46
35
        -0.0937231
         -0.151765
         -0.115968
          0.713819
         -0.728118
         -0.368095
         -0.356666
          0.349854
          -1.67025
          -1.10272
          -1.67127
##################### ACCEPTABLE SUBNET NUMBER: 4  #########################
            2.1201
 2
 7
 1
 0
         -0.293474
         -0.457822
         -0.195081
         -0.170873
          0.450363
##################### ACCEPTABLE SUBNET NUMBER: 5  #########################
           2.25156
 5
11
 1
 7
 6
46
 8
34
44
20
24
45
26
48
39
           1.33303
          0.503788
          0.924613
           1.26883
          0.889418
          0.954885
          0.611458
          -1.21907
          0.189092
           1.56081
          -1.29571
           0.78534
          0.656982
          0.521826
          0.111131
         -0.487201
##################### ACCEPTABLE SUBNET NUMBER: 6  #########################
            2.2126
 1
 1
 4
20
31
29
14
         -0.246355
         -0.383097
         -0.159183
          0.513206
         -0.421519
        -0.0226479
         -0.441235
           -1.8742
##################### ACCEPTABLE SUBNET NUMBER: 7  #########################
          0.336817
 5
43
 5
 7
 1
18
 5
32
10
36
 2
48
          0.947266
          0.694218
          0.902711
          0.940158
           1.12108
          0.987588
           0.80286
          0.892331
           0.77264
           1.34345
          0.419174
           1.81627
          0.238155
##################### ACCEPTABLE SUBNET NUMBER: 8  #########################
           1.31359
 1
11
 6
46
 2
35
21
12
 8
          0.107871
          -0.15207
         -0.144376
          0.161536
         -0.276921
          0.703446
          -1.96444
          -1.04436
         -0.536794
          -1.04675
##################### ACCEPTABLE SUBNET NUMBER: 9  #########################
           1.17453
 8
16
 1
46
39
10
11
34
 2
 3
41
 8
 6
          0.344852
          0.227669
         -0.492744
         0.0830869
          0.650206
          0.153256
         -0.248032
          -0.38091
          -2.08377
         -0.110685
         -0.514077
          0.306061
          0.518578
          -2.50483
##################### ACCEPTABLE SUBNET NUMBER: 10  #########################
           2.57318
 3
11
 1
21
 0
         -0.302348
         -0.446701
         -0.171396
         -0.286909
          0.446547
          -0.16247
##################### ACCEPTABLE SUBNET NUMBER: 11  #########################
           2.75665
 1
12
 1
28
          0.260902
         -0.450526
          0.495098
          0.845503
           1.26172
##################### ACCEPTABLE SUBNET NUMBER: 12  #########################
           2.63484
 9
 9
29
43
15
11
23
44
 3
 7
 4
28
30
21
20
           1.16637
          0.653153
          0.398545
           1.06645
          0.304402
        -0.0200392
          0.685138
          -1.26421
         -0.382553
        -0.0385505
          0.323686
          -1.20747
           1.15142
         -0.585655
          0.919984
          -1.31705
##################### ACCEPTABLE SUBNET NUMBER: 13  #########################
            2.3582
 6
18
35
 1
39
 7
19
 5
31
45
 4
38
27
         -0.248935
         -0.346262
         -0.383319
        -0.0920283
          0.264671
          0.789508
         -0.295878
         -0.266642
        -0.0104911
          -1.16402
          0.355935
         -0.611571
         -0.602278
         -0.724339
##################### ACCEPTABLE SUBNET NUMBER: 14  #########################
           1.81656
 1
 1
 3
 2
16
17
          -0.25405
         -0.374082
         -0.111178
          0.627335
          0.565941
         0.0576811
         -0.633232
##################### ACCEPTABLE SUBNET NUMBER: 15  #########################
           2.58394
 7
15
 3
 2
 9
 5
44
 4
 1
14
          0.450459
          0.265445
         -0.194626
          0.229989
         -0.549144
         -0.662818
          0.261798
          0.199209
          -1.68395
         -0.957449
          0.384417
##################### ACCEPTABLE SUBNET NUMBER: 16  #########################
           1.96291
 5
 1
24
18
 8
48
 3
41
 4
15
          0.219046
          0.194235
          0.813744
           1.47933
         -0.680016
          0.710617
          0.365798
         0.0017901
          0.991043
           1.06932
          0.885845
##################### ACCEPTABLE SUBNET NUMBER: 17  #########################
          0.737113
 2
 5
 3
 4
 2
26
33
22
          0.194053
         -0.286587
         -0.174428
            0.0281
          -2.10629
          0.620221
        -0.0182006
         -0.061476
           -2.1135
##################### ACCEPTABLE SUBNET NUMBER: 18  #########################
            2.8872
 2
29
 8
 3
43
 2
 4
         -0.378171
         -0.682932
         -0.342901
         -0.415862
          0.494842
          0.087292
          0.708516
         -0.833149
##################### ACCEPTABLE SUBNET NUMBER: 19  #########################
            2.5089
 2
 1
 8
 5
27
19
16
30
45
         -0.319992
         -0.496687
         -0.182097
          0.437781
        -0.0987249
          -0.53558
         -0.332005
         -0.306553
          -1.43777
         -0.414932
##################### ACCEPTABLE SUBNET NUMBER: 20  #########################
           2.12316
 2
 1
 7
 5
29
19
18
20
22
         -0.283334
         -0.452226
         -0.190721
          0.439622
         -0.181407
         -0.774434
          -1.51208
          -1.48273
         -0.984822
         -0.984822
##################### ACCEPTABLE SUBNET NUMBER: 21  #########################
           2.71472
 1
 5
 2
43
44
          0.146025
         -0.302055
          -0.22752
         0.0627924
          0.163161
         -0.738095
##################### ACCEPTABLE SUBNET NUMBER: 22  #########################
           1.82276
 4
 8
 4
11
43
 4
37
 3
 2
38
        -0.0366111
         -0.108562
         -0.479159
          0.638354
         -0.277385
           0.48782
          0.337223
        -0.0369454
        0.00478125
          0.994632
         -0.361783
##################### ACCEPTABLE SUBNET NUMBER: 23  #########################
           2.28432
 7
44
47
32
 1
33
39
34
 4
12
38
21
40
         -0.271154
         -0.407387
         -0.661983
          -1.72285
         0.0333354
           -1.0234
          0.510518
         -0.229007
         -0.940077
         -0.311283
          -2.13119
        -0.0284064
         -0.126973
        -0.0561385
##################### ACCEPTABLE SUBNET NUMBER: 24  #########################
           1.74554
 6
31
20
10
 3
 5
13
 8
 2
36
34
18
42
 1
41
17
        -0.0126079
         -0.404056
         -0.482741
          0.174089
         -0.050538
         0.0931291
         -0.106641
         -0.685549
         -0.585452
          0.673203
          0.135456
          0.127847
          -0.19596
         -0.170973
         -0.823887
         -0.573868
         -0.644138
##################### ACCEPTABLE SUBNET NUMBER: 25  #########################
            1.5976
 6
 5
31
39
34
47
29
 9
41
30
45
 2
18
20
26
43
15
          0.334584
          0.046127
          0.724656
          -0.27266
          0.352425
         -0.131312
          -1.29248
          -1.15628
         -0.363044
          0.976053
           -1.0957
         0.0495359
            1.2889
          -0.38236
         -0.941375
          0.585652
          -1.49679
          -0.87862
##################### ACCEPTABLE SUBNET NUMBER: 26  #########################
           2.46389
 2
 1
26
 1
28
         -0.278732
         -0.450817
         -0.175604
          0.421727
          -1.03886
          -1.53822
##################### ACCEPTABLE SUBNET NUMBER: 27  #########################
           2.46254
 3
11
47
33
 1
 9
         0.0946151
         -0.584831
         -0.946502
         0.0348814
         -0.097232
          -2.33195
          0.520263
##################### ACCEPTABLE SUBNET NUMBER: 28  #########################
           2.16522
 5
19
14
11
 8
37
 2
44
 5
          0.271536
         -0.378444
           0.12819
          0.476203
         -0.191477
          0.558858
         -0.676671
          0.512668
          0.827703
          -1.02705
##################### ACCEPTABLE SUBNET NUMBER: 29  #########################
           2.42472
 2
 1
 2
 1
37
         -0.292793
         -0.446103
         -0.169601
           0.45251
         -0.459683
         -0.385098
##################### ACCEPTABLE SUBNET NUMBER: 30  #########################
           1.91672
 5
 1
23
48
24
 6
 2
40
14
         -0.175135
         -0.248999
          0.333457
            1.3265
          -2.54997
          0.481302
         -0.708228
         -0.401114
          0.848646
         -0.705048
##################### ACCEPTABLE SUBNET NUMBER: 31  #########################
           2.03552
11
20
10
39
11
34
47
31
40
32
14
23
14
 2
24
37
22
12
27
 7
28
49
13
16
30
33
15
         0.0956387
         -0.171086
          0.455541
           1.07688
          0.744745
         -0.746587
          0.840755
          0.352696
          0.303972
         -0.199608
         -0.634368
         -0.350143
         -0.128662
         -0.657482
           1.56675
          -1.14391
          0.675228
         -0.625975
         -0.121648
         -0.653679
          0.300014
          0.387084
         -0.243853
         0.0398997
          0.533705
         -0.340258
        0.00388239
           0.22436
##################### ACCEPTABLE SUBNET NUMBER: 32  #########################
          0.731477
 5
37
38
 8
47
19
 6
 2
18
 3
35
31
48
          0.226608
         -0.245776
         -0.856716
        -0.0730216
        -0.0127681
         -0.456899
         -0.769214
         -0.180108
          0.636623
        -0.0448946
         -0.316484
           -1.0944
          -1.14919
         -0.161437
##################### ACCEPTABLE SUBNET NUMBER: 33  #########################
           2.47586
 1
 1
 0
          -0.32126
         -0.475744
          -0.18193
          0.461448
##################### ACCEPTABLE SUBNET NUMBER: 34  #########################
           2.53317
10
21
 1
40
 8
19
29
14
 2
12
50
 6
45
41
48
49
20
26
         -0.189977
         -0.265401
           0.61257
          0.540462
           1.52238
          0.446187
           0.39052
          0.356918
          -1.77332
          -1.34774
         -0.250905
         -0.987918
         -0.426433
           1.05107
          0.270003
          0.509888
         -0.124571
          -1.69533
          -1.71691
##################### ACCEPTABLE SUBNET NUMBER: 35  #########################
          0.745784
 3
11
47
20
 3
 2
24
46
          0.296471
        -0.0199538
         -0.248071
         0.0538196
        -0.0115982
         -0.998312
          0.678873
         -0.155845
         -0.930858
##################### ACCEPTABLE SUBNET NUMBER: 36  #########################
           2.51472
11
21
18
 2
48
16
31
 6
43
42
19
23
16
20
30
49
 5
 3
39
37
24
41
28
13
11
 4
 8
44
40
           1.34561
           1.04522
           1.15583
           1.77237
         -0.917946
           1.30221
          0.240005
           1.34963
          -1.49152
           1.80885
          -0.29123
          -1.78131
          0.258986
          0.432816
          0.580433
            1.8757
           1.46647
           1.00552
           1.79516
          0.153361
          0.642301
          0.203446
           1.29095
          0.870533
          -1.17081
         -0.547256
          -0.51054
         -0.190739
          0.390889
           0.57145
##################### ACCEPTABLE SUBNET NUMBER: 37  #########################
           4.68548
 1
38
 3
26
36
50
          0.436223
         -0.434601
         -0.823001
         -0.124635
         -0.058423
       -0.00728563
          -0.69921
##################### ACCEPTABLE SUBNET NUMBER: 38  #########################
           5.17253
 2
11
 7
 1
15
          -0.38376
         -0.689767
         -0.263787
         0.0557192
          -1.09135
          -1.07275
##################### ACCEPTABLE SUBNET NUMBER: 39  #########################
           2.94926
 6
 1
21
 3
43
13
48
10
18
10
49
12
35
41
44
15
33
32
          0.978058
          0.950267
          0.651853
           1.46511
           1.15852
        -0.0264144
          0.179053
          0.333857
        -0.0546449
            0.3281
          0.814106
         -0.634209
         0.0475094
           1.12947
         -0.866665
          0.605864
         -0.895353
           0.20808
         -0.361163
##################### ACCEPTABLE SUBNET NUMBER: 40  #########################
           4.41542
 6
 5
 3
 6
 7
30
50
 0
         -0.285093
         -0.888954
         -0.671432
         -0.089361
         -0.102106
          -1.46391
         -0.198728
          -1.22956
          -1.27517
##################### ACCEPTABLE SUBNET NUMBER: 41  #########################
           4.26688
 2
 6
48
 3
41
19
22
         -0.146055
         -0.315416
          0.574639
          0.751728
        -0.0172383
          0.809173
          0.631585
           0.44024
##################### ACCEPTABLE SUBNET NUMBER: 42  #########################
           1.91496
 4
15
 1
40
28
 2
12
18
         0.0484392
        0.00203463
         -0.127272
          -1.49107
          0.806742
         -0.618554
         0.0410038
          0.386775
         -0.139536
##################### ACCEPTABLE SUBNET NUMBER: 43  #########################
           2.37798
 1
 1
 4
37
13
29
 6
         -0.283245
         -0.440904
         -0.170702
          0.451206
          -1.35052
         -0.344781
         -0.372521
         -0.381017
##################### ACCEPTABLE SUBNET NUMBER: 44  #########################
           2.27826
 3
22
26
 7
 4
28
 6
 4
45
         -0.348017
         -0.614748
          -0.96703
          0.743143
          0.147023
          0.309441
          0.914646
         -0.221758
          0.276187
           0.16717
##################### ACCEPTABLE SUBNET NUMBER: 45  #########################
           1.38168
 3
45
27
 7
 5
48
10
43
23
46
        -0.0577474
         -0.446674
          0.189031
         -0.337081
         -0.378855
          0.627557
          -1.04352
          0.986721
         -0.530792
         -0.357455
          -2.52383
##################### ACCEPTABLE SUBNET NUMBER: 46  #########################
           3.24783
 9
15
50
27
 5
38
 4
44
39
36
 6
34
49
17
12
31
 8
         -0.458776
         -0.619704
           0.14144
           1.08766
          0.362431
          0.359936
           0.60877
          0.476706
         -0.298276
         -0.189375
         -0.808312
         -0.224849
          0.897089
          -1.09016
           1.01403
          -0.80866
         -0.525076
         -0.186317
##################### ACCEPTABLE SUBNET NUMBER: 47  #########################
           5.99176
 5
44
22
37
35
29
 0
         -0.691399
         -0.891389
         -0.953579
         -0.544331
          0.137092
         0.0750005
         -0.789688
         -0.381691
##################### ACCEPTABLE SUBNET NUMBER: 48  #########################
           1.89284
 4
 1
41
 7
29
 8
34
 3
50
16
 6
37
 9
 5
          0.171456
          0.146987
         -0.129164
          0.785733
         -0.650067
         -0.156372
          -2.08488
         -0.724134
          0.380109
          -0.29451
         -0.962773
            -1.089
           -0.1716
         -0.613311
         -0.312254
##################### ACCEPTABLE SUBNET NUMBER: 49  #########################
           5.55781
 3
 9
11
 6
 0
         -0.283708
          -0.84754
         -0.479949
          -1.35612
        -0.0612892
        -0.0633552
##################### ACCEPTABLE SUBNET NUMBER: 50  #########################
           3.34747
 3
47
11
 2
 2
36
16
          -0.11643
         -0.500436
         -0.794636
        -0.0147229
        -0.0207163
         -0.411757
         0.0211956
         -0.124309
##################### ACCEPTABLE SUBNET NUMBER: 51  #########################
           4.54757
12
36
22
 6
39
20
42
37
18
29
43
27
 9
14
50
 7
21
23
40
28
24
 8
34
32
 2
15
48
17
           1.62908
            1.3649
           1.37234
         -0.695296
           1.39917
           1.31361
          0.641183
          -1.03884
           0.41938
          0.779266
           0.38277
         -0.640672
         0.0511181
          0.200557
          -1.91071
           1.39478
           1.83722
           1.18839
          0.428595
          0.283285
           1.75138
           1.32321
        -0.0981149
            1.4607
         0.0279252
           1.38807
         -0.028956
           1.09777
          0.462656
##################### ACCEPTABLE SUBNET NUMBER: 52  #########################
           3.48635
 7
27
 7
19
47
21
 2
48
 6
44
50
38
32
28
41
           1.51589
          0.909448
         -0.119774
          0.666667
          0.309205
          0.323084
          0.516409
         -0.871618
          -1.58963
         -0.270629
          0.891666
         -0.248898
          -2.49451
         -0.215436
          -1.13277
         -0.550933
##################### ACCEPTABLE SUBNET NUMBER: 53  #########################
           2.86454
 6
45
23
11
 3
 9
 7
 1
28
          0.254682
         -0.104244
         -0.779505
          0.265789
          -1.57437
          0.231494
          -1.03116
         -0.268441
          -1.92407
          0.647925
##################### ACCEPTABLE SUBNET NUMBER: 54  #########################
           4.88811
 1
47
 3
18
46
23
         -0.346994
         -0.541955
         -0.125386
          0.242464
          0.341045
          0.215593
          0.136105
##################### ACCEPTABLE SUBNET NUMBER: 55  #########################
           5.09176
 0
 2
10
27
         -0.208453
         -0.413115
          0.340072
            1.0277
          -0.27614
##################### ACCEPTABLE SUBNET NUMBER: 56  #########################
            3.4517
 3
35
43
31
 7
28
41
 9
45
18
 1
16
          0.510172
          -0.61106
         -0.463764
         -0.173674
         -0.466622
         -0.164011
          0.388691
         -0.219419
         -0.585042
          -1.20829
          -1.20267
         -0.800958
         -0.109652
##################### ACCEPTABLE SUBNET NUMBER: 57  #########################
           4.52832
 1
49
 3
41
36
13
          0.830935
          0.451557
          0.478949
         -0.206112
           0.75951
          0.530152
          -1.87764
##################### ACCEPTABLE SUBNET NUMBER: 58  #########################
            3.3598
 3
15
 1
27
 1
 3
          0.256735
          0.252689
         -0.803936
          0.417137
          0.893915
         -0.998626
          0.512918
##################### ACCEPTABLE SUBNET NUMBER: 59  #########################
           2.39109
 3
50
24
47
 6
41
14
29
 6
20
26
           1.18011
          0.710065
          0.817009
          0.855473
         -0.585667
         -0.138304
           1.14192
           1.10212
          0.205076
          -0.29858
          0.820751
         0.0335341
##################### ACCEPTABLE SUBNET NUMBER: 60  #########################
           4.98711
 6
31
34
37
 8
49
27
 7
41
 3
38
36
44
39
18
          0.673413
          0.643149
          0.402833
          0.897337
          0.343198
          0.672833
          -1.02301
           0.15545
         -0.514311
          0.699165
          0.807106
          0.196568
          0.392825
         -0.100171
         -0.216729
          -2.18407
##################### ACCEPTABLE SUBNET NUMBER: 61  #########################
           2.12071
 9
21
 8
22
 1
41
43
34
37
49
 8
33
 4
47
 2
20
50
10
 9
          0.235893
          0.222525
         -0.287573
          0.068527
          0.636933
          0.593648
           1.11502
         -0.473576
         0.0455998
          -1.21061
          -0.35866
         -0.200097
          0.244361
          0.721331
         0.0109985
          0.313389
          0.613581
         -0.882768
          -1.16583
         -0.291377
##################### ACCEPTABLE SUBNET NUMBER: 62  #########################
           2.01755
 6
 3
14
44
 4
45
 1
 6
 2
46
34
26
18
 6
          0.286149
          -0.53405
         -0.112886
         -0.112101
         -0.132395
         -0.663754
         -0.144292
          -0.13979
         -0.652717
          0.687217
         0.0554601
          0.369752
        -0.0321476
          0.275401
         -0.673654
##################### ACCEPTABLE SUBNET NUMBER: 63  #########################
           5.72956
 2
 3
10
 3
12
17
42
         -0.313036
         -0.965657
          -0.43041
         0.0609279
         -0.159054
         -0.866642
         0.0698612
        -0.0898463
##################### ACCEPTABLE SUBNET NUMBER: 64  #########################
           5.51764
13
 9
11
48
23
39
31
20
45
 2
26
 1
41
42
19
 7
 4
 3
37
34
 8
40
17
 5
27
14
38
24
44
28
36
47
29
30
           1.14376
           1.14423
           1.26651
         -0.462055
          -0.44122
          0.790842
          0.496155
          0.257608
         -0.548746
          0.404445
          0.373866
          0.564082
          0.667261
           1.40053
       -0.00496958
          -1.05947
           1.68199
          0.973587
           0.74969
          0.360197
         -0.486651
         -0.782588
         -0.102485
          -1.31567
         -0.399077
         -0.866271
           1.27133
          0.361652
         -0.171979
         -0.352111
         -0.459984
          0.308778
          -1.92795
          -1.14794
           0.66195
##################### ACCEPTABLE SUBNET NUMBER: 65  #########################
           4.77544
10
10
 5
16
15
46
33
14
40
30
26
 2
38
27
         -0.404442
         -0.657881
          -1.07757
          -1.03074
         0.0981685
         -0.775026
          -1.34842
         -0.183866
         -0.412239
         -0.593083
          -1.09728
          -1.19376
         -0.936498
         -0.390375
         -0.342051
##################### ACCEPTABLE SUBNET NUMBER: 66  #########################
           2.72712
 4
42
 2
49
36
 6
46
 9
13
33
23
29
            1.5727
            1.2329
         -0.974174
          0.231531
          -1.01994
          -1.66606
          -2.85639
          0.176367
          0.443001
        -0.0315272
         -0.415891
          -1.41301
         -0.662433
##################### ACCEPTABLE SUBNET NUMBER: 67  #########################
           2.03223
 5
35
47
 1
12
36
 3
 9
41
 8
        -0.0819651
         -0.464916
          -0.94452
       -0.00288338
       -0.00201345
          0.248413
           -0.2084
          -1.53363
          0.475072
        -0.0750726
          -1.36998
##################### ACCEPTABLE SUBNET NUMBER: 68  #########################
           4.93099
 5
 5
34
32
 6
38
 6
46
27
48
22
36
 9
         -0.177469
         -0.336238
        -0.0951497
            1.1122
          0.468934
          0.787379
          0.466538
         -0.261724
           1.01248
           1.03851
         -0.777877
         -0.593766
         -0.242481
          -1.20083
##################### ACCEPTABLE SUBNET NUMBER: 69  #########################
           4.87977
 7
44
 3
24
38
 5
10
 2
 6
41
39
40
17
21
20
         -0.383917
          -0.39923
         -0.234183
          0.541188
          -0.62057
           -1.1252
         -0.857699
          0.761217
          0.471729
          0.107608
          0.537016
         -0.149143
         -0.235393
          0.617915
          -1.34075
         -0.482824
##################### ACCEPTABLE SUBNET NUMBER: 70  #########################
           2.77495
10
12
28
29
31
 1
33
42
23
 7
 9
 0
         -0.319716
         -0.486515
         -0.626133
         -0.436682
          -1.47117
          -0.17765
         -0.487706
           0.46065
         -0.123309
         -0.288208
         -0.936434
         -0.413502
         -0.360819
##################### ACCEPTABLE SUBNET NUMBER: 71  #########################
           3.83123
 4
21
 1
 4
47
 0
         -0.232829
         -0.648249
         -0.849588
         -0.792153
         0.0976005
         -0.146099
        -0.0857063
##################### ACCEPTABLE SUBNET NUMBER: 72  #########################
           4.36768
 1
49
 6
27
41
14
 7
30
28
          0.588082
          0.311666
           0.71167
         -0.216046
           0.71855
          0.959657
          -1.92846
          0.215015
         -0.535037
         -0.931957
##################### ACCEPTABLE SUBNET NUMBER: 73  #########################
           5.47603
 3
21
12
37
 2
 2
19
          0.141078
         0.0120451
         -0.140108
        -0.0320462
          0.405287
         -0.425867
          0.344623
          0.373903
##################### ACCEPTABLE SUBNET NUMBER: 74  #########################
           5.46843
 3
 8
38
45
 2
34
31
          0.354013
         -0.615283
          0.272546
          -1.34037
            0.1755
         -0.133465
          0.926272
         0.0864604
##################### ACCEPTABLE SUBNET NUMBER: 75  #########################
           2.02961
 7
36
38
11
50
13
18
39
 6
 2
26
15
34
41
24
          0.497572
         0.0960518
          0.219205
          0.659491
         0.0966839
        -0.0418723
          -1.54356
         -0.348749
          -2.10709
         -0.734413
           1.24597
          0.484172
          0.625399
          0.570838
         -0.041462
         -0.834638
##################### ACCEPTABLE SUBNET NUMBER: 76  #########################
           4.10448
 5
 6
42
50
33
 4
 4
41
49
12
46
          0.234966
        -0.0291806
        -0.0735025
         -0.358063
         0.0981237
         -0.318273
          -1.00404
         -0.400799
          0.190666
         -0.968723
         -0.280057
          -1.02299
##################### ACCEPTABLE SUBNET NUMBER: 77  #########################
           1.26117
 2
11
16
 4
28
32
17
48
          0.388682
         -0.361644
         -0.215467
         0.0653343
          -1.49253
          0.474823
          -1.35495
          -1.49076
         0.0791272
##################### ACCEPTABLE SUBNET NUMBER: 78  #########################
           3.96818
 0
 2
10
33
          0.397912
         -0.595306
        -0.0630542
          0.891633
          0.167623
##################### ACCEPTABLE SUBNET NUMBER: 79  #########################
           5.08662
 4
11
24
33
46
 4
16
 5
34
12
         -0.408131
         -0.624199
         -0.331295
          0.109539
         -0.443247
         -0.173349
         -0.862101
         -0.161896
         -0.538767
         -0.733251
         -0.940497
##################### ACCEPTABLE SUBNET NUMBER: 80  #########################
           5.51165
 0
 5
41
35
14
11
15
           1.26362
          0.934921
           1.39923
           1.66467
           1.38915
           0.97356
          0.777855
          0.800904
##################### ACCEPTABLE SUBNET NUMBER: 81  #########################
           4.71818
 3
15
38
27
12
26
34
 9
19
23
13
46
30
 3
35
37
33
          0.287507
        -0.0166342
         -0.284366
          0.643898
          0.272914
         -0.745177
         -0.983977
          0.386345
         -0.472797
          0.694771
          -1.17484
          -1.29905
         -0.861014
          0.614445
         -0.830896
        -0.0864769
          0.201097
         -0.103026
##################### ACCEPTABLE SUBNET NUMBER: 82  #########################
            2.2283
 2
11
 7
 8
18
 5
43
 9
49
19
32
42
          0.267474
         -0.178424
        -0.0862648
          0.245868
         -0.841635
          0.161072
          -1.29515
          0.398854
         -0.411964
         -0.465371
         -0.543522
         -0.768133
          -0.78186
##################### ACCEPTABLE SUBNET NUMBER: 83  #########################
           5.36298
 3
18
45
 7
12
33
13
41
20
11
14
30
 4
32
 6
26
27
           1.02642
          0.219766
             0.362
          0.252421
         -0.898671
          0.312629
          0.119618
          0.504313
          0.801887
         -0.921613
          -0.30914
          -2.06657
          0.430002
          -1.56766
         0.0733716
           -1.0711
         -0.276498
         -0.483144
##################### ACCEPTABLE SUBNET NUMBER: 84  #########################
            2.7059
 4
47
33
19
 7
10
43
41
28
 2
14
32
18
34
26
 4
           1.33946
          0.846485
           1.02305
          0.959843
          -1.88043
          0.960759
         -0.205371
           1.29001
           1.33126
          -1.26706
           1.16876
         -0.681879
         -0.741971
         0.0423726
          0.496518
          0.588357
        -0.0205366
##################### ACCEPTABLE SUBNET NUMBER: 85  #########################
           3.95477
 2
47
17
 3
 4
49
16
        0.00250777
         -0.506364
          -1.38833
        -0.0575883
          -0.62494
         -0.383006
         -0.413578
         -0.221641
##################### ACCEPTABLE SUBNET NUMBER: 86  #########################
           5.35508
 3
46
39
28
 2
32
31
        -0.0241479
         -0.656524
        -0.0217719
        0.00499864
           0.69374
        -0.0742154
          0.975384
          0.382269
##################### ACCEPTABLE SUBNET NUMBER: 87  #########################
           2.36717
 5
13
40
42
34
48
 3
41
 2
 9
           1.21481
           1.18925
         -0.282798
         -0.331167
         -0.625089
          0.407163
        0.00829947
         -0.083498
          0.263363
          0.740184
          0.140173
##################### ACCEPTABLE SUBNET NUMBER: 88  #########################
             3.707
 3
14
42
 7
 6
39
45
33
29
28
41
           0.20724
        -0.0459084
          -0.38682
         -0.850212
          0.179963
        -0.0539039
         0.0317331
          -1.69244
          -0.41572
         -0.416844
          -1.19471
          0.104115
##################### ACCEPTABLE SUBNET NUMBER: 89  #########################
           2.09686
 2
37
22
10
14
 9
34
31
41
28
 4
 2
18
24
         -0.176256
         -0.571418
         -0.483138
          0.311646
          -2.13204
          0.332755
         -0.110278
          0.374786
          -1.33645
          0.051273
         -0.332492
         -0.147724
          0.719016
          -1.59131
          -2.54811
##################### ACCEPTABLE SUBNET NUMBER: 90  #########################
           4.76863
 2
11
 5
 6
18
26
19
34
 9
22
         -0.314477
         -0.461756
        -0.0378214
          0.288711
         -0.570076
         -0.482713
          0.148503
          0.194825
         -0.988295
          0.169003
         -0.515841
##################### ACCEPTABLE SUBNET NUMBER: 91  #########################
           2.50527
 1
 1
 1
17
         -0.224666
         -0.393751
         -0.169099
          0.415233
          -0.19684
##################### ACCEPTABLE SUBNET NUMBER: 92  #########################
           2.65169
11
22
48
39
50
16
30
38
32
18
23
24
 8
47
 6
17
28
27
 7
 9
44
         -0.273635
         -0.466563
         0.0405804
           1.14074
          0.495678
          -1.47367
         -0.972397
          -1.15406
          -1.75719
         -0.907489
          -0.11057
          0.496063
          0.536126
          0.502671
         -0.721329
          0.520974
           1.08483
           1.19136
         -0.593667
         -0.289419
         -0.904534
         -0.827781
##################### ACCEPTABLE SUBNET NUMBER: 93  #########################
           3.93734
 8
16
 6
22
20
34
37
 1
21
 3
41
19
36
           1.82595
           1.77522
           1.55092
             1.717
           1.65855
         -0.794622
          0.853274
            1.5714
          0.883424
         -0.281971
         -0.137344
            1.8072
           1.47592
          0.103081
##################### ACCEPTABLE SUBNET NUMBER: 94  #########################
           4.56862
 8
21
42
35
37
 9
11
38
49
 3
43
13
 2
           1.05601
          0.767803
           0.88544
          -1.07631
         -0.963316
          0.483254
          0.466209
           1.33257
           1.23583
          0.343969
         -0.243384
           1.37055
          -1.65491
          -1.43509
##################### ACCEPTABLE SUBNET NUMBER: 95  #########################
           4.83468
 1
 6
 0
         -0.264563
         -0.774519
         -0.321212
         0.0873715
##################### ACCEPTABLE SUBNET NUMBER: 96  #########################
           5.31999
 5
38
 5
 6
 7
15
 5
34
23
41
 4
33
           0.48087
         -0.563778
         -0.040357
         -0.438008
          -1.34287
         -0.637966
          -1.48683
         -0.215502
          0.608759
          -1.07239
          -1.43385
          -1.85676
          -0.71004
##################### ACCEPTABLE SUBNET NUMBER: 97  #########################
           1.95716
 5
 1
 9
39
21
 8
 1
44
        -0.0532214
          -0.11708
         0.0653385
          0.837384
         -0.365201
         -0.370249
           -1.2416
          -1.24559
          0.442216
##################### ACCEPTABLE SUBNET NUMBER: 98  #########################
           5.76226
 8
30
22
34
18
35
 6
44
36
 9
 7
38
27
 4
49
46
12
41
23
           1.56708
           1.57096
             1.255
           1.86077
          0.819289
          0.445193
         0.0985659
         0.0621039
        -0.0531756
          0.594636
          -1.07049
            1.9081
          0.896071
           1.44428
          -1.21754
          0.476539
          -1.20868
        -0.0387516
          0.155767
          0.447637
##################### ACCEPTABLE SUBNET NUMBER: 99  #########################
           3.57875
 5
22
11
 4
 2
 5
 1
23
         -0.184395
           -0.7646
        -0.0895256
        -0.0685638
         -0.840747
          0.708897
         -0.365255
          0.143455
          0.781905
##################### ACCEPTABLE SUBNET NUMBER: 100  #########################
           2.20359
 1
 1
 1
20
          -0.24946
         -0.394229
         -0.160658
          0.481716
       -0.00316369
----------Number of Acceptable Subnets found: 100 -----------
----------END FOR GENE 25 -----------
--------START FOR GENE 26 -----------
 Values arranged as error, n_ka, gene ids for ka, n_kd, gene ids for kd,
 r0, d, ea, ka_values, kd_values for each subnet. 
##################### ACCEPTABLE SUBNET NUMBER: 1  #########################
           2.63295
 6
16
33
10
 6
18
44
 5
23
22
12
35
38
          0.167332
          0.205348
         -0.605217
           0.93056
         -0.123536
          0.170194
         0.0429896
         -0.804209
          -2.07501
         0.0506789
          -1.71727
          0.166443
         -0.899187
         -0.698589
##################### ACCEPTABLE SUBNET NUMBER: 2  #########################
            2.9657
 5
19
15
10
41
35
14
13
 5
24
 9
 6
33
34
39
29
21
28
40
43
 2
           1.74336
           1.75541
           1.43002
          0.923002
         0.0817197
          0.273612
        -0.0578653
           0.61267
            1.4945
           0.54804
           1.20809
           1.57251
          0.397418
           -1.8595
          0.386014
         0.0589521
           1.40898
           0.36836
          0.708726
         -0.863573
          0.413009
         -0.135987
##################### ACCEPTABLE SUBNET NUMBER: 3  #########################
           1.65113
 3
19
46
 1
 2
 4
16
         -0.118599
         -0.187338
         -0.214249
          -1.13644
          0.175112
          0.591642
          0.381527
         -0.382001
##################### ACCEPTABLE SUBNET NUMBER: 4  #########################
           1.31749
 2
15
42
 4
17
46
28
10
          0.919923
          0.390478
          0.213257
        -0.0101283
         -0.837025
          0.405161
          0.241819
           0.71175
         -0.820971
##################### ACCEPTABLE SUBNET NUMBER: 5  #########################
           2.68893
 1
30
 0
         -0.061015
           -1.1885
          -1.37238
          0.101306
##################### ACCEPTABLE SUBNET NUMBER: 6  #########################
           1.52137
 1
42
 2
28
41
          0.609225
          0.308044
          0.446364
        -0.0440974
          0.897106
        0.00120042
##################### ACCEPTABLE SUBNET NUMBER: 7  #########################
           2.16032
 9
47
29
11
 7
25
33
16
 1
 6
13
13
24
27
38
50
19
37
34
35
20
18
15
14
           1.57795
           1.55927
           1.34184
           1.80029
          0.778269
           1.75806
          0.287384
          0.805921
          0.949749
         -0.253917
          -2.19552
           1.53406
           1.96847
           1.69702
           1.02276
          -0.84944
          0.265085
          0.119409
           1.02316
           1.14466
         -0.187629
         -0.375302
          -0.93062
          0.626594
           1.20144
##################### ACCEPTABLE SUBNET NUMBER: 8  #########################
           2.97217
 5
24
19
21
27
 5
 1
14
          0.881224
          0.667082
         0.0342555
          -1.49475
          -1.07091
          -1.07102
          -1.31619
         -0.506183
           0.27358
##################### ACCEPTABLE SUBNET NUMBER: 9  #########################
          0.896337
 5
 5
 6
 3
13
37
 2
 2
 9
          0.584955
          0.194053
          0.767806
          0.713067
         0.0132049
          0.332761
          0.336657
         -0.163449
            1.6122
           1.11124
##################### ACCEPTABLE SUBNET NUMBER: 10  #########################
           2.64669
 1
42
 1
20
         -0.223082
          -0.21751
          -1.26123
           0.67938
          0.649139
##################### ACCEPTABLE SUBNET NUMBER: 11  #########################
           2.52141
 6
33
12
 7
13
35
 6
 2
28
 2
          -0.10703
        -0.0695461
         -0.547664
          0.906431
         -0.802294
         -0.716279
          -0.75052
         -0.889926
         -0.117479
          0.600346
          0.438321
##################### ACCEPTABLE SUBNET NUMBER: 12  #########################
           2.02885
 4
11
24
15
 1
 6
17
30
10
18
 7
 3
            1.6018
           1.59038
           1.43835
          0.221225
          0.375462
           1.00072
         -0.348136
           1.62364
           1.38859
           1.38519
           1.07479
          0.700396
          0.362068
##################### ACCEPTABLE SUBNET NUMBER: 13  #########################
           2.41314
 5
12
 1
34
44
14
 6
42
49
24
33
 9
30
           -0.5791
          -2.36888
          0.348321
          0.814139
            1.3887
          0.239142
         -0.630118
         -0.658391
          0.989212
           1.17721
         -0.277331
          0.408472
         -0.117605
         -0.843587
##################### ACCEPTABLE SUBNET NUMBER: 14  #########################
           2.98023
 5
32
48
41
22
36
 2
44
20
          0.460052
          0.492663
          0.227205
           0.59418
          0.188225
        -0.0413278
        -0.0322241
          -2.49966
          0.399113
          -0.10779
##################### ACCEPTABLE SUBNET NUMBER: 15  #########################
            2.6683
 7
16
 8
25
10
40
32
27
 4
44
14
18
23
          0.881378
           0.92092
          0.605837
          0.999965
          0.361923
        -0.0568941
          0.429513
         0.0528547
         -0.298805
          -1.02234
         -0.875595
          0.802643
          0.179544
          -1.82031
##################### ACCEPTABLE SUBNET NUMBER: 16  #########################
           1.38526
 3
45
30
 9
 1
28
          0.360764
          0.106765
          0.483085
         -0.197118
          -1.98336
          0.635252
          0.920943
##################### ACCEPTABLE SUBNET NUMBER: 17  #########################
           2.49909
 6
42
18
25
41
46
 1
10
21
31
15
19
17
11
43
49
44
 2
          0.702101
          0.721176
         -0.034104
          -0.18937
          0.901803
          0.695098
          0.170503
        -0.0806256
          -1.15808
          0.682828
          -0.35879
         -0.867437
         -0.261849
         -0.203145
          0.481446
           -1.2127
          -2.52516
          -0.54363
           -1.5953
##################### ACCEPTABLE SUBNET NUMBER: 18  #########################
           2.88737
 5
42
30
 4
 1
37
 2
12
16
         -0.156209
          -1.00003
         -0.436678
         -0.253556
          0.156366
          -2.05545
         -0.856227
         -0.334531
        -0.0431909
         -0.861646
##################### ACCEPTABLE SUBNET NUMBER: 19  #########################
            2.5183
11
33
43
22
15
37
29
 4
49
 2
17
24
 3
 3
13
31
           1.24867
           1.22535
          0.609618
         -0.366416
           0.40989
          0.498303
          0.957506
         -0.459342
         -0.275759
         -0.739777
         -0.643419
          0.214711
         0.0941283
        -0.0345843
            1.0572
          0.940851
         -0.150231
##################### ACCEPTABLE SUBNET NUMBER: 20  #########################
            2.3267
 9
42
38
 4
11
30
33
34
40
25
15
17
23
15
18
 5
41
27
 3
46
31
 9
29
35
32
43
           0.72745
          0.705304
          0.914534
          0.595058
          0.803692
         -0.366228
         0.0736622
          0.579332
          -1.56812
        -0.0992358
         0.0630428
         -0.936944
          0.301787
           1.06771
           0.51265
          0.891434
         -0.920499
          -1.59404
         -0.147904
         -0.349996
          0.634898
          -1.63878
          -1.03679
          -1.04664
          0.111682
        -0.0997411
            -1.249
##################### ACCEPTABLE SUBNET NUMBER: 21  #########################
           2.13445
 5
48
24
12
30
27
 3
 2
32
35
         -0.303011
          -0.42369
          0.195078
         -0.553436
         -0.192697
          0.130272
           0.45075
          -2.26292
          0.871746
         -0.766761
          -1.26011
##################### ACCEPTABLE SUBNET NUMBER: 22  #########################
           2.55325
13
10
 7
47
46
36
 9
31
21
25
24
41
35
38
 3
44
28
30
           1.29794
           1.08112
          0.627034
          0.903954
          0.216959
          0.760562
          -0.61596
         -0.131829
          0.244897
          0.237041
         -0.175793
        -0.0198448
          -1.10859
          -2.23393
         0.0981948
          -1.22376
          0.989285
          0.462566
          -1.50892
##################### ACCEPTABLE SUBNET NUMBER: 23  #########################
           2.62054
 3
18
40
44
 5
27
50
25
21
33
          0.902702
          0.803374
           0.96478
          -1.89214
         -0.175196
         -0.400383
          0.915546
           1.08977
           0.43385
          0.886538
         -0.165967
##################### ACCEPTABLE SUBNET NUMBER: 24  #########################
           2.45218
 9
34
18
16
50
21
 7
 2
13
 5
 5
12
 1
33
25
30
          0.271027
          0.311806
        -0.0453233
         -0.629172
          0.636975
          0.829345
          -1.53489
         -0.426111
          -1.34411
         -0.884529
         -0.900054
         -0.129266
          0.271548
          -1.30681
          -1.47825
           -1.6322
         0.0758003
##################### ACCEPTABLE SUBNET NUMBER: 25  #########################
           2.55127
 1
 1
 0
          0.255813
          -1.70857
         -0.494521
         -0.109675
##################### ACCEPTABLE SUBNET NUMBER: 26  #########################
           2.41432
 1
39
 4
20
16
46
41
          0.187219
          0.161005
          0.125223
          0.314433
          0.366342
         0.0392121
          -0.19383
         -0.983375
##################### ACCEPTABLE SUBNET NUMBER: 27  #########################
           2.90167
 2
 8
31
 4
 7
20
18
 2
          0.444732
          0.432982
           0.68201
           0.49571
         -0.463674
          0.486525
          0.908899
         -0.264908
          0.746566
##################### ACCEPTABLE SUBNET NUMBER: 28  #########################
           2.66117
 7
32
25
38
43
39
23
 6
 3
12
14
17
         0.0784272
          0.119694
         -0.339332
          0.747699
          0.726825
          -0.85715
          -1.57017
         -0.431682
         -0.691945
         -0.968535
          0.482695
          0.036554
         -0.547763
##################### ACCEPTABLE SUBNET NUMBER: 29  #########################
           1.88587
 5
15
46
 5
44
50
 8
13
17
37
39
20
34
19
 6
           1.55758
           1.48422
           1.27726
         -0.402756
         -0.380688
           1.33212
         -0.879806
          0.447323
          -0.22333
           1.54716
           1.33972
           1.10906
         0.0483232
          -1.71235
          -2.46372
         -0.856442
##################### ACCEPTABLE SUBNET NUMBER: 30  #########################
           2.98968
 6
49
40
48
46
21
 5
 5
10
32
12
37
17
          0.182151
         0.0727231
         -0.877903
         -0.507315
          -1.01708
         -0.981059
          0.178648
          -1.41656
         -0.497285
         0.0576125
          -1.41375
          -1.91048
         -0.270634
           -2.0557
##################### ACCEPTABLE SUBNET NUMBER: 31  #########################
           1.44444
 2
10
35
 1
28
          0.125092
         -0.523035
          0.282929
          -0.27195
          0.383508
          0.884867
##################### ACCEPTABLE SUBNET NUMBER: 32  #########################
            2.1948
 4
33
 3
47
 1
 3
22
17
46
           1.73428
           1.73027
           1.24642
          0.331736
         -0.729613
           1.39344
          0.185779
           1.39694
           1.53116
         -0.301794
##################### ACCEPTABLE SUBNET NUMBER: 33  #########################
           2.79317
 4
47
45
19
 6
10
37
50
 8
13
33
10
24
16
 3
 9
           1.53528
            1.5158
           1.08224
           0.10004
           1.32868
          -0.78848
          0.211171
           1.05289
          0.327838
          -1.32436
           1.46397
         0.0313983
         -0.128061
           1.25618
          -2.43946
          -1.12752
          0.833952
##################### ACCEPTABLE SUBNET NUMBER: 34  #########################
           2.54331
 3
 1
47
11
 6
40
15
34
30
36
28
          0.673692
           0.61898
          0.188637
          0.376795
         -0.846073
          -2.01904
        -0.0025161
          0.360915
        0.00524753
          -1.12305
          -1.92315
         -0.621579
##################### ACCEPTABLE SUBNET NUMBER: 35  #########################
           2.31111
 1
 1
 2
 5
27
         -0.401814
          -1.74483
         -0.344901
          0.154418
         -0.927053
         -0.247441
##################### ACCEPTABLE SUBNET NUMBER: 36  #########################
           2.77153
 1
48
 2
 2
 8
         -0.384407
         -0.384608
          -0.55897
          0.676381
           0.98607
         -0.891586
##################### ACCEPTABLE SUBNET NUMBER: 37  #########################
           2.73426
 7
48
19
 9
15
16
22
39
 9
43
34
14
 3
 6
35
50
21
25
           1.76722
           1.76151
           1.56339
           1.07021
          0.769523
         -0.223627
         -0.983234
           1.40102
          -1.69109
         -0.500894
          0.668955
          0.616328
           1.75752
         -0.940325
          -1.52429
         -0.887527
           1.53189
          -0.86097
           0.33309
##################### ACCEPTABLE SUBNET NUMBER: 38  #########################
           2.65032
 5
 5
25
 7
 1
22
 7
16
24
29
30
20
27
18
           1.00475
           1.02913
          0.202136
          -1.22821
          0.465202
           1.02201
          -1.24263
         -0.911752
          -1.31599
          0.459328
          -1.42791
          -0.27783
          0.531396
         -0.398306
         -0.130411
##################### ACCEPTABLE SUBNET NUMBER: 39  #########################
           2.72727
 5
17
20
12
 5
11
13
35
18
29
 6
14
34
36
16
41
 8
33
 1
38
           1.58556
           1.57235
           1.51786
         -0.275112
          -0.54476
         -0.359328
           1.35765
         0.0525826
           1.43995
          0.494125
           1.63592
          -0.65123
          -0.30023
           1.38003
           1.31047
            -1.426
           -1.3941
           1.28166
         -0.158314
          0.226864
           0.44498
##################### ACCEPTABLE SUBNET NUMBER: 40  #########################
           2.76433
 1
39
 4
43
34
24
25
        -0.0590536
        -0.0263062
        -0.0614809
           1.08528
          0.819296
          -1.56513
          -1.56513
         -0.281211
##################### ACCEPTABLE SUBNET NUMBER: 41  #########################
           1.26535
 4
42
34
35
 2
 3
28
37
22
          0.505405
           0.21279
          0.722228
          0.637515
         0.0650234
          -0.36934
          -1.28197
           1.18469
          -2.29162
          -0.29327
##################### ACCEPTABLE SUBNET NUMBER: 42  #########################
           1.69889
11
32
 7
42
14
31
40
15
39
20
 8
 9
 6
27
18
46
34
10
13
           1.25668
           1.24818
           1.17528
           1.48824
            1.5915
            1.3911
         -0.103465
         -0.200488
         -0.256312
         0.0269997
         -0.521889
        -0.0203895
         0.0162798
          0.661758
           1.41009
           1.52796
           1.16739
        -0.0975769
         -0.284886
          -1.67029
##################### ACCEPTABLE SUBNET NUMBER: 43  #########################
           2.62542
 6
21
16
39
 2
10
41
 1
28
         -0.278496
         -0.252839
         -0.649195
         0.0688184
           1.10545
           -1.1241
         -0.255486
          -1.33592
         0.0222461
          0.556664
##################### ACCEPTABLE SUBNET NUMBER: 44  #########################
           2.33986
 3
48
 1
39
 1
28
          -0.46958
          -1.18445
         -0.175799
         -0.309729
          0.213936
         -0.350817
          0.174999
##################### ACCEPTABLE SUBNET NUMBER: 45  #########################
           2.36118
 8
33
46
15
29
19
21
 1
16
 9
27
18
40
36
35
23
24
17
30
           1.87434
           1.86098
           1.57934
          0.715515
           1.50955
          0.858096
          0.197786
         -0.594975
          0.766414
         -0.627814
           1.42852
            1.7173
            1.5978
          0.559862
          0.177073
         -0.378855
          -1.76065
           0.13778
         -0.251777
           1.02184
##################### ACCEPTABLE SUBNET NUMBER: 46  #########################
           2.28355
 3
23
 1
19
 3
35
46
24
         -0.327581
          -1.89504
         -0.402967
          -1.29504
          0.116697
         -0.600315
         -0.367401
           -2.1376
          -2.13604
##################### ACCEPTABLE SUBNET NUMBER: 47  #########################
           1.39429
 6
48
47
34
12
37
 9
 1
28
           1.26993
          0.804723
          0.883795
          0.747245
        0.00371294
          0.263127
         -0.395793
         -0.989574
          0.382763
           1.41214
##################### ACCEPTABLE SUBNET NUMBER: 48  #########################
           2.16559
 1
 1
 1
12
         -0.612869
          -2.74228
         -0.647102
          0.289325
         -0.468392
##################### ACCEPTABLE SUBNET NUMBER: 49  #########################
           2.63258
 1
 1
 0
           1.50792
          -1.65662
         -0.797568
         -0.445226
##################### ACCEPTABLE SUBNET NUMBER: 50  #########################
           2.73428
 4
11
38
 1
40
 3
23
 2
22
          0.538307
          0.538041
          0.375533
        -0.0600789
         -0.299776
          -1.28553
          -1.75413
          0.491649
         -0.289103
         -0.145155
##################### ACCEPTABLE SUBNET NUMBER: 51  #########################
           2.75044
 0
 1
23
          0.496541
          0.511306
           1.13151
            1.2408
##################### ACCEPTABLE SUBNET NUMBER: 52  #########################
           2.84082
 3
30
22
 1
 7
33
47
13
27
19
42
38
         0.0559173
         -0.937861
         -0.388977
          0.141865
         -0.470572
         -0.491052
        -0.0636093
         -0.516251
         -0.556112
         -0.181458
         0.0821851
        -0.0989645
         -0.382055
##################### ACCEPTABLE SUBNET NUMBER: 53  #########################
           2.07625
 3
12
38
28
 8
23
 7
17
35
46
20
32
 6
          0.503606
          0.474643
          0.406414
           0.44238
           0.53401
          -1.45824
          0.558895
          0.246893
          0.732838
          0.203965
          -1.84537
           -1.0684
          -0.23894
         -0.689806
##################### ACCEPTABLE SUBNET NUMBER: 54  #########################
           2.81484
 7
39
48
22
50
42
24
15
12
36
44
18
34
31
27
46
37
16
19
 4
38
           1.67366
           1.64645
           1.11321
           1.22122
          -0.12421
          0.730386
        0.00666501
          -0.60297
        -0.0219975
         -0.316423
           1.26802
         -0.205735
          -1.11232
           1.08962
         -0.148547
          0.606868
          0.813209
         -0.645168
         -0.421437
          -2.29841
         -0.463076
         -0.430359
##################### ACCEPTABLE SUBNET NUMBER: 55  #########################
           2.54056
 2
42
46
 4
32
 6
18
12
           1.80384
           1.80993
          0.566785
           1.85996
           1.90461
         -0.491939
           1.90491
           1.82582
          0.797067
##################### ACCEPTABLE SUBNET NUMBER: 56  #########################
           1.28449
 4
32
47
33
 1
 2
28
41
           1.20486
          0.567663
          0.207438
         -0.175906
            -1.056
          -1.47223
          -1.10485
          0.764956
            0.2598
##################### ACCEPTABLE SUBNET NUMBER: 57  #########################
           2.27197
 4
16
40
 6
21
 3
 9
17
20
            0.1056
          0.148156
          -1.28632
          0.922966
           -1.8151
         -0.592445
         -0.525409
          0.219342
         -0.901236
          0.282844
##################### ACCEPTABLE SUBNET NUMBER: 58  #########################
           2.54863
 2
32
22
 3
20
24
23
          0.706546
          0.740592
          0.661612
          0.880748
         -0.531571
          0.895228
          -1.30462
          -1.30462
##################### ACCEPTABLE SUBNET NUMBER: 59  #########################
           2.91901
14
 3
37
49
47
19
27
 5
28
 6
22
 1
40
 2
 4
 6
29
48
13
10
23
32
          0.347032
           0.33425
           1.73736
            1.4839
         -0.172769
         -0.180643
        -0.0018559
            1.2519
          0.774189
         -0.415874
          0.168375
          0.481475
         0.0698802
           1.58069
         -0.507621
           1.22454
         -0.156392
           1.87598
           1.50868
          -2.26626
           1.50968
          -1.10112
          0.223942
##################### ACCEPTABLE SUBNET NUMBER: 60  #########################
          0.950487
 1
 8
 4
 2
47
21
17
          0.235009
        -0.0141428
          0.417793
           0.56776
           1.18044
         -0.488398
          0.628829
          -1.14928
##################### ACCEPTABLE SUBNET NUMBER: 61  #########################
           2.52359
 2
49
14
16
17
35
50
48
 3
19
33
18
21
 9
13
40
15
 4
 6
 8
            1.7961
           1.78325
           1.66318
          0.241694
          0.352292
          0.533355
          0.267878
          0.952107
           1.00262
           1.78168
          0.184397
           1.46255
           1.60984
         -0.514502
         -0.256939
          -1.00765
          0.591464
          0.728651
         -0.682075
          0.104368
          0.910176
##################### ACCEPTABLE SUBNET NUMBER: 62  #########################
           1.88692
11
25
31
43
47
10
 8
11
39
41
21
30
 7
20
17
44
45
 7
15
50
          0.392385
           0.31238
         0.0443836
          0.224606
         -0.327547
         -0.461849
          0.400316
         0.0597608
          -1.63669
         -0.847128
        -0.0675146
          -1.86427
         -0.326671
          0.366088
            0.6399
          0.193536
         -0.819733
         -0.323354
         -0.821693
         -0.594897
           -1.1937
##################### ACCEPTABLE SUBNET NUMBER: 63  #########################
           2.79824
12
42
24
18
44
20
41
40
 7
34
 1
28
50
 8
 6
45
13
32
14
15
 2
10
           1.20732
           1.15214
           1.65457
           1.93501
          0.706195
           1.67976
          0.888006
          0.626727
        -0.0899854
          0.686432
            1.2289
          0.681126
          0.132585
          -1.07597
          -0.78555
           1.86041
           1.89105
         -0.136794
          0.602398
           0.23209
          -0.94562
          0.044769
          0.320533
##################### ACCEPTABLE SUBNET NUMBER: 64  #########################
           2.87943
 1
 6
 6
11
22
23
 8
34
 9
           1.39967
           1.40857
           1.37581
          0.494151
          0.623003
            1.3161
           1.46824
         -0.393741
          -1.47526
           1.41961
##################### ACCEPTABLE SUBNET NUMBER: 65  #########################
           2.90132
 1
39
 8
49
27
33
31
28
21
38
25
          0.062443
         0.0446887
         -0.765122
          0.321904
         -0.825609
         -0.570158
         -0.523098
          -0.29117
         -0.233621
          -1.02152
            -1.906
        0.00755373
##################### ACCEPTABLE SUBNET NUMBER: 66  #########################
            2.1982
 5
42
40
32
38
10
 4
23
45
15
34
          0.447311
          0.373605
          0.199478
          0.269465
          0.404527
           -0.8978
          -1.14431
          -1.43893
          0.553519
          -1.89526
          -1.15622
         0.0330447
##################### ACCEPTABLE SUBNET NUMBER: 67  #########################
            2.6684
 6
22
 8
42
 1
47
44
 3
50
48
14
         -0.235785
          -1.53096
         -0.334475
         -0.547944
          -0.60976
         -0.226199
         0.0756715
          -1.97023
         -0.595081
        -0.0973449
        -0.0551251
          -0.41228
##################### ACCEPTABLE SUBNET NUMBER: 68  #########################
          0.933311
 2
22
11
 4
 2
28
38
41
          0.312831
         -0.111713
          0.074896
        -0.0198464
         -0.366509
          0.800451
          0.498465
         -0.479745
         -0.493219
##################### ACCEPTABLE SUBNET NUMBER: 69  #########################
           2.60622
 1
16
 4
23
 9
36
33
          0.107354
          0.146475
         -0.514916
           1.35616
           0.59521
          0.799018
         -0.496821
         -0.649377
##################### ACCEPTABLE SUBNET NUMBER: 70  #########################
           1.60112
 0
 6
23
 2
40
28
 6
 8
          0.379391
          0.115102
          0.103159
         0.0441034
          0.834816
        -0.0788402
        -0.0565184
           -1.2548
        -0.0441778
##################### ACCEPTABLE SUBNET NUMBER: 71  #########################
           2.33281
 3
 1
12
47
 8
27
36
50
18
32
 4
30
29
           1.00366
          0.816686
          0.582825
          0.493118
          0.398091
         -0.388588
          0.511752
          0.661887
          0.733315
         -0.348625
          0.320674
         -0.595402
          0.483067
          -1.41049
##################### ACCEPTABLE SUBNET NUMBER: 72  #########################
           1.29249
 2
18
30
 1
28
          0.655418
         0.0609961
        -0.0243115
         -0.124052
        -0.0982182
          0.497237
##################### ACCEPTABLE SUBNET NUMBER: 73  #########################
           2.48424
 1
 4
 7
50
18
20
32
45
33
44
          0.835247
          0.735161
          0.821679
          0.547758
          0.913442
         0.0477685
           1.03613
         -0.279185
          -1.27399
           0.52312
          -2.09845
##################### ACCEPTABLE SUBNET NUMBER: 74  #########################
           1.46573
 3
42
 7
30
11
45
 9
10
34
25
46
48
27
33
19
23
          0.602048
          0.357748
         0.0232287
           1.02448
          0.794751
          -1.04983
           0.93637
           1.31988
           0.89773
          0.705224
         -0.936564
          0.407635
        -0.0271775
           -1.4495
         -0.686746
         -0.598435
         -0.353008
##################### ACCEPTABLE SUBNET NUMBER: 75  #########################
           2.11121
 3
11
19
22
 9
23
50
10
20
 3
43
13
16
38
          0.795182
          0.613483
          0.129422
          0.187766
          -1.92268
          -1.27398
          0.374013
          0.206084
         -0.565115
          0.136776
         -0.972397
         -0.740848
         -0.973569
          -1.27717
          -2.13023
##################### ACCEPTABLE SUBNET NUMBER: 76  #########################
           2.36528
 5
33
39
 1
49
43
 4
20
31
42
 6
       -0.00248761
          0.038512
          -1.00879
           0.66992
          -3.05377
            0.3521
          -3.04896
         -0.748275
          0.313781
         -0.268797
          -1.72202
         -0.748275
##################### ACCEPTABLE SUBNET NUMBER: 77  #########################
           2.68828
 2
 3
30
 2
 1
43
        -0.0108174
          -1.21629
         -0.669945
          -0.78295
         0.0773598
         -0.405262
         -0.414066
##################### ACCEPTABLE SUBNET NUMBER: 78  #########################
           2.40677
 4
19
34
 5
32
 6
23
18
41
10
28
29
          0.580722
           0.57272
          0.512158
          0.150633
          -1.62295
          -1.18197
          -1.25344
          0.628694
          0.487638
         -0.271418
          -1.64528
         -0.802434
         -0.574635
##################### ACCEPTABLE SUBNET NUMBER: 79  #########################
           1.80888
 4
 4
47
 1
16
 6
17
 7
32
15
21
50
            1.1422
          0.903061
          0.776236
          0.823468
          0.442288
          -1.03175
        0.00670628
           1.10118
          0.663229
          0.740835
          0.850232
         -0.590623
          0.596451
##################### ACCEPTABLE SUBNET NUMBER: 80  #########################
           2.02743
 1
 7
 5
20
34
46
17
 2
          0.473343
          0.330364
          0.573334
          -0.25465
          0.760582
          0.391944
         -0.337296
          0.336301
           1.26917
##################### ACCEPTABLE SUBNET NUMBER: 81  #########################
           2.84602
 9
20
32
 5
21
12
 9
23
43
25
 1
14
          0.111281
          0.151566
            0.3065
            0.3915
           1.47288
          0.759296
            1.2434
          -1.22957
          -1.35516
          -1.47794
          -1.22204
          0.174676
           1.23805
##################### ACCEPTABLE SUBNET NUMBER: 82  #########################
            2.6949
 2
37
34
 8
50
12
16
13
46
35
 1
33
          0.524503
          0.295223
          0.259736
          -1.37058
         -0.173191
          0.447063
         -0.254009
          0.145361
         -0.389989
           -1.3837
         0.0373323
         -0.193107
         -0.265103
##################### ACCEPTABLE SUBNET NUMBER: 83  #########################
           2.61498
 2
32
18
 6
34
 9
13
19
10
25
         -0.223351
         -0.206711
          0.268479
           1.07711
           1.19555
          0.847008
           1.08117
         -0.653186
          0.135871
         -0.698568
         -0.435998
##################### ACCEPTABLE SUBNET NUMBER: 84  #########################
           2.55745
 4
23
28
33
19
 4
50
 9
44
40
           1.11419
          0.856879
          0.507652
          0.406515
         -0.146536
         -0.520658
          0.135136
          0.716283
           0.35606
          -1.42569
          0.566889
##################### ACCEPTABLE SUBNET NUMBER: 85  #########################
          0.954289
 3
34
38
42
 4
 2
28
25
11
          0.305101
          0.077232
          0.398001
          0.241182
         -0.401243
       -0.00242723
           1.07472
          0.756655
         -0.507003
          -2.13079
##################### ACCEPTABLE SUBNET NUMBER: 86  #########################
           2.57849
15
47
22
18
50
39
46
 6
12
11
 5
 1
33
48
10
41
 6
28
24
43
14
38
45
           2.26664
           1.82894
           1.73427
          0.837766
          -1.32493
            1.0255
        -0.0571854
           1.21677
          0.517802
          -1.95058
          0.366193
          0.362578
         0.0391405
          -0.71408
         -0.148675
          0.231127
         -0.186976
         -0.274121
            2.2403
           1.04394
          0.118839
           -1.0701
          -1.64146
          0.262661
##################### ACCEPTABLE SUBNET NUMBER: 87  #########################
           2.12624
 1
 1
 1
17
        -0.0156222
        -0.0161072
          0.871608
           1.27086
           1.15853
##################### ACCEPTABLE SUBNET NUMBER: 88  #########################
           1.62033
13
45
38
39
30
50
 4
 8
12
34
15
47
 6
18
 3
40
 2
25
          0.396726
         -0.147016
          0.711873
          0.828417
          0.762977
           -0.2415
          -1.24346
          -1.09194
          0.271523
       -0.00278349
         0.0314842
          -2.19338
         -0.259894
          -1.50338
         -0.544201
         -0.915529
           1.01342
           1.62114
         -0.948369
##################### ACCEPTABLE SUBNET NUMBER: 89  #########################
           2.05215
 3
 1
14
11
 8
43
18
39
16
28
31
 3
13
           1.87679
            1.5111
           1.65281
          0.669867
          0.657137
         -0.965059
           1.93983
           1.81377
           1.19289
          0.755873
         -0.535155
         -0.350584
        0.00754461
          0.881982
##################### ACCEPTABLE SUBNET NUMBER: 90  #########################
           2.32723
 4
41
37
19
23
 5
 3
 8
50
38
 7
           1.62228
           1.52114
           1.56344
           1.54168
           -1.1026
          -1.15601
          -1.22494
         -0.241046
           1.52663
           1.71748
          0.480701
          -0.20205
##################### ACCEPTABLE SUBNET NUMBER: 91  #########################
           2.34403
 4
 3
 7
42
13
11
 6
29
11
18
48
39
37
50
33
 9
17
           1.81306
            1.7951
           1.52738
           1.47058
           1.16828
          0.898586
          0.470752
             1.452
           1.68887
           0.67903
           1.50976
         -0.343823
          0.851745
          0.775919
         -0.949895
         -0.214021
          0.511107
        0.00454651
##################### ACCEPTABLE SUBNET NUMBER: 92  #########################
           2.99163
 9
33
11
 1
 9
50
10
40
30
 2
 6
27
18
49
34
43
13
          0.489244
          0.494212
          0.311664
          0.527589
         -0.377615
          -1.53272
         -0.179238
          -1.15632
          -1.25685
         -0.673328
          -1.22068
          -1.17098
          0.437262
          0.216064
          -1.19951
          0.367028
        0.00194251
          -1.00844
##################### ACCEPTABLE SUBNET NUMBER: 93  #########################
           2.89405
 5
25
24
41
40
10
 3
14
29
43
          0.649095
          0.366308
        -0.0580426
        -0.0979276
         -0.302591
        -0.0430739
         -0.625782
         -0.307504
           0.20363
          -1.39886
          -1.93829
##################### ACCEPTABLE SUBNET NUMBER: 94  #########################
           1.99092
 6
 3
35
32
40
 7
50
 2
 2
 9
         0.0936915
          0.122919
         -0.704648
          -0.66568
          0.165541
          0.513943
          -1.23882
          0.875853
          -1.37066
          0.869024
          0.153225
##################### ACCEPTABLE SUBNET NUMBER: 95  #########################
            1.9274
 0
 1
 2
         -0.199862
         -0.258868
           0.64818
           1.27539
##################### ACCEPTABLE SUBNET NUMBER: 96  #########################
           2.68629
 2
31
30
 4
32
15
27
 2
          0.297473
          -1.34379
         -0.563147
         -0.636012
        -0.0592177
         -0.232023
         -0.549052
         -0.624214
          -2.64859
##################### ACCEPTABLE SUBNET NUMBER: 97  #########################
           2.61107
 3
39
46
10
20
 5
44
37
36
22
 6
 3
23
29
28
 9
19
31
17
47
50
38
15
34
43
          0.733044
          0.657299
          0.240219
          0.297649
          -0.11249
          0.373112
           -1.3763
          0.306551
          0.216732
          -0.39225
          -0.36256
         -0.583271
         -0.219038
         -0.737716
          -1.11723
          0.546075
          0.384517
         -0.412446
         -0.360412
          -1.49424
          -1.78072
          -1.95414
         -0.599047
          -1.03428
          -1.15101
        -0.0807035
##################### ACCEPTABLE SUBNET NUMBER: 98  #########################
           2.59002
 4
14
33
10
 1
 3
40
20
49
         -0.044876
       -0.00316517
        -0.0277198
        -0.0343985
           1.27303
         0.0562795
          0.156787
          0.291396
          0.841039
         -0.195322
##################### ACCEPTABLE SUBNET NUMBER: 99  #########################
           1.49842
 1
25
 1
28
          0.453738
          0.178397
          0.285512
         -0.292564
          0.720021
##################### ACCEPTABLE SUBNET NUMBER: 100  #########################
           2.72678
 4
33
22
38
16
 4
14
21
24
35
          0.376333
          0.412836
         0.0412388
          0.951221
         -0.251862
          0.636587
          0.572933
          0.817254
            0.6119
         -0.375838
          -1.75687
----------Number of Acceptable Subnets found: 100 -----------
----------END FOR GENE 26 -----------
