File open successful. It contains: 
Finished reading file, will close now.
File x_dt open successful.
Finished reading file x_dt, will close now.
File sd_d open successful.
Finished reading file sd_d, will close now.
--------START FOR GENE 32 -----------
 Values arranged as error, n_ka, gene ids for ka, n_kd, gene ids for kd,
 r0, d, ea, ka_values, kd_values for each subnet. 
##################### ACCEPTABLE SUBNET NUMBER: 1  #########################
           2.47764
 2
33
22
 1
30
          0.121983
           0.14151
         -0.481737
          0.575882
          -0.95324
         -0.553412
##################### ACCEPTABLE SUBNET NUMBER: 2  #########################
           2.83705
 2
 2
25
11
18
 6
23
 3
11
 7
 8
31
36
22
24
          0.585519
          0.577023
           0.54221
          -1.22713
         -0.441418
          0.444539
          -1.87337
          0.603495
         -0.906515
         -0.295232
         -0.524432
          -0.20334
         -0.402681
         -0.227395
         -0.726611
         -0.867855
##################### ACCEPTABLE SUBNET NUMBER: 3  #########################
           2.24622
 5
42
 2
 1
40
49
 4
35
23
10
 3
          0.968782
            0.9734
           0.83237
           1.08964
          0.128709
         -0.145188
        -0.0937874
         0.0158739
          0.972272
          0.917727
         -0.535736
          -1.71423
##################### ACCEPTABLE SUBNET NUMBER: 4  #########################
           1.45519
 4
49
 1
29
44
 2
43
18
        -0.0823119
         -0.521197
        0.00289626
         -0.144877
          0.284524
         -0.667282
          -0.76434
          0.302827
         -0.855356
##################### ACCEPTABLE SUBNET NUMBER: 5  #########################
           2.02966
 6
 9
30
11
35
46
18
 2
20
 7
          0.874408
          0.845457
           1.67754
           1.39696
           1.19747
         -0.284015
         -0.331667
          -1.16715
          -1.35948
           1.89308
          0.111507
##################### ACCEPTABLE SUBNET NUMBER: 6  #########################
           1.59629
 6
 2
20
 9
25
23
 6
10
28
14
15
18
46
35
49
26
16
 7
           1.46527
           1.44021
          0.989811
         -0.305172
          -1.24335
          -0.84682
          0.754862
        -0.0765153
          0.503887
          0.561798
           1.17074
        -0.0994369
          0.943198
         -0.507711
          -1.09135
          0.023931
           0.51951
       -0.00190092
         -0.409083
##################### ACCEPTABLE SUBNET NUMBER: 7  #########################
            1.0418
 5
39
42
 3
14
26
 1
28
          0.241397
          0.221664
         -0.719075
           0.43657
           0.40328
         -0.230038
          -1.14465
          -1.92565
           0.58434
##################### ACCEPTABLE SUBNET NUMBER: 8  #########################
           2.99859
11
 5
21
 2
38
15
 1
42
31
12
41
50
10
40
20
 4
 9
37
27
30
10
17
29
          0.581572
          0.603164
          0.508739
          0.912325
           0.94192
           1.06606
          0.952389
          -1.07923
          0.777444
          -0.88645
        -0.0158491
          -1.20744
           0.26672
         -0.649181
          -0.18769
         -0.462113
           1.07361
          0.773929
         -0.637415
           -1.6255
          -0.80259
          0.197543
           0.21345
          -1.20607
##################### ACCEPTABLE SUBNET NUMBER: 9  #########################
           2.83754
10
26
25
31
12
21
39
 3
 2
16
15
11
36
29
 9
27
18
30
13
40
33
 4
 5
           1.92616
           1.91511
           1.44419
          0.989625
          0.632352
         -0.480831
          -1.06097
          -0.50249
          -1.27839
          0.280007
        -0.0403191
          -1.34359
         -0.883007
           1.41699
           1.46898
         0.0812459
          0.593168
         -0.321471
        -0.0881193
         -0.336801
          0.461184
          0.949796
         -0.126912
          0.319126
##################### ACCEPTABLE SUBNET NUMBER: 10  #########################
           1.35627
 6
 6
40
33
26
17
46
 8
30
14
20
11
 7
12
41
23
          0.534667
          0.551709
          0.288532
          0.585109
         -0.841263
          0.683934
          0.132689
          -0.96412
         -0.985895
         -0.527193
          0.679669
         -0.527103
         -0.873369
          0.271984
          0.180644
         -0.256302
          -1.22316
##################### ACCEPTABLE SUBNET NUMBER: 11  #########################
           1.08369
 6
 1
41
30
49
31
39
14
17
 9
10
38
25
43
23
24
35
 3
13
21
29
15
         0.0026654
       -0.00800332
           1.13276
           1.47851
           0.37928
          -1.60293
         -0.341853
         -0.842059
         -0.797696
           1.34557
         0.0538998
         -0.292559
          0.333975
         -0.415938
         -0.483546
         -0.570736
          -1.55343
         -0.133307
         -0.841685
         -0.841685
          0.394334
          -1.32543
        -0.0300217
##################### ACCEPTABLE SUBNET NUMBER: 12  #########################
           1.62333
 4
 1
14
46
36
 5
17
38
47
24
26
         -0.523562
          -1.16098
         -0.198998
           0.33472
          -1.30907
         -0.184621
           -1.8958
          0.140802
         -0.698671
          -1.24007
          -1.89793
         -0.860829
##################### ACCEPTABLE SUBNET NUMBER: 13  #########################
          0.860827
10
16
18
48
11
44
 9
37
24
40
45
 3
30
20
26
            1.2403
           1.26326
           0.36293
           1.63606
          0.889333
          -1.42095
          0.158168
          -1.00802
       -0.00628518
          -2.02623
         -0.432979
         -0.345002
         -0.779828
          0.921652
            1.0518
          0.094065
##################### ACCEPTABLE SUBNET NUMBER: 14  #########################
           2.90601
 2
45
11
 9
38
23
 6
 3
24
41
17
19
18
            0.6652
          0.657399
          0.382386
         0.0842862
         -0.300339
         -0.473105
          0.449149
        -0.0390917
         -0.026308
          -1.65941
         -0.418733
          0.128066
          -1.30654
         -0.184661
##################### ACCEPTABLE SUBNET NUMBER: 15  #########################
          0.957885
 5
42
20
28
10
18
 3
26
 9
 2
         -0.245731
         -0.293575
          0.408136
          0.460239
         -0.219964
         -0.343435
        -0.0995276
         0.0838137
          -1.48103
           -1.1668
           1.00986
##################### ACCEPTABLE SUBNET NUMBER: 16  #########################
           1.26187
16
33
19
 6
 9
26
39
47
12
20
30
 2
22
 3
44
28
34
 7
36
38
29
 1
18
35
43
           1.14144
            1.1057
          0.688186
           1.40778
          0.370138
           1.29929
        -0.0669959
           0.37427
          -1.22461
         -0.897594
         -0.779432
          -1.40833
           -2.6377
           0.60892
          0.162979
          0.462237
         -0.384567
        -0.0458449
          0.917458
           1.33864
         -0.100332
          -1.78316
          0.382752
           1.31132
          -1.27426
          0.190053
##################### ACCEPTABLE SUBNET NUMBER: 17  #########################
           1.76866
 4
16
 6
 2
11
 1
12
          0.271602
          0.293154
         -0.608599
           1.28161
         -0.629302
         -0.295109
          -1.55754
          0.517409
##################### ACCEPTABLE SUBNET NUMBER: 18  #########################
          0.649759
 3
14
50
 9
 3
 2
28
39
          0.813335
          0.403751
          0.842054
          0.331217
          0.326862
          0.646295
           1.63084
           1.22914
          -0.66979
##################### ACCEPTABLE SUBNET NUMBER: 19  #########################
           1.87512
 9
23
18
33
34
30
17
47
 3
 1
13
35
 8
29
 5
31
49
38
28
42
13
 2
44
36
          0.789921
          0.777655
         -0.444485
            0.8277
          -1.31974
           1.10764
         -0.851517
          -1.66394
        -0.0415248
         0.0172541
         -0.624255
          -1.26109
          0.392194
          0.699961
        -0.0705364
          0.486165
         -0.888485
         -0.484856
           -1.2228
           1.18663
          -1.54975
         -0.233493
         -0.664735
         0.0981276
         -0.896329
##################### ACCEPTABLE SUBNET NUMBER: 20  #########################
           2.81796
11
23
38
21
35
47
26
 2
 7
22
 3
37
 6
13
50
33
42
41
45
           0.76978
          0.713544
          0.924415
           1.04359
         -0.257989
         0.0540513
         -0.243529
          0.789488
          0.729636
          -1.16236
          0.619048
         -0.919495
         -0.207041
         -0.212315
           1.14029
          0.972915
          0.621435
         -0.927926
          0.060292
          -1.02805
##################### ACCEPTABLE SUBNET NUMBER: 21  #########################
           1.03085
 3
26
25
42
 1
20
          0.169106
          0.195022
         -0.136594
          0.602084
          0.658803
         -0.443198
          0.522203
##################### ACCEPTABLE SUBNET NUMBER: 22  #########################
           2.62915
 2
39
 6
 7
36
26
33
29
24
35
23
           1.14008
           1.13285
           1.75625
           1.88977
           1.14377
           1.86232
          0.539409
         -0.529604
         0.0252389
         -0.469041
         -0.309238
         -0.646502
##################### ACCEPTABLE SUBNET NUMBER: 23  #########################
           2.13552
 1
13
 6
36
17
46
 2
43
14
          0.435064
           0.40057
          0.290394
         -0.670351
          0.139779
          0.408955
         -0.336829
          0.432651
         -0.510145
         0.0613205
##################### ACCEPTABLE SUBNET NUMBER: 24  #########################
           2.19213
 7
41
15
45
11
 2
 6
 7
 2
17
35
           1.19338
           1.18641
           1.23786
           0.70631
          0.848243
       -0.00237312
         -0.198161
          -1.28858
          0.106662
         -0.187728
           1.35268
           1.13999
##################### ACCEPTABLE SUBNET NUMBER: 25  #########################
           2.24276
10
 1
25
14
16
29
12
26
10
 4
 5
 5
22
24
34
48
 9
           1.77626
           1.81532
           1.44379
           1.86149
           1.62513
          0.100643
          0.414063
           1.03384
         -0.279033
          -1.73035
           2.04208
         -0.160317
         0.0501481
           1.70956
         -0.295492
          0.712715
          -0.34012
          0.431674
##################### ACCEPTABLE SUBNET NUMBER: 26  #########################
           2.86209
 2
47
 8
 2
23
41
          0.679681
          0.651669
          0.276544
          0.214846
          -1.05769
          0.387274
           -1.0688
##################### ACCEPTABLE SUBNET NUMBER: 27  #########################
           2.25327
 4
30
23
16
 1
 8
27
33
45
26
43
49
22
 6
          0.810855
            0.8412
          0.980283
          0.899121
         -0.189756
           1.75504
          0.605743
           1.13383
          0.581982
         -0.420868
          -1.81787
         -0.384278
          0.186807
          0.295697
         -0.899382
##################### ACCEPTABLE SUBNET NUMBER: 28  #########################
             1.692
 6
42
41
26
 8
33
46
 5
29
30
39
16
28
           1.09154
           1.04646
         -0.100954
          0.435933
          -2.22441
          0.295655
          -1.11918
         -0.626336
          -1.30469
          0.335176
          0.366599
         -0.227243
          0.137652
         -0.043181
##################### ACCEPTABLE SUBNET NUMBER: 29  #########################
           1.61672
 5
 6
42
12
33
 4
 1
44
          0.147614
          0.153985
         -0.485026
          0.132786
         -0.681397
         -0.499354
          0.475978
          -1.19258
          0.120351
##################### ACCEPTABLE SUBNET NUMBER: 30  #########################
           2.24887
 7
21
39
13
 6
33
42
10
10
24
 4
45
30
18
19
 1
37
50
48
          0.620222
          0.611633
          0.377957
         -0.812929
         -0.729695
         -0.848954
          0.553968
          -1.63031
          -0.52358
          -1.00864
          0.489938
          0.564149
         -0.231185
        -0.0340107
         -0.139979
         -0.428907
         -0.402139
           -1.3903
           -1.3962
          -2.15574
##################### ACCEPTABLE SUBNET NUMBER: 31  #########################
           2.67162
 3
33
15
 8
10
36
34
 7
31
18
41
42
22
17
27
           1.88181
           1.88899
           1.28367
           1.51129
         -0.615139
         -0.405172
           1.37969
            0.2648
          0.937761
         -0.200976
          -2.19966
         -0.382807
          0.431471
           -1.9081
            1.0146
         -0.204295
##################### ACCEPTABLE SUBNET NUMBER: 32  #########################
           1.28141
 6
 1
 7
48
39
11
42
 4
29
15
10
14
           1.12159
           1.14137
          0.735373
            1.1544
           1.11458
         -0.399553
          0.689734
         -0.975579
         -0.801488
          0.116187
           1.00288
         -0.773634
          -1.75421
##################### ACCEPTABLE SUBNET NUMBER: 33  #########################
          0.937128
 9
 6
30
46
44
 5
38
 9
26
23
 6
 2
 4
50
 7
35
16
          -0.23647
          -1.23228
         -0.618132
          0.269451
         -0.264352
        -0.0485368
         -0.896183
         -0.663502
          -1.70616
         -0.613739
          -1.05123
          -0.78568
          0.887903
          -1.79852
         -0.562872
          -1.70088
          0.151411
         -0.777369
##################### ACCEPTABLE SUBNET NUMBER: 34  #########################
           1.39133
 4
39
 1
28
23
12
 5
46
31
 7
29
13
 3
33
27
12
24
 9
         0.0469364
         0.0503265
         0.0434642
           1.26567
           1.28342
        -0.0733088
         -0.816463
           1.06228
          -0.32342
          -1.59465
         -0.576321
          0.789651
        -0.0531943
         -0.367271
           -1.2407
         -0.409266
          -1.22296
        -0.0163642
        -0.0263642
##################### ACCEPTABLE SUBNET NUMBER: 35  #########################
           1.53197
 6
46
42
23
24
34
33
15
37
49
44
 4
38
21
13
18
48
40
11
22
43
15
36
           1.30175
           1.27762
          0.440809
          0.763274
          0.878069
          0.103431
         -0.632418
         0.0942142
         -0.670737
          0.661284
          0.111873
          0.730388
           0.12767
          -1.06534
          0.791094
         -0.155298
          0.442004
        -0.0254355
          -1.46817
           -0.1291
          0.460998
           -1.1174
         0.0956803
          0.674592
##################### ACCEPTABLE SUBNET NUMBER: 36  #########################
           2.07661
 0
 2
20
26
          0.281825
         -0.272896
        0.00168329
          0.312504
         0.0963172
##################### ACCEPTABLE SUBNET NUMBER: 37  #########################
           2.83239
 2
35
21
 8
13
30
43
50
 5
42
27
14
          0.550743
          0.546999
           0.36465
          0.278236
          -1.44614
          0.444884
          0.124461
          0.117005
         -0.823932
         -0.507338
           -1.0788
         -0.654241
           0.33668
##################### ACCEPTABLE SUBNET NUMBER: 38  #########################
           1.60924
 3
 1
 4
26
 4
23
20
40
50
         -0.358068
          -1.76777
         -0.493651
          0.116067
          -1.52494
         -0.355362
         -0.679119
         -0.855531
         -0.509911
         -0.317578
##################### ACCEPTABLE SUBNET NUMBER: 39  #########################
          0.874343
 8
39
22
40
31
 1
10
48
21
 5
27
37
30
29
34
           2.00301
           1.98767
         -0.633789
          0.518707
          -0.83655
        -0.0803451
          -0.28124
          0.617638
         -0.661381
          -0.75533
            0.0378
           -1.0837
          0.418284
          0.543781
           0.29658
         -0.259343
##################### ACCEPTABLE SUBNET NUMBER: 40  #########################
           1.88518
 3
39
42
25
 2
24
12
          0.195482
          0.193273
         -0.858357
          0.306821
         -0.343578
          0.310383
          0.167328
          -1.31155
##################### ACCEPTABLE SUBNET NUMBER: 41  #########################
          0.825827
 4
16
 6
33
18
 5
20
30
 9
 2
47
          0.722508
          0.743428
         -0.997542
            1.0039
          0.606571
         -0.104861
          -1.91886
          0.741952
          -1.28464
          0.561937
         -0.664004
          -1.45599
##################### ACCEPTABLE SUBNET NUMBER: 42  #########################
           2.53785
 1
 1
 9
44
12
34
21
48
27
33
16
25
           0.83442
          0.716828
           0.44953
           0.33099
          0.602617
          0.344839
          0.344009
         -0.753454
         -0.140746
         -0.387176
          0.132578
         -0.163104
          -1.36369
##################### ACCEPTABLE SUBNET NUMBER: 43  #########################
           2.17026
 1
18
 4
17
42
40
 8
          0.221819
           0.22645
           1.36544
         -0.696869
           1.48325
         0.0154902
         -0.660064
         -0.660064
##################### ACCEPTABLE SUBNET NUMBER: 44  #########################
          0.637945
 1
 1
 2
50
 2
          0.343473
         0.0886607
          0.157467
           -1.4831
         0.0508447
          0.892024
##################### ACCEPTABLE SUBNET NUMBER: 45  #########################
           2.93329
15
30
49
37
18
31
 3
35
42
28
25
39
24
45
50
40
12
29
38
44
14
 2
 7
48
16
41
15
43
17
          0.433694
          0.447127
           1.92006
           1.19539
           1.13133
         -0.373324
         -0.141338
          0.150022
          -1.22643
          0.384468
         -0.234278
         -0.265704
           -0.3891
          0.445564
          0.609814
          0.163945
        -0.0787584
          -1.51552
           1.96489
         -0.744074
          0.210339
            1.8332
          0.895476
          0.715824
         -0.804619
          0.992715
          -1.06456
           1.28143
       -0.00376029
         -0.244814
##################### ACCEPTABLE SUBNET NUMBER: 46  #########################
           2.65763
 1
48
10
 2
45
24
 7
43
 4
41
35
12
17
           1.68521
           1.68731
           1.05092
           1.91651
           1.60476
          0.325647
           1.66639
         -0.894796
           1.81505
          0.009042
          0.186353
          -0.54886
         -0.225178
        -0.0324121
##################### ACCEPTABLE SUBNET NUMBER: 47  #########################
           2.98869
 5
46
 6
29
33
40
 9
49
10
27
20
 1
12
44
13
28
          0.926591
          0.785927
          0.333066
          0.387445
           0.17775
         -0.615605
          -1.49372
          -1.90213
          0.434792
          0.490343
          0.100362
         -0.887514
        -0.0630901
        -0.0374222
          0.357176
         -0.422117
         -0.675738
##################### ACCEPTABLE SUBNET NUMBER: 48  #########################
           2.45079
 4
33
10
40
25
 1
21
          0.407135
          0.434445
          -0.42064
           1.49832
          0.506755
         0.0380011
          -2.28901
           1.12505
##################### ACCEPTABLE SUBNET NUMBER: 49  #########################
           1.95732
 2
 6
29
 5
20
50
42
41
 7
           1.56416
           1.53296
           1.30879
         -0.238135
         -0.380893
            1.5273
           1.01641
         -0.811994
         -0.326135
          0.870091
##################### ACCEPTABLE SUBNET NUMBER: 50  #########################
           1.11855
 2
16
 8
 3
20
14
18
           0.20211
          0.226561
         -0.109097
           1.37927
          -0.38733
          0.188768
           0.71066
          0.401645
##################### ACCEPTABLE SUBNET NUMBER: 51  #########################
          0.809144
 2
33
 1
 3
24
50
19
          0.666614
          0.681916
          -1.55827
          0.755412
          0.714001
            0.6826
          -1.84057
         -0.441033
##################### ACCEPTABLE SUBNET NUMBER: 52  #########################
           1.22676
 2
26
 9
 1
21
         0.0374325
         0.0624675
          -1.26047
           1.13662
          0.149978
          0.501873
##################### ACCEPTABLE SUBNET NUMBER: 53  #########################
          0.703847
 4
26
36
 2
 1
 2
14
34
        -0.0542395
        -0.0306202
          -1.28313
           1.15724
         -0.572303
           -1.2764
          0.596676
          0.484562
          0.148396
##################### ACCEPTABLE SUBNET NUMBER: 54  #########################
           2.01817
 1
 1
 9
12
17
46
20
44
10
23
 6
49
           1.00851
          0.980545
           1.28989
          0.562858
          0.880787
          0.376644
          -0.18293
           1.50405
          0.146018
          0.104145
          -1.00195
          -1.29456
         -0.702552
##################### ACCEPTABLE SUBNET NUMBER: 55  #########################
           2.77238
 2
33
46
 2
14
21
           1.64762
           1.67004
          0.321419
          0.879097
          -1.23084
         -0.278371
          0.620445
##################### ACCEPTABLE SUBNET NUMBER: 56  #########################
           1.50381
 8
25
 7
46
20
17
31
22
34
10
44
28
50
41
10
26
 2
27
24
 6
           1.56217
           1.26183
          0.924008
          0.314869
          0.696526
         -0.376123
         -0.763156
          -1.31823
          0.281577
         -0.306429
         -0.865021
            1.0555
           1.32663
          -0.33115
         -0.157677
          0.901888
         -0.310933
           1.22659
         -0.657424
         -0.269323
          -2.52348
##################### ACCEPTABLE SUBNET NUMBER: 57  #########################
           2.75381
 0
 1
44
          0.758391
          0.675517
          0.769135
          0.917535
##################### ACCEPTABLE SUBNET NUMBER: 58  #########################
           1.52554
 8
42
48
18
44
14
16
10
 5
 4
 4
20
45
33
          0.801115
          0.813835
          0.423053
          0.358536
          0.831222
          -1.56261
         -0.938665
          -1.13346
          0.657766
         -0.940074
          0.449634
         -0.190526
          0.852479
          -1.13989
          0.282042
##################### ACCEPTABLE SUBNET NUMBER: 59  #########################
           1.29722
 1
26
 0
         0.0411591
         0.0657666
         -0.887467
          0.826304
##################### ACCEPTABLE SUBNET NUMBER: 60  #########################
           2.14468
 0
 5
43
33
22
46
13
           1.30485
          0.652092
          0.675483
           1.02395
          0.804879
         -0.235012
         -0.889595
         -0.310649
##################### ACCEPTABLE SUBNET NUMBER: 61  #########################
           1.75789
 7
30
49
46
16
24
 7
 1
 6
 2
44
 3
21
34
23
          0.154698
            0.1692
           0.11656
          0.872995
         0.0493996
         -0.081903
          0.173589
         -0.255125
          -1.58085
        -0.0528849
            0.5953
         -0.537425
          0.581851
          -0.51424
          0.192587
          -1.95473
##################### ACCEPTABLE SUBNET NUMBER: 62  #########################
            1.9879
 1
40
 5
47
17
38
14
35
           1.35537
           1.35889
            1.4368
          -1.25157
          0.752439
           1.42779
          0.513383
            1.5741
          -1.73026
##################### ACCEPTABLE SUBNET NUMBER: 63  #########################
          0.883684
 6
25
15
26
30
47
42
 1
 2
         -0.289884
         -0.356407
         -0.648907
          0.207336
          -1.40163
          0.106687
          0.601948
         -0.157448
         -0.338721
          0.793268
##################### ACCEPTABLE SUBNET NUMBER: 64  #########################
           2.58836
 1
30
 0
         -0.132586
          -1.31237
          -0.81341
         0.0918359
##################### ACCEPTABLE SUBNET NUMBER: 65  #########################
           1.65687
 2
 1
41
10
26
44
37
 2
18
17
33
15
14
 9
         -0.221444
          -1.58571
         -0.282577
           0.32978
         0.0864744
          0.345324
          0.242171
          0.180373
       -0.00569327
         -0.313968
           -1.0329
          0.335662
          -1.04926
          -1.11795
         -0.579983
##################### ACCEPTABLE SUBNET NUMBER: 66  #########################
           1.21151
 3
 1
42
49
 9
 3
30
48
47
12
22
39
33
18
           1.85024
           1.80882
           1.12107
           1.41625
          0.260129
          0.443207
           1.30543
            1.3241
          -1.08235
          -1.29908
          0.528241
         -0.982474
         -0.452124
         -0.276053
         -0.521582
##################### ACCEPTABLE SUBNET NUMBER: 67  #########################
            1.6548
 5
30
39
 6
25
42
 5
14
10
23
18
27
           1.77294
           1.75276
           1.52826
          0.123617
           1.14749
        -0.0552347
         -0.493903
           1.17135
           1.70635
           1.33036
           -0.2603
           1.46415
         -0.771968
##################### ACCEPTABLE SUBNET NUMBER: 68  #########################
           1.55013
 8
46
39
42
28
 9
 6
13
40
 6
44
20
16
 1
 5
27
          0.177245
          0.184971
          0.728999
          0.862726
           1.91803
           1.85827
        -0.0897339
          0.579789
           1.50109
          0.436419
         0.0949983
           1.81454
          0.197098
          0.630503
          -1.27317
         -0.344525
          -1.76531
##################### ACCEPTABLE SUBNET NUMBER: 69  #########################
           1.90596
 4
16
 7
25
42
 3
45
35
40
          0.228307
          0.245802
          -1.31111
          0.773134
          0.259311
          -1.27668
          -1.37422
         -0.902166
         -0.492956
          -1.27668
##################### ACCEPTABLE SUBNET NUMBER: 70  #########################
           1.95391
 6
42
12
15
24
47
39
 7
31
36
10
18
30
28
48
           1.62882
           1.61511
           1.06112
           1.48471
          0.861424
         -0.701708
          -2.03593
          0.101831
          -0.62802
            1.4012
          0.810734
          0.187814
           0.51527
         -0.588134
         -0.429225
          -2.03983
##################### ACCEPTABLE SUBNET NUMBER: 71  #########################
           1.06375
 4
16
18
 1
50
 2
 8
23
          0.331791
          0.347323
          -1.13138
          0.571819
          0.343419
          0.148226
            -0.765
        -0.0474372
          -0.67607
##################### ACCEPTABLE SUBNET NUMBER: 72  #########################
           2.86116
 4
11
25
 2
10
10
45
 4
 9
 8
38
33
28
16
48
44
          0.720717
          0.557032
         0.0683924
          0.127993
         -0.680765
         -0.752432
         -0.733664
         -0.266564
          0.286495
         0.0815135
          -1.66759
          -3.19564
         -0.575568
         -0.346431
         -0.199909
          -2.63929
          -1.20504
##################### ACCEPTABLE SUBNET NUMBER: 73  #########################
          0.920118
12
12
30
21
 7
48
35
34
17
24
20
13
40
 2
 2
 4
          0.604732
          0.593814
          0.410053
          0.194188
         0.0467647
         -0.266882
          0.904048
          0.773631
        -0.0341762
          0.841519
         -0.314908
          -1.06944
          0.225029
          -1.28707
          -1.78548
           1.31878
          -1.41293
##################### ACCEPTABLE SUBNET NUMBER: 74  #########################
            2.0714
 0
 1
14
          0.901088
          0.904977
           1.07867
           1.23815
##################### ACCEPTABLE SUBNET NUMBER: 75  #########################
           2.54155
 3
35
 4
28
 5
44
17
16
41
37
           1.97682
            1.8915
           1.73294
          0.570469
         -0.920891
          -1.53904
           1.89129
          0.839817
          0.630254
          -2.58566
         -0.114419
##################### ACCEPTABLE SUBNET NUMBER: 76  #########################
          0.508751
 0
 1
 2
          0.730334
          -0.10244
         -0.165964
          0.667059
##################### ACCEPTABLE SUBNET NUMBER: 77  #########################
          0.719287
 1
 9
 7
43
 2
 1
18
 8
49
34
           1.33239
          0.960703
          0.521561
          0.208585
          0.703337
           1.28635
         -0.558902
           0.62624
          0.433204
         0.0560542
         -0.848967
##################### ACCEPTABLE SUBNET NUMBER: 78  #########################
           2.61541
 1
19
 7
 4
41
17
 2
28
30
50
          0.989338
          0.940745
          0.312702
          0.452052
          0.510531
         0.0442951
          0.511575
          0.336829
          -1.17078
         -0.244059
         -0.715147
##################### ACCEPTABLE SUBNET NUMBER: 79  #########################
           1.94801
 2
30
37
 9
17
43
 7
 8
 5
10
18
 9
41
           1.39041
           1.36054
          0.579761
          0.282136
          0.370509
          0.728881
          0.497908
          0.145962
          0.485743
         -0.701839
          0.505407
         -0.195962
           -0.3316
          -1.51265
##################### ACCEPTABLE SUBNET NUMBER: 80  #########################
           2.63804
 8
39
13
12
28
50
33
 4
23
 9
40
44
 9
49
 6
17
11
30
 5
          0.986578
          0.915931
          0.603296
          0.508212
         0.0647234
          -1.02563
         -0.204033
         -0.913971
         -0.198281
          -1.01874
         -0.116722
          0.504421
           0.73369
         -0.826258
       -0.00747419
           -1.3073
         -0.116699
          -1.61608
          -1.10169
           -1.9786
##################### ACCEPTABLE SUBNET NUMBER: 81  #########################
           1.85792
 2
 6
14
 8
37
 2
33
23
35
28
30
13
           1.41145
            1.1981
          0.431327
          0.506777
          -1.00926
          0.584367
          0.246009
         0.0213635
         -0.913437
          0.442807
          0.779617
          -1.09863
         -0.833805
##################### ACCEPTABLE SUBNET NUMBER: 82  #########################
           1.20371
 9
 1
48
38
14
25
19
46
10
 4
12
28
35
 9
17
 7
33
21
 8
37
 6
39
30
           1.37203
           1.09081
           1.13747
           1.02561
           1.08797
          -1.04056
         -0.995303
          -2.34226
         -0.778076
         -0.901384
            0.2289
         -0.483276
           1.60268
          0.815155
         -0.483536
           -1.0461
          0.148672
          0.392476
          0.573312
          -2.42437
          -1.86806
         -0.411826
          0.381299
           0.56675
##################### ACCEPTABLE SUBNET NUMBER: 83  #########################
           1.89129
 1
30
 3
 9
16
17
        -0.0741252
          -1.09088
            -0.883
          0.138526
          0.136728
         -0.310431
         -0.226425
##################### ACCEPTABLE SUBNET NUMBER: 84  #########################
           2.00826
 1
 1
 3
43
36
20
           0.30751
          -1.03772
         -0.328344
        -0.0410755
         0.0232542
         0.0315108
         -0.205024
##################### ACCEPTABLE SUBNET NUMBER: 85  #########################
           2.69618
 4
18
36
42
30
 3
23
22
21
          0.362969
           0.26659
         0.0938879
        -0.0180103
         -0.432741
          0.153715
          -1.63058
          0.205981
         -0.936195
         -0.753052
##################### ACCEPTABLE SUBNET NUMBER: 86  #########################
           0.72809
 6
16
19
14
27
 1
23
 4
22
11
10
 4
         -0.184701
          -0.31186
           1.48717
           1.05493
          0.561769
           0.14163
           1.40502
           2.21647
           1.17235
           1.95743
           1.68565
          0.165259
          0.227939
##################### ACCEPTABLE SUBNET NUMBER: 87  #########################
           1.96376
 4
15
34
47
27
 7
14
41
22
 4
21
33
26
           1.59198
           1.56873
           1.40603
         -0.364938
           0.08083
          0.550088
          -1.51146
           1.58804
           0.17973
          0.207941
         -0.556627
           -1.1877
         -0.487686
           1.16025
##################### ACCEPTABLE SUBNET NUMBER: 88  #########################
           1.92203
 8
 8
17
27
 1
26
 2
15
23
 7
14
 7
40
34
44
33
 3
           1.44132
           1.43655
           1.57013
            1.2814
          0.103017
         -0.716314
         -0.372559
           0.59475
        0.00627958
          -1.05628
          -1.10499
           1.74206
           1.23533
         -0.959156
         -0.387587
          0.508533
           1.22732
          -1.91748
##################### ACCEPTABLE SUBNET NUMBER: 89  #########################
            2.6024
 7
46
40
24
23
 9
33
50
 2
36
20
          0.711692
          0.682061
           0.65737
           1.16068
          0.991361
         -0.986559
         -0.875368
          -2.69751
          0.377638
         -0.780103
           1.11584
          0.955882
##################### ACCEPTABLE SUBNET NUMBER: 90  #########################
           1.45287
 4
 1
42
18
 7
 0
         -0.346386
          -1.34443
         -0.633212
          0.156874
         -0.637714
        -0.0531566
         -0.237089
##################### ACCEPTABLE SUBNET NUMBER: 91  #########################
          0.467992
 1
 9
 2
 2
21
         0.0318732
        -0.0622424
           1.24291
         -0.302379
           1.90299
          0.604444
##################### ACCEPTABLE SUBNET NUMBER: 92  #########################
           1.49207
 4
 9
12
39
47
 7
20
28
34
21
14
49
 4
           1.46984
           1.31348
           1.40237
          -1.44727
          -1.01052
         -0.957783
          -1.32596
           1.63203
           1.68044
            1.3337
        -0.0655021
         -0.579354
          0.264347
         -0.795193
##################### ACCEPTABLE SUBNET NUMBER: 93  #########################
           2.93886
 8
46
40
 5
33
48
 9
 7
20
 8
35
13
17
 3
22
37
26
12
           2.01239
           2.01266
          0.828896
           1.06263
          -0.31378
          0.907182
        -0.0158889
          -1.12245
          -1.07733
          -2.04435
         -0.627085
          0.998304
          0.856822
         0.0525409
         -0.657382
          -2.21266
            -1.718
          0.550514
          -1.07077
##################### ACCEPTABLE SUBNET NUMBER: 94  #########################
           1.37282
 4
 6
48
47
 4
 7
36
34
30
50
14
 7
33
           1.44514
           1.44634
          0.475118
          0.705215
           0.68061
         -0.127968
         -0.330419
          0.434865
          0.297842
        -0.0365891
         -0.729339
          0.849912
          -1.36855
          -1.28484
##################### ACCEPTABLE SUBNET NUMBER: 95  #########################
           2.21068
 3
39
 5
27
 5
21
33
29
18
37
          0.751459
          0.694498
         -0.476798
           1.04281
         -0.802386
          -2.81287
          0.914345
          0.879663
          -1.09986
          0.065907
           -1.1562
##################### ACCEPTABLE SUBNET NUMBER: 96  #########################
           2.03426
 0
 1
28
           0.18703
         0.0226056
          0.457867
          0.815622
##################### ACCEPTABLE SUBNET NUMBER: 97  #########################
           1.83506
 2
16
11
 3
15
49
 9
          0.362461
          0.381916
          -1.96932
          0.828996
          -2.50163
        -0.0398176
         -0.188749
          -2.50663
##################### ACCEPTABLE SUBNET NUMBER: 98  #########################
           1.95925
 3
15
 3
30
 1
20
           2.43351
          0.329595
         -0.518327
          -0.81312
           -0.9714
         -0.675829
          0.218991
##################### ACCEPTABLE SUBNET NUMBER: 99  #########################
          0.481547
 3
25
28
49
 2
 2
 3
          0.560006
         0.0157305
        -0.0450563
          -1.26917
           -1.9662
          -1.39153
          0.761009
           -1.1115
##################### ACCEPTABLE SUBNET NUMBER: 100  #########################
           2.80886
 0
 3
15
28
10
         -0.205496
         -0.423398
          0.140615
          -2.21904
          0.453066
        -0.0799906
----------Number of Acceptable Subnets found: 100 -----------
----------END FOR GENE 32 -----------
--------START FOR GENE 33 -----------
 Values arranged as error, n_ka, gene ids for ka, n_kd, gene ids for kd,
 r0, d, ea, ka_values, kd_values for each subnet. 
##################### ACCEPTABLE SUBNET NUMBER: 1  #########################
          0.837607
 8
34
48
11
15
37
38
23
18
 7
36
 2
14
 9
16
28
45
           1.66618
           1.44302
           1.12636
            1.3517
           1.23364
           1.22846
           0.81419
          -1.14082
           1.02287
           1.00143
          -1.35545
           1.10056
           2.05144
          -1.91869
         0.0293782
           1.01812
         -0.879547
          0.417853
##################### ACCEPTABLE SUBNET NUMBER: 2  #########################
          0.686044
 5
16
 7
44
34
37
 3
 2
18
26
          0.881567
          0.654603
         0.0472815
          0.214902
          0.303812
           -1.2335
          0.265418
          0.239924
          0.991736
          0.346644
          -1.61333
##################### ACCEPTABLE SUBNET NUMBER: 3  #########################
           2.88997
10
 6
47
22
 2
18
28
10
12
16
49
 4
43
 8
44
20
            1.9803
           1.62862
           1.48812
           1.52724
           1.62413
           1.52442
          0.906736
         -0.514781
          -1.16933
         -0.400416
         -0.367193
          0.224105
           0.63565
           1.87587
          0.970654
          0.561967
           1.87512
##################### ACCEPTABLE SUBNET NUMBER: 4  #########################
           1.14551
 7
47
34
42
38
 7
11
44
 3
17
 5
 2
           0.56584
          0.388292
         0.0657168
          0.117498
          0.318835
         -0.366456
          0.235134
         -0.472618
         -0.890703
          -1.85048
         0.0822662
         -0.695784
          0.974838
##################### ACCEPTABLE SUBNET NUMBER: 5  #########################
           1.82221
 6
35
16
 6
34
10
15
 9
 3
14
46
27
30
28
44
 2
25
           1.38084
           1.21181
           0.93646
         0.0386397
          0.921866
            1.1069
           1.00308
          0.614818
         -0.384744
          0.195986
           1.24885
           1.00198
          0.163523
           1.03942
           1.17172
          0.484115
          0.486426
         -0.659056
##################### ACCEPTABLE SUBNET NUMBER: 6  #########################
           2.78644
12
48
11
28
 6
21
10
25
45
46
 8
41
17
 2
20
49
           1.29716
           1.29648
           0.32859
          0.744395
        -0.0274216
         -0.405787
          0.987851
          0.202205
         -0.418626
          0.872007
          0.152266
          0.543718
         0.0965438
          0.145783
         -0.847305
           1.10409
         -0.958588
##################### ACCEPTABLE SUBNET NUMBER: 7  #########################
          0.744585
 3
10
36
38
 6
 2
 1
46
37
 6
45
           0.96661
         0.0681802
         -0.020993
          0.110489
         -0.490706
         -0.305844
          0.855002
         -0.408154
          0.258307
          -0.65811
        -0.0319385
         -0.458453
##################### ACCEPTABLE SUBNET NUMBER: 8  #########################
           2.14984
 3
37
44
29
 6
 2
45
34
49
21
 9
         -0.258912
         -0.891849
         -0.182748
          0.120795
          -1.44362
          -1.44328
           0.73836
         -0.259065
         -0.695465
         -0.685517
          -1.44289
          -1.32028
##################### ACCEPTABLE SUBNET NUMBER: 9  #########################
           2.96056
10
30
40
34
13
11
 7
28
22
12
10
 1
20
         0.0719866
         -0.310249
         -0.123745
         0.0221312
         -0.688801
        -0.0882419
         -0.262978
         0.0670736
         -0.217262
         -0.961553
         -0.509521
          -1.15676
         -0.508133
          0.307381
##################### ACCEPTABLE SUBNET NUMBER: 10  #########################
           2.35498
 7
 7
 5
44
17
49
47
18
 6
 2
27
 9
24
30
28
          0.249956
        -0.0111197
        0.00396986
         0.0761817
          -1.11037
          -1.01944
        -0.0246412
         0.0380698
         -0.575627
           -1.3473
          0.783578
         -0.365751
         -0.182623
         -0.252014
          -1.04512
          -1.80719
##################### ACCEPTABLE SUBNET NUMBER: 11  #########################
           2.70415
 6
39
 1
 4
 3
15
46
 9
26
20
28
16
45
41
 9
17
32
         -0.614624
          -1.17265
         -0.320591
        -0.0544339
          0.373308
         -0.527551
         -0.491582
           -1.0647
           -1.1997
          -1.27362
         -0.677259
          -0.40649
          0.146554
           -0.2029
         -0.513514
          -1.44268
         -0.644681
           -2.3545
##################### ACCEPTABLE SUBNET NUMBER: 12  #########################
           2.86027
 6
 7
49
47
48
 6
25
 8
36
46
28
43
39
 5
35
31
          0.484921
           -1.1173
         -0.662772
         -0.325271
         -0.264314
         -0.999697
          -1.69518
         -0.176729
         -0.947245
         0.0728006
          -1.00016
          0.262142
           -1.2087
           -1.7248
          -0.61096
         -0.640722
          -1.19906
##################### ACCEPTABLE SUBNET NUMBER: 13  #########################
           2.49009
 5
39
23
45
 5
34
 2
20
 1
          0.764903
          0.257664
         -0.463058
        -0.0599904
        -0.0409833
        -0.0364447
         -0.112014
         -0.630507
          0.370369
         -0.554551
##################### ACCEPTABLE SUBNET NUMBER: 14  #########################
           1.58367
 5
48
34
12
10
29
 3
 2
41
46
          0.693032
          0.396168
        -0.0183884
        -0.0714018
         0.0857793
        -0.0984216
           -1.8746
          -1.62164
          0.749218
        0.00731414
         -0.456347
##################### ACCEPTABLE SUBNET NUMBER: 15  #########################
           2.03613
12
25
43
37
 1
26
39
48
34
12
11
10
47
 1
14
          0.111952
          0.132704
          0.150933
           1.00889
         -0.580222
          0.766676
           1.26859
          -0.17941
          -0.47949
         -0.642295
         -0.613015
         -0.682344
         -0.443975
         -0.623556
         -0.220925
           1.08399
##################### ACCEPTABLE SUBNET NUMBER: 16  #########################
            1.8008
 2
26
18
 3
41
 8
34
          0.918941
          0.849102
         -0.586639
          0.297356
          0.598498
          0.335492
          0.298633
        0.00996554
##################### ACCEPTABLE SUBNET NUMBER: 17  #########################
           1.41336
 3
 1
48
38
 4
14
30
37
36
           1.35246
           1.19709
          0.616752
          0.984095
         -0.902839
          -1.03258
          0.939454
          0.977885
          -2.00765
          -1.31297
##################### ACCEPTABLE SUBNET NUMBER: 18  #########################
           2.65523
 9
29
11
 8
19
 7
 9
 3
24
23
12
 2
18
22
45
43
40
44
34
38
42
47
39
         -0.666889
          -1.37064
          -1.11323
          -0.50981
         -0.827252
           0.80991
          0.598311
          0.315869
          0.389517
          -1.20982
         -0.138137
         -0.766956
             1.178
          0.427387
          0.155594
          0.168623
         -0.812472
          -1.14714
          -1.14033
         -0.799565
          -0.79851
          0.143143
          -2.20578
         -0.500141
##################### ACCEPTABLE SUBNET NUMBER: 19  #########################
           2.46145
 5
37
25
22
42
40
 5
43
20
 7
 2
28
          0.442463
         -0.123362
        -0.0356276
          0.169953
        -0.0217022
         -0.255969
         -0.815015
          -1.53966
          0.335962
          0.417159
          -1.54593
          0.756414
          0.216531
##################### ACCEPTABLE SUBNET NUMBER: 20  #########################
           2.26199
 4
37
10
38
43
 2
 2
 8
         -0.301788
         -0.588293
       -0.00910848
          0.291312
          0.170439
        -0.0591019
          -0.52346
          0.861126
         -0.580611
##################### ACCEPTABLE SUBNET NUMBER: 21  #########################
           1.99744
 4
40
37
41
29
 0
         -0.261605
          -1.99997
         -0.442241
          -1.41384
         -0.438561
          -1.26761
         -0.172075
##################### ACCEPTABLE SUBNET NUMBER: 22  #########################
           5.00638
 2
39
11
 1
 2
          0.004172
        -0.0567218
          0.159122
         -0.525443
         -0.574739
          0.716606
##################### ACCEPTABLE SUBNET NUMBER: 23  #########################
           3.34139
 5
39
 4
 6
 7
18
 4
36
26
28
20
          0.558671
          0.328328
         -0.622442
         0.0789939
         -0.184989
         0.0598652
          -0.67934
         -0.989261
         0.0825581
         -0.364851
         -0.589388
         -0.806983
##################### ACCEPTABLE SUBNET NUMBER: 24  #########################
           5.34136
 6
35
34
30
16
 4
18
 4
22
46
41
23
          0.573032
          0.415433
         0.0537038
         0.0902693
          0.159657
          -1.83843
        -0.0532875
          -1.47619
         -0.306316
          0.128164
         -0.105228
         0.0832474
           0.13111
##################### ACCEPTABLE SUBNET NUMBER: 25  #########################
           4.16545
 6
42
45
30
21
44
27
 8
 9
46
43
16
 1
10
18
28
           2.14636
            1.9165
            1.1029
           1.02553
          0.440309
         0.0659504
         0.0157604
          -2.12277
          0.664139
         -0.900063
           1.10899
           1.30489
          0.316361
        -0.0334128
         0.0206808
          0.350966
          0.513448
##################### ACCEPTABLE SUBNET NUMBER: 26  #########################
           1.77127
 4
18
32
19
 1
 3
21
41
10
          0.599014
          0.531848
         -0.654063
          0.613127
           0.29263
         -0.606185
          -1.12237
          0.299859
          0.348877
          -1.12987
##################### ACCEPTABLE SUBNET NUMBER: 27  #########################
           5.84685
 1
25
 1
16
          -1.06828
           -1.3277
         -0.560654
          0.600999
          0.429133
##################### ACCEPTABLE SUBNET NUMBER: 28  #########################
           4.71269
 6
 7
25
 6
23
21
47
 3
24
46
41
           1.14195
           1.16597
          0.800366
           1.32925
           1.46766
          -1.84619
         -0.662488
         -0.682873
         -0.268023
           1.32473
          0.981512
         -0.894132
##################### ACCEPTABLE SUBNET NUMBER: 29  #########################
           5.47568
 2
 6
 9
 4
14
43
17
24
          0.684403
          0.711845
          0.404335
          0.553314
          0.464643
          0.597106
          0.387456
          0.322223
          -1.07353
##################### ACCEPTABLE SUBNET NUMBER: 30  #########################
           5.71997
 8
48
39
22
24
 4
35
45
41
 4
 9
28
34
46
           1.31623
           1.29343
          0.830663
          0.913701
           0.97523
          0.380913
          0.899133
         -0.798529
          0.836332
         -0.476613
         -0.302216
           1.01774
           1.26234
          -1.27981
          -1.14217
##################### ACCEPTABLE SUBNET NUMBER: 31  #########################
           5.75651
 5
 3
26
19
23
44
 6
 4
24
10
38
17
37
            1.0739
           1.15547
          0.262215
          -1.10836
           1.49977
          -1.07515
          -0.86323
         -0.608226
          0.641451
         -0.185314
          0.038162
         -0.123897
          -1.82736
          -1.24699
##################### ACCEPTABLE SUBNET NUMBER: 32  #########################
           4.40366
 5
18
48
31
28
24
 1
40
          0.863304
          0.855979
         -0.155231
          0.430222
          0.195745
         -0.448926
         -0.158485
          -1.82509
        0.00327845
##################### ACCEPTABLE SUBNET NUMBER: 33  #########################
            5.2507
 9
10
42
47
 1
49
26
34
40
16
 5
27
41
 5
 8
44
           1.05149
            1.0883
          0.534659
            1.0125
           1.00522
          0.341736
          -0.89926
           0.42121
         -0.125774
         0.0864992
        -0.0600367
         -0.269315
          0.847421
           0.63796
         -0.160976
          0.852187
         -0.456632
##################### ACCEPTABLE SUBNET NUMBER: 34  #########################
           4.63872
 5
25
43
45
18
29
10
 8
49
40
12
46
16
24
13
 6
17
          0.282071
          0.308451
        -0.0440397
          0.945659
          0.154912
         -0.577755
         -0.104839
          -2.90817
          0.508794
         -0.687084
          0.573335
          0.494184
         -0.396103
         -0.447519
          -1.06859
          -0.65589
          -1.41014
          -2.90817
##################### ACCEPTABLE SUBNET NUMBER: 35  #########################
           5.91719
 3
 4
17
15
 1
20
        -0.0378671
         -0.791856
         -0.179939
        -0.0326927
          -1.77715
          -1.63232
          0.221884
##################### ACCEPTABLE SUBNET NUMBER: 36  #########################
           5.95484
 1
25
 3
 3
40
14
          0.977256
           1.01542
          0.380749
           1.04848
       -0.00632328
          0.718515
           0.31177
##################### ACCEPTABLE SUBNET NUMBER: 37  #########################
           4.55058
 2
26
21
 1
20
           0.18523
          0.259748
         -0.269375
            1.1672
         -0.750701
          0.407877
##################### ACCEPTABLE SUBNET NUMBER: 38  #########################
           5.04343
 1
23
 1
 2
          0.206937
         0.0520436
         0.0744449
          -2.50225
          0.678978
##################### ACCEPTABLE SUBNET NUMBER: 39  #########################
           3.82792
10
 5
35
18
 1
44
 6
45
 3
25
19
 1
43
           1.46192
           1.23287
          0.615269
          0.668867
          0.309567
          0.446821
          -1.36116
          0.327218
           0.39579
           -1.1565
         -0.821397
           0.44793
          -1.32039
          0.914766
##################### ACCEPTABLE SUBNET NUMBER: 40  #########################
           5.78823
 1
25
 5
32
43
 7
35
45
           1.34692
           1.32376
           1.32017
          0.208468
          0.814973
           1.43796
         -0.952337
          0.164298
          -1.34118
##################### ACCEPTABLE SUBNET NUMBER: 41  #########################
           3.99023
 1
22
 4
16
39
 2
17
         -0.803717
          -1.38583
         0.0657381
          0.524076
          0.347898
          0.201882
          0.854966
          -1.04538
##################### ACCEPTABLE SUBNET NUMBER: 42  #########################
            3.7792
 8
 5
13
24
40
26
47
39
 7
 8
43
17
46
42
50
34
 4
45
           1.07375
           0.81293
           1.64976
           1.73961
          0.794841
           1.64907
          0.692574
         -0.515159
         -0.299138
          -0.81262
          0.208716
            1.9591
            1.8008
          0.357368
          -1.06018
         -0.103674
         -0.741818
          0.525484
          0.162489
##################### ACCEPTABLE SUBNET NUMBER: 43  #########################
           2.92914
 5
39
 7
49
42
13
 7
26
28
27
30
43
32
12
           0.33406
          0.243612
         -0.253698
          0.109908
          0.189114
         -0.418102
          0.204795
          -1.13836
        -0.0610913
          0.259299
          -1.81574
          0.114775
         -0.304816
         -0.505455
          -1.42991
##################### ACCEPTABLE SUBNET NUMBER: 44  #########################
           5.97763
 9
28
35
11
 8
12
32
 2
24
 7
 2
45
26
         -0.646168
          -2.10169
          -0.32605
         -0.235378
          -0.50373
        -0.0571895
          -1.32509
          -3.81851
         -0.800885
          -1.45273
          -1.45273
         -0.380985
        -0.0898126
         -0.767729
##################### ACCEPTABLE SUBNET NUMBER: 45  #########################
           3.57905
10
25
12
24
 7
22
10
18
34
28
15
 1
20
          0.257231
          0.286691
          0.132208
          0.891305
          0.600639
          0.556605
          -2.29066
           -0.7481
         -0.626388
         -0.561116
          0.320741
          0.192206
         -0.783097
          0.812032
##################### ACCEPTABLE SUBNET NUMBER: 46  #########################
           5.68699
 2
26
31
 0
          0.778808
          0.861444
         -0.432902
          0.867212
          -1.16966
##################### ACCEPTABLE SUBNET NUMBER: 47  #########################
           3.89778
 2
22
 7
 4
11
 8
20
48
         -0.557008
          -1.52637
         -0.302926
          0.312728
          -1.47497
         -0.948544
         -0.935618
           0.48206
        0.00412017
##################### ACCEPTABLE SUBNET NUMBER: 48  #########################
           5.54307
 3
32
25
20
 8
36
15
44
22
46
12
41
37
          0.312907
          0.391629
         0.0720955
          0.819723
          0.779374
         -0.477956
          0.462741
           -1.0443
           -1.5179
         -0.477137
          -1.07476
          -1.49366
         -0.395735
          -1.50386
##################### ACCEPTABLE SUBNET NUMBER: 49  #########################
           5.67147
 4
26
31
17
35
 3
39
 1
41
            1.0679
           1.15032
         -0.515372
          0.861672
          -2.03232
          -1.31711
          -2.45454
         -0.345853
          -1.11484
         -0.505573
##################### ACCEPTABLE SUBNET NUMBER: 50  #########################
           1.17832
 3
 7
40
 1
 2
 2
 8
          0.436471
         0.0354091
        -0.0454059
         0.0161042
         0.0651964
          -1.13088
          0.809883
          0.164577
##################### ACCEPTABLE SUBNET NUMBER: 51  #########################
           5.96059
19
12
26
 1
42
22
38
50
37
 8
 9
29
34
 6
32
 7
31
39
46
47
 6
28
36
43
19
 2
15
            1.8763
           1.91772
            1.4634
          0.283503
           1.38803
           1.13351
          0.881927
         -0.584316
          0.766688
           0.47915
         -0.285666
         -0.470744
          -0.78868
        -0.0671004
           1.66298
         -0.122024
           1.38756
           1.28647
          0.586186
         -0.215611
         -0.403883
         -0.088277
            1.2218
           0.32218
           1.56133
          0.063555
          0.283461
          -1.90054
##################### ACCEPTABLE SUBNET NUMBER: 52  #########################
           3.17868
 4
25
10
37
28
 5
31
 9
41
16
43
           0.88184
          0.886359
          0.392406
           1.19546
          -2.01081
         0.0716259
         -0.338456
           0.37352
            1.3062
         -0.547087
         -0.457392
        -0.0294983
##################### ACCEPTABLE SUBNET NUMBER: 53  #########################
           3.71861
 6
10
48
44
34
12
 9
 9
43
 8
42
26
14
17
32
41
24
           1.27678
           1.09972
            1.0927
         0.0459545
           1.08554
         -0.373371
            1.1168
           1.04039
          0.314107
           1.32333
          0.883232
           0.84134
           1.08166
          0.222577
          0.636023
         -0.414898
         -0.480042
         -0.439207
##################### ACCEPTABLE SUBNET NUMBER: 54  #########################
           5.29373
 1
37
 4
24
26
17
10
         -0.687131
          -1.25293
         -0.519554
          0.161715
         -0.156541
          -1.56771
          0.168266
          -1.53453
##################### ACCEPTABLE SUBNET NUMBER: 55  #########################
           2.91198
 2
 7
45
 1
28
          0.788024
         0.0871369
        -0.0599422
        -0.0385515
         0.0421872
          0.582199
##################### ACCEPTABLE SUBNET NUMBER: 56  #########################
           5.10688
 4
 6
16
37
10
 2
44
 2
           0.16736
          0.176343
          0.476076
        -0.0752286
         -0.347137
         -0.144924
          0.363643
          0.105775
           1.06195
##################### ACCEPTABLE SUBNET NUMBER: 57  #########################
           4.40252
 2
32
 1
 4
14
24
25
21
          0.911973
          0.981018
          -1.22344
          0.450171
          0.379041
          0.158605
         0.0454718
          -1.02621
          -1.75214
##################### ACCEPTABLE SUBNET NUMBER: 58  #########################
           4.69131
 7
31
 6
 7
36
 5
10
40
 5
43
26
 1
42
32
          0.530268
          0.186942
          0.552604
        -0.0991336
         -0.119608
          -1.66139
        -0.0123097
       -0.00551122
         -0.847029
         -0.834498
          0.768557
           0.60054
          0.409305
          -1.34929
          -1.00039
##################### ACCEPTABLE SUBNET NUMBER: 59  #########################
           4.60045
 6
26
23
 1
 5
42
18
 1
28
           1.74334
           1.82521
          0.780255
             2.008
          0.338432
          0.667394
         -0.735992
         -0.801781
         -0.374385
           1.46044
##################### ACCEPTABLE SUBNET NUMBER: 60  #########################
           5.04047
 6
 6
32
42
20
25
 7
 4
36
28
47
29
         0.0657528
          0.126768
         -0.468857
            0.3934
          0.582797
         -0.493481
          -0.70398
         -0.642753
         -0.947668
         -0.283553
           0.52753
         -0.520408
         -0.155585
##################### ACCEPTABLE SUBNET NUMBER: 61  #########################
           4.64938
 6
10
 1
49
22
25
 8
12
17
30
45
40
35
28
38
 2
 3
46
44
48
           1.02949
           1.10723
         -0.906611
           1.47889
           1.19129
          0.277098
         0.0578351
           1.02839
         -0.611432
           1.00544
          0.194376
         -0.564969
          0.273798
          0.341143
         -0.736292
         -0.472193
         -0.127555
          -1.68022
         0.0449545
         -0.399102
         -0.606612
##################### ACCEPTABLE SUBNET NUMBER: 62  #########################
           4.26749
 4
35
42
18
39
10
31
48
19
28
 6
20
22
30
46
10
          0.948438
          0.176628
         -0.199808
          -1.25969
         -0.236632
         -0.133044
          -1.81113
         -0.546586
         -0.795149
          -1.13745
          0.286282
          -1.57083
         -0.802032
          -1.34199
          -2.04034
         -0.947692
          -1.55301
##################### ACCEPTABLE SUBNET NUMBER: 63  #########################
           3.93736
 9
47
 4
40
 1
34
18
31
 2
43
 5
21
17
15
25
 8
          0.625188
          0.538921
        -0.0649565
          0.139917
         -0.273707
         -0.483466
          -1.85249
         -0.139997
          0.286461
          -1.27629
          0.066696
          -1.09966
       -0.00781084
          0.236606
         -0.368845
         -0.431216
         -0.805224
##################### ACCEPTABLE SUBNET NUMBER: 64  #########################
           4.86678
13
42
 3
 5
11
40
30
34
27
 8
10
 7
22
24
 5
44
12
49
39
 1
            1.0559
           1.04926
          0.729713
           1.20736
         -0.895326
         -0.421115
         -0.159584
         -0.709896
          0.115114
        -0.0420877
          0.750245
         -0.022693
           1.10483
          0.415839
          0.520201
         -0.701206
         -0.211317
          0.733097
           1.06835
         -0.372996
         0.0186547
##################### ACCEPTABLE SUBNET NUMBER: 65  #########################
           3.79255
 9
39
 1
25
47
49
 7
 9
19
23
 9
20
22
 8
21
 3
46
26
35
40
           1.21324
           1.20053
           0.82807
         -0.416745
         -0.924574
           0.85762
           0.25956
         -0.268778
          0.940049
           0.61485
         -0.240154
          0.426292
           1.01712
          -1.72682
          0.604918
            -1.749
          -1.31502
          0.506964
          0.744058
         -0.450552
          -1.30746
##################### ACCEPTABLE SUBNET NUMBER: 66  #########################
           2.29245
 9
48
 8
 1
22
23
 7
36
25
27
 5
13
35
30
11
16
          0.056125
          0.059967
         -0.242949
          0.358111
          -1.72616
           1.00409
          -0.23528
          -0.54324
          0.442631
         -0.572922
          0.507661
         -0.252476
          0.683707
          -1.03808
          0.297003
          0.497524
          -1.31966
##################### ACCEPTABLE SUBNET NUMBER: 67  #########################
           3.38065
 6
 5
 6
45
50
10
19
 6
43
38
26
37
30
27
           1.72634
           1.29052
           1.00281
           1.06351
          0.970919
          -0.98482
          0.865123
          -0.53442
          0.175473
           1.38516
          0.373855
          0.642723
          0.321571
          0.841036
          0.985049
##################### ACCEPTABLE SUBNET NUMBER: 68  #########################
           5.03035
 4
26
50
 7
25
 3
44
21
19
           1.22696
           1.30627
         -0.525164
           1.38585
         -0.760512
          -1.71154
         -0.221889
          0.593845
        -0.0494243
           -1.3129
##################### ACCEPTABLE SUBNET NUMBER: 69  #########################
           5.82924
 3
 8
50
29
 2
41
23
         -0.327634
          -1.73459
         -0.330231
        0.00594008
         -0.442706
          -1.78431
         -0.470598
         0.0384318
##################### ACCEPTABLE SUBNET NUMBER: 70  #########################
           5.21787
 6
30
34
45
10
25
41
 5
14
29
13
26
35
           1.58397
           1.65947
           1.13821
           1.71495
           1.31531
         -0.351153
          0.821956
           1.43605
          0.240607
           1.49862
         -0.265103
         0.0334366
         0.0943995
          0.396891
##################### ACCEPTABLE SUBNET NUMBER: 71  #########################
           3.43953
 2
18
16
10
 8
13
32
26
43
27
19
42
34
20
          0.231829
           0.23965
          0.287216
          0.928204
          0.598204
          0.486746
          0.231382
          0.425454
         0.0897738
         -0.479523
          0.421712
          0.211239
         -0.120696
        -0.0731634
          -1.30564
##################### ACCEPTABLE SUBNET NUMBER: 72  #########################
           3.23052
 4
18
 4
16
 9
 0
          0.203513
          0.210501
         -0.406927
          0.486088
          -1.74721
          0.232038
          -1.43508
##################### ACCEPTABLE SUBNET NUMBER: 73  #########################
           5.04027
 2
 6
 7
 1
 4
         -0.266247
          -1.94158
          -0.40134
        -0.0864808
         -0.695664
         -0.839401
##################### ACCEPTABLE SUBNET NUMBER: 74  #########################
            5.4057
 6
16
30
26
38
11
50
 2
14
 6
           1.21044
           1.28657
          0.661587
          0.727835
           1.28178
          0.756315
          0.358815
          -1.05575
         -0.470668
           1.04509
         -0.720097
##################### ACCEPTABLE SUBNET NUMBER: 75  #########################
           5.82262
 3
34
38
18
 5
 8
 6
43
32
35
           1.83503
             1.815
          0.874135
         0.0968589
         -0.656263
          -1.56413
          0.582061
         -0.295237
          0.988102
          -1.13065
          -0.33654
##################### ACCEPTABLE SUBNET NUMBER: 76  #########################
           5.68155
 3
16
 8
 4
 7
 2
46
32
22
36
43
40
           1.14422
           1.11815
          0.560193
          0.348828
          -1.09798
         -0.153325
           1.13669
         -0.853667
         -0.143156
          0.167657
          0.221325
          0.603041
         -0.769248
##################### ACCEPTABLE SUBNET NUMBER: 77  #########################
           2.27403
 5
18
 7
38
20
 3
 6
 8
27
 2
44
 5
 6
            1.7516
            1.5509
          0.990928
         0.0137955
           1.13305
           1.05696
          0.387687
          -1.28778
          -1.08778
         -0.702335
           1.84428
          0.692354
         -0.581047
          -1.04888
##################### ACCEPTABLE SUBNET NUMBER: 78  #########################
           4.82797
 5
18
39
13
32
 3
 8
17
21
 7
34
31
25
45
37
          0.810058
          0.886686
          0.248377
           1.22246
          0.811537
         -0.717546
          0.645208
          -1.20465
          0.799561
          0.546921
          0.104175
         -0.300721
         0.0665927
         -0.963493
          -2.45518
          -1.16506
##################### ACCEPTABLE SUBNET NUMBER: 79  #########################
           4.71863
 5
39
25
35
18
47
 4
28
50
 1
 2
          0.399107
           0.44494
        -0.0113597
          0.477632
          0.639483
          -1.08677
          -1.58162
          -1.24013
           0.60548
         -0.993007
         0.0594712
         -0.639933
##################### ACCEPTABLE SUBNET NUMBER: 80  #########################
           4.39141
 4
34
16
 6
18
 7
27
20
26
41
 2
 1
30
           1.33389
           1.06198
         0.0284308
         0.0574425
        -0.0788294
         -0.145286
         -0.581388
          0.154319
         -0.250788
         0.0274241
        -0.0193896
          0.161499
         -0.822166
         -0.637373
##################### ACCEPTABLE SUBNET NUMBER: 81  #########################
           4.76603
10
24
39
 5
10
13
11
47
 3
50
 1
 3
44
48
43
          0.447093
          0.104335
         -0.318174
         -0.203928
         0.0225131
          -1.28233
         -0.796965
          -1.61912
        -0.0668567
          -1.76479
         -0.725541
         -0.625768
         -0.195861
         0.0800671
         -0.192433
          -0.24403
##################### ACCEPTABLE SUBNET NUMBER: 82  #########################
           2.90499
 3
39
 1
13
 3
28
46
42
          0.414806
          0.236999
         -0.506956
          0.321475
          0.219337
          -0.83883
           0.17621
          0.292982
          -1.63467
##################### ACCEPTABLE SUBNET NUMBER: 83  #########################
           5.40962
 3
39
45
34
 2
14
28
           1.08797
           1.16523
          0.224424
           1.01765
          -0.81092
          -1.26951
          0.577845
          0.831061
##################### ACCEPTABLE SUBNET NUMBER: 84  #########################
           3.97632
 1
35
 3
28
34
 9
         -0.360816
          -1.36913
         -0.458223
          0.318155
          0.673464
          -2.44258
          0.431811
##################### ACCEPTABLE SUBNET NUMBER: 85  #########################
           3.34947
 5
39
35
 5
29
36
 4
43
48
25
15
            1.6828
            1.3797
          0.127368
          0.290848
         0.0102434
          0.352046
          -2.36917
         -0.682863
          0.580673
        -0.0199597
          0.124487
         -0.974407
##################### ACCEPTABLE SUBNET NUMBER: 86  #########################
           3.75255
 5
34
11
19
24
38
 5
44
 2
46
32
 1
           1.75344
           1.39954
           1.39231
            1.5319
           1.57773
          0.161272
          0.379069
          0.141805
           1.79736
           0.28643
          -1.08144
          -1.38059
          0.255443
##################### ACCEPTABLE SUBNET NUMBER: 87  #########################
           5.31542
 2
36
25
 8
23
32
27
21
31
49
47
26
          0.472479
          0.531824
          0.509211
         -0.122244
           1.46321
          0.991865
          0.346701
           1.12554
          0.346137
          0.253648
         -0.665656
         -0.999039
         -0.271043
##################### ACCEPTABLE SUBNET NUMBER: 88  #########################
            5.9814
 5
48
 4
 3
12
18
 2
20
 2
          0.877072
           0.92372
          0.457644
         -0.675998
         -0.975027
          -1.14571
          -1.97012
          -1.67898
          0.582497
          0.777551
##################### ACCEPTABLE SUBNET NUMBER: 89  #########################
           5.36449
 7
40
 4
22
15
47
45
24
 5
43
28
 5
38
25
           1.51146
           1.39718
          0.916454
        -0.0807922
          0.838496
          0.789994
          -1.09043
          0.212144
          0.636358
          0.749294
           1.13092
          -1.20788
         0.0436895
        -0.0568979
          -1.85651
##################### ACCEPTABLE SUBNET NUMBER: 90  #########################
           5.54814
 5
13
15
30
25
20
 3
17
 7
27
          0.950384
           1.02438
          0.383602
          0.353444
         -0.705853
           1.06732
          0.653927
         -0.554209
          0.788946
          -1.63501
          -1.14798
##################### ACCEPTABLE SUBNET NUMBER: 91  #########################
           5.82987
 2
 6
12
 1
43
           1.16848
           1.15566
           0.75556
        -0.0668052
         -0.560079
          0.864474
##################### ACCEPTABLE SUBNET NUMBER: 92  #########################
           5.52471
 9
18
16
43
15
30
31
37
17
29
 4
21
19
 9
 1
          0.805747
          0.882262
           0.32392
           1.35958
          0.185823
          0.234988
         -0.479623
          0.324482
         -0.542338
          -1.24409
         -0.993164
         -0.337256
           0.31682
          0.862458
         -0.328251
          0.654212
##################### ACCEPTABLE SUBNET NUMBER: 93  #########################
           4.74612
 2
26
31
 5
11
14
17
21
34
          0.890049
          0.972413
          0.271716
            1.6791
         0.0562797
          0.260471
          0.925184
          -1.68129
          -1.09064
           -1.1794
##################### ACCEPTABLE SUBNET NUMBER: 94  #########################
           5.87742
10
45
30
 7
20
 5
 6
43
46
18
36
13
14
38
27
12
10
44
32
16
17
13
49
24
 4
           1.83809
           1.90307
           1.29424
           0.43585
          -0.14501
          -1.87293
          -1.93999
         -0.376194
           1.28497
          0.223063
         -0.372934
         -0.127703
         -0.550518
           1.42576
          -1.05537
         -0.205304
         -0.127921
          -1.19622
         -0.384697
         -0.171074
         -0.606675
         -0.639226
         0.0574778
          0.107253
          0.710285
          0.778745
##################### ACCEPTABLE SUBNET NUMBER: 95  #########################
           2.08623
 8
18
36
 9
47
20
50
19
13
 7
41
32
 2
24
 6
40
28
           1.66833
           1.42286
          0.661612
           0.84605
          0.212767
         -0.534837
           -1.9248
         -0.266015
          0.548515
          0.061524
          -1.53177
          0.676516
          0.533048
           1.42979
         -0.177192
           0.69172
         -0.188437
          -2.04824
##################### ACCEPTABLE SUBNET NUMBER: 96  #########################
           2.73429
 2
50
37
 9
18
32
36
10
49
41
28
19
 2
         -0.224517
          -1.37324
         -0.317694
           0.45994
          0.409535
          0.819746
          0.353629
         -0.201497
          0.250158
          0.394627
         0.0827226
          0.718421
        -0.0133433
           1.14838
##################### ACCEPTABLE SUBNET NUMBER: 97  #########################
           3.67005
 2
 6
39
12
28
41
 9
49
30
15
47
18
11
36
16
45
          0.475909
         -0.269709
        -0.0365416
          0.109869
         -0.450248
          0.495203
          -0.38338
         -0.300958
         -0.295312
           0.43929
         -0.518336
         -0.693601
         -0.691317
         -0.697014
        -0.0282975
         -0.678825
         -0.138549
##################### ACCEPTABLE SUBNET NUMBER: 98  #########################
           3.15835
 3
34
29
 7
 4
 2
32
43
41
          0.418511
          0.348865
          0.299503
           0.41325
         -0.386515
         -0.420979
          0.962438
          0.176631
          -0.40106
         -0.410979
##################### ACCEPTABLE SUBNET NUMBER: 99  #########################
            5.8789
 2
41
 5
 2
16
28
           -1.1989
          -1.54323
          0.616349
          -0.64003
           1.46525
           1.16324
         -0.290281
##################### ACCEPTABLE SUBNET NUMBER: 100  #########################
           3.17055
 2
42
 7
 8
44
40
27
23
39
38
25
22
         0.0650802
         0.0348013
         -0.630127
           0.34488
          0.319121
          0.187848
         -0.150968
          -1.89619
         -0.338818
          -1.00259
          -1.66688
         -0.205645
         -0.534078
----------Number of Acceptable Subnets found: 100 -----------
----------END FOR GENE 33 -----------
