File open successful. It contains: 
Finished reading file, will close now.
File x_dt open successful.
Finished reading file x_dt, will close now.
File sd_d open successful.
Finished reading file sd_d, will close now.
--------START FOR GENE 39 -----------
 Values arranged as error, n_ka, gene ids for ka, n_kd, gene ids for kd,
 r0, d, ea, ka_values, kd_values for each subnet. 
##################### ACCEPTABLE SUBNET NUMBER: 1  #########################
            2.8388
13
 1
12
 7
32
 3
33
25
18
 8
13
49
15
19
17
23
31
46
36
43
42
14
17
29
38
28
35
40
47
21
 2
44
          0.790338
           0.76295
          0.714326
           1.11014
         -0.545198
          0.630462
            0.2522
         0.0249746
         -0.307825
          0.833618
         -0.485538
          -1.55266
          -1.57146
        -0.0637392
         -0.815697
         -0.958387
          0.701599
          -1.40649
         -0.305624
          0.347579
          0.894104
           -1.6793
          -1.83111
          -0.21981
          0.420251
          -1.64089
          -0.05634
          -1.42827
          -0.45649
          -1.69664
          -2.12727
         -0.671772
         -0.834305
##################### ACCEPTABLE SUBNET NUMBER: 2  #########################
           2.60325
 4
 1
31
28
 3
 2
44
32
         0.0515423
        -0.0543849
          0.456679
          0.909045
          -1.24891
          -1.83649
          -0.60747
          0.663159
         -0.606787
##################### ACCEPTABLE SUBNET NUMBER: 3  #########################
           1.91237
 5
50
 9
28
32
40
 2
 2
41
          0.913347
          0.423766
        -0.0253786
        0.00917062
          -0.59742
         -0.615634
           -1.5067
         -0.436643
          0.818687
         -0.595755
##################### ACCEPTABLE SUBNET NUMBER: 4  #########################
            2.9765
 4
 1
48
 2
46
 3
28
22
33
           1.75043
           1.72889
           1.16658
           1.58019
           1.41592
         -0.113791
           1.25852
           1.64385
         -0.229852
          0.198514
##################### ACCEPTABLE SUBNET NUMBER: 5  #########################
           2.46979
 4
10
 1
 9
48
 4
44
 8
17
 5
          0.318068
          0.243535
          0.715366
          0.607935
           1.10872
           0.59584
         -0.725363
          0.898067
          0.217465
          -1.16153
          -1.81834
##################### ACCEPTABLE SUBNET NUMBER: 6  #########################
            1.6417
 6
50
49
32
46
 7
24
 6
 2
22
36
41
23
 9
           1.76387
           1.45309
           0.81476
          0.845292
          0.550583
          0.136009
          0.131523
       -0.00325919
         -0.391633
           1.65125
          0.304428
          0.171544
         -0.257644
         -0.363023
          -1.20941
##################### ACCEPTABLE SUBNET NUMBER: 7  #########################
           1.58027
 5
 1
32
24
35
18
 4
41
43
 2
36
          0.400766
          0.352316
         -0.551932
          0.707365
          0.431878
          -3.28242
          -1.06685
         -0.980055
          0.294613
          0.451819
          0.785892
         0.0641884
##################### ACCEPTABLE SUBNET NUMBER: 8  #########################
          0.671655
 5
31
21
 7
35
 1
 4
46
25
15
 2
           1.54947
           1.17102
          0.266635
          0.125347
          0.164601
         -0.161768
         -0.848489
          -1.47646
          0.298169
          -1.23525
         -0.705691
           1.05928
##################### ACCEPTABLE SUBNET NUMBER: 9  #########################
           2.31772
 9
30
26
16
42
44
 4
32
36
31
 6
40
 2
46
15
19
18
           1.16664
           1.14319
           1.00559
           1.41953
          -1.61082
          0.779809
         -0.971443
          -1.17753
          -1.54562
         0.0585064
         -0.420685
          -1.65972
         -0.124138
            1.7266
         -0.552338
           -0.7938
         -0.825771
         -0.567485
##################### ACCEPTABLE SUBNET NUMBER: 10  #########################
           2.77328
 6
 7
31
 4
32
28
49
 4
14
41
50
34
           0.79075
          0.174573
         -0.488381
         -0.261727
          0.143749
          0.150593
         -0.155244
          -1.84659
         -0.193801
          0.489038
          -0.64547
         -0.249888
         -0.235839
##################### ACCEPTABLE SUBNET NUMBER: 11  #########################
             1.897
 1
49
12
 2
24
27
41
 3
 8
 7
18
30
 9
12
36
           1.70928
           1.58418
            1.3335
         -0.946031
           1.99856
         -0.621405
        -0.0351884
           1.25351
          -0.32136
          0.383194
         -0.981807
          -1.94339
           1.05522
          0.507762
          0.439176
          -0.91495
##################### ACCEPTABLE SUBNET NUMBER: 12  #########################
           2.93782
 2
10
 1
 4
11
41
17
 9
          0.305995
          0.206791
           0.37054
          -0.47376
          0.760748
           0.50216
          0.353351
         -0.402794
          -2.46511
##################### ACCEPTABLE SUBNET NUMBER: 13  #########################
           1.70757
 4
26
 1
16
28
 2
 8
 3
           1.00804
          0.748245
         -0.371557
        -0.0207439
          0.357876
        -0.0831039
        -0.0512571
          0.342588
         -0.127952
##################### ACCEPTABLE SUBNET NUMBER: 14  #########################
           2.18907
10
26
16
18
35
30
46
25
14
45
 9
 4
 2
20
34
12
           1.45068
           1.45292
          0.818271
            1.3342
           0.59324
           0.43072
          0.112914
           1.66746
          0.786556
         -0.187069
          0.809994
          0.178461
          0.168373
           1.93825
          0.791234
         0.0118311
          -1.97182
##################### ACCEPTABLE SUBNET NUMBER: 15  #########################
           2.79932
 2
35
50
 4
17
18
 2
 1
         -0.111263
           -0.7266
         -0.146289
         0.0184276
         -0.745621
          -1.81882
         0.0173558
          0.600748
          -2.46993
##################### ACCEPTABLE SUBNET NUMBER: 16  #########################
           1.94217
 6
 3
12
42
 6
23
14
 3
 2
49
22
          0.476829
        -0.0766063
        -0.0967101
          -1.21518
           -1.3164
         -0.228035
         -0.949927
        -0.0577074
         -0.328868
           0.69421
         -0.388788
         -0.490119
##################### ACCEPTABLE SUBNET NUMBER: 17  #########################
           2.40984
 3
 6
 2
30
 4
43
41
 1
21
          0.597153
          0.114882
          0.123632
          0.287383
          -1.50196
         -0.108537
           0.43695
          0.216399
          0.344259
        -0.0961297
##################### ACCEPTABLE SUBNET NUMBER: 18  #########################
           2.89196
 6
26
24
 5
37
15
32
 6
 9
36
22
21
 2
42
          0.982026
           1.02549
          -1.07621
           1.27923
          -1.04649
          -1.06435
         -0.968472
         -0.685261
        -0.0626644
         -0.198153
         -0.983064
          -1.58668
          -1.62231
          0.998232
         -0.133969
##################### ACCEPTABLE SUBNET NUMBER: 19  #########################
           1.48628
 1
37
 5
43
41
 2
30
 8
           1.88698
           1.65665
           1.10731
           1.05836
           0.96623
           1.03126
           1.86383
          0.968019
          0.355293
##################### ACCEPTABLE SUBNET NUMBER: 20  #########################
           1.99577
 5
25
 7
46
33
18
 2
 2
16
          0.737444
          0.746528
          0.511675
          0.989628
          0.280192
          0.256952
          0.678722
          0.383658
           1.27209
           -1.0728
##################### ACCEPTABLE SUBNET NUMBER: 21  #########################
          0.700133
 6
 4
26
33
44
42
23
 2
40
 2
          0.663354
          0.180894
        -0.0603534
          0.131384
         -0.138368
         0.0207942
         -0.420566
         -0.598539
          -1.43807
          -0.56183
           0.87986
##################### ACCEPTABLE SUBNET NUMBER: 22  #########################
           1.41163
 4
 1
33
16
21
 3
24
20
 2
          0.708639
          0.599431
         -0.245228
          0.592809
          0.217041
         0.0912261
         -0.967938
          0.490674
         0.0371088
          0.343123
##################### ACCEPTABLE SUBNET NUMBER: 23  #########################
           1.89079
 5
38
 1
49
50
45
 2
 2
25
           0.94955
          0.675678
          0.214311
          -1.20166
        -0.0806182
          -1.06623
          0.268282
         -0.428145
           1.02332
         -0.648744
##################### ACCEPTABLE SUBNET NUMBER: 24  #########################
           2.21314
 7
35
 5
36
22
49
12
50
 3
 2
47
32
           1.75286
           1.61079
           1.13756
          -1.27428
          0.689879
           1.15082
          -1.18161
        -0.0479331
         -0.383065
        -0.0307275
           1.87755
           -0.1541
         -0.497141
##################### ACCEPTABLE SUBNET NUMBER: 25  #########################
          0.757839
 1
27
 2
 2
46
           1.42536
           0.66926
      -0.000501567
        -0.0393641
          0.898706
          0.137955
##################### ACCEPTABLE SUBNET NUMBER: 26  #########################
           1.94375
 8
30
16
33
10
32
25
29
13
 4
 2
 5
15
36
           0.72759
          0.707786
          0.124158
          0.748141
          0.255053
          -1.04926
           0.42133
        -0.0557219
          0.339396
          -1.35716
         -0.472626
           1.01008
         -0.838323
        -0.0168734
         -0.954013
##################### ACCEPTABLE SUBNET NUMBER: 27  #########################
           2.32574
13
42
44
19
 4
15
 9
22
20
47
 1
28
 7
32
 7
 3
35
 2
24
14
21
18
           1.39116
           1.28668
           1.28296
          0.651641
          0.344664
          0.609559
          -1.47831
           1.22803
          0.913728
         -0.131612
          0.111541
           0.77595
         0.0156827
         -0.729647
         -0.523839
             -1.38
         -0.786672
          -0.53669
           1.98542
          0.528944
         0.0395639
          0.886581
        -0.0810608
##################### ACCEPTABLE SUBNET NUMBER: 28  #########################
            1.6249
 5
21
45
14
 9
27
 2
 2
 8
          0.765538
          0.455287
          0.466368
          0.613873
          0.579081
          -1.49267
        -0.0653027
         -0.561082
            1.3221
          0.663346
##################### ACCEPTABLE SUBNET NUMBER: 29  #########################
           1.98598
 7
12
20
16
 6
47
 4
32
 2
23
 2
          0.708547
          0.584133
          0.103601
         -0.261695
         -0.805479
         0.0756185
          0.175459
         -0.117968
         -0.247995
        -0.0700803
          -1.64153
          0.806957
##################### ACCEPTABLE SUBNET NUMBER: 30  #########################
            1.8163
 4
 3
25
37
42
 2
 2
41
           1.95679
           1.77956
          0.803185
          0.757038
         -0.681109
          0.133898
         -0.211023
           1.54902
          0.574107
##################### ACCEPTABLE SUBNET NUMBER: 31  #########################
           2.78449
 7
21
40
25
 1
14
48
43
 1
 2
          0.798024
          0.749694
          0.466588
          0.614741
          -2.10284
        0.00815312
         -0.323788
          -1.68053
        -0.0453395
         -0.237859
            1.1248
##################### ACCEPTABLE SUBNET NUMBER: 32  #########################
           2.15576
12
34
 1
20
26
 2
 4
10
16
33
43
37
32
13
12
50
48
 3
15
46
44
24
41
17
14
27
18
          0.731997
          0.661436
          0.753518
         -0.318721
           1.37627
          -0.23437
             1.128
          -1.59783
          -1.04062
         0.0439732
          0.189092
        -0.0939394
          -1.36064
          0.341005
          0.589235
           1.09994
         -0.167282
        -0.0212187
          0.160714
        -0.0692949
           1.06621
          -1.07844
         -0.620415
         -0.666248
          0.799123
         -0.120134
         -0.303849
          -1.40767
##################### ACCEPTABLE SUBNET NUMBER: 33  #########################
           2.17428
 9
48
44
26
21
42
29
13
18
24
 4
 2
12
30
 6
          0.981312
          0.951911
           1.23349
         0.0478867
          0.108658
         -0.200218
         -0.358521
           1.43846
          0.835293
         -0.022159
          -1.92849
          0.275305
           1.93736
          -1.53501
          -1.05313
          -1.10412
##################### ACCEPTABLE SUBNET NUMBER: 34  #########################
           2.43594
 6
18
 1
 9
30
46
16
 3
20
10
43
           0.93345
          0.923802
         0.0559188
          0.513033
          0.668338
         0.0618876
          -0.59957
          0.249185
          0.250256
          0.520648
          0.319558
          0.120017
##################### ACCEPTABLE SUBNET NUMBER: 35  #########################
           2.42663
 5
 1
18
36
 9
22
 4
27
41
44
50
           1.08119
           1.03917
          0.593365
           1.23276
          0.927947
         -0.101725
           1.15651
         -0.241605
          0.995958
           0.21901
         -0.313806
          0.677326
##################### ACCEPTABLE SUBNET NUMBER: 36  #########################
            3.8646
12
24
37
34
28
36
27
22
44
 6
30
 7
10
 7
13
 4
26
48
20
 9
35
           1.96351
           1.82651
           1.38709
           1.18409
         -0.146688
          0.171791
        -0.0181417
          0.820952
         -0.393737
         -0.710181
          -0.28463
         -0.655418
          -1.45256
          0.048696
          0.459403
           1.11427
          0.243173
           1.35131
          -0.54067
           1.55127
          -0.11155
         -0.201803
##################### ACCEPTABLE SUBNET NUMBER: 37  #########################
           1.23195
 2
15
12
 4
 2
46
33
21
           3.09343
          0.790349
         -0.508391
         -0.978221
         -0.735382
          0.739389
        -0.0222608
          -1.18155
          -1.80514
##################### ACCEPTABLE SUBNET NUMBER: 38  #########################
           4.40945
 2
 6
 9
 7
35
30
15
20
23
48
10
          0.831476
          0.577763
         0.0495973
          0.350672
          0.344738
          0.333918
         0.0911147
         0.0635631
         -0.223565
         -0.984208
         -0.983962
         -0.894139
##################### ACCEPTABLE SUBNET NUMBER: 39  #########################
           3.32071
 3
30
48
27
 4
17
46
10
15
          0.499966
          0.460003
         -0.238975
          0.646831
          0.199315
         -0.505206
           0.33012
          0.167074
         -0.581369
          -1.76082
##################### ACCEPTABLE SUBNET NUMBER: 40  #########################
           3.95498
 2
18
 4
 4
44
17
35
 2
           1.15426
           1.19305
          0.574642
            1.3796
         -0.225553
         -0.170558
          0.914274
          -1.48945
           1.01507
##################### ACCEPTABLE SUBNET NUMBER: 41  #########################
           5.67218
 8
32
49
 1
46
 3
18
22
35
 2
 9
17
         -0.801847
          -1.13103
         -0.560207
          -1.69494
          0.222375
         -0.480626
         -0.671926
          0.646889
          -1.47177
         -0.399295
          -1.37163
          0.306178
          0.500496
##################### ACCEPTABLE SUBNET NUMBER: 42  #########################
            4.5603
11
16
11
22
33
25
 8
26
 7
30
 9
36
 1
20
           1.58651
           1.63049
          -0.60371
           1.63299
         -0.230043
         -0.384617
        -0.0639401
         -0.308861
         -0.594081
         0.0424522
          0.113284
         0.0844885
            -1.097
         -0.328014
          0.914788
##################### ACCEPTABLE SUBNET NUMBER: 43  #########################
           2.65215
 7
 1
 7
 9
41
17
33
21
 3
13
12
 8
           1.40011
           1.36856
          0.603967
           1.53536
         -0.128765
           1.41466
         0.0231112
          0.130092
           -1.7749
          -2.06902
           1.17452
           1.20313
        -0.0987858
##################### ACCEPTABLE SUBNET NUMBER: 44  #########################
           4.33315
 2
18
40
 4
50
10
21
27
           1.48546
           1.50703
           0.68473
           1.52854
         -0.446272
          0.997479
           1.14507
         0.0800226
         -0.785444
##################### ACCEPTABLE SUBNET NUMBER: 45  #########################
           5.67217
 2
 1
 7
 6
25
17
21
41
43
 8
         -0.233622
         -0.963684
         -0.220307
          0.162837
          -1.60179
         0.0307338
         -0.605596
         -0.615781
          -1.48249
          -1.05064
          -1.48721
##################### ACCEPTABLE SUBNET NUMBER: 46  #########################
           4.92138
 2
 9
30
 9
50
14
 3
20
40
24
23
19
21
          0.973818
          0.986589
          0.798998
           1.09894
           1.50876
           1.10648
          0.870072
          0.505233
          0.959735
         -0.197451
          -1.62833
         -0.833386
          -1.68425
         -0.358633
##################### ACCEPTABLE SUBNET NUMBER: 47  #########################
           2.38517
 7
 9
 5
25
15
24
46
35
11
13
14
50
 2
49
37
30
20
45
12
32
            1.6205
           1.61954
          0.922999
         0.0807704
           0.29167
           1.20532
         -0.228343
          -0.36442
         0.0228966
         -0.639329
          -1.40528
         -0.344469
         -0.772741
           1.58017
         -0.225876
          0.257835
           -1.9177
         -0.538715
         0.0901965
          0.476805
            -0.961
##################### ACCEPTABLE SUBNET NUMBER: 48  #########################
           5.48372
 9
20
35
47
24
28
26
18
49
 4
 3
43
44
21
           1.53209
           1.38599
           1.67457
          0.991092
           1.76687
           1.19763
           1.31096
           0.94878
         -0.420848
          0.297022
         -0.407096
          -2.17894
           1.91085
           1.28254
           1.15323
##################### ACCEPTABLE SUBNET NUMBER: 49  #########################
           3.85532
11
30
23
12
 8
33
25
 4
48
26
36
11
 5
 3
22
27
19
44
           1.79128
           1.79374
           1.29919
            2.0836
          -1.05239
            1.1791
        -0.0310218
          0.488966
         -0.714897
          0.402997
         -0.126374
          -1.93026
           1.05899
          -1.21268
            1.5233
           1.08851
         -0.446222
         -0.632141
           1.75594
##################### ACCEPTABLE SUBNET NUMBER: 50  #########################
           3.34706
 6
16
36
 1
25
14
32
 1
 2
            1.3472
           1.38888
         -0.485988
           1.33323
          -0.72691
         -0.428213
           0.34526
          -1.19884
          0.721972
           1.09905
##################### ACCEPTABLE SUBNET NUMBER: 51  #########################
           4.22651
 6
47
33
35
22
42
43
 4
44
17
14
46
           1.23638
           1.24448
          0.439543
         -0.518187
          0.602272
         -0.176564
         0.0552894
          0.851146
         0.0496619
          0.701743
          0.341654
          0.323169
         -0.587027
##################### ACCEPTABLE SUBNET NUMBER: 52  #########################
           3.49462
 6
21
35
38
10
44
 8
 1
14
          0.204976
         -0.143771
         -0.146504
          0.180635
          0.178254
        -0.0416918
          -1.72735
         -0.915918
         -0.936692
          0.370692
##################### ACCEPTABLE SUBNET NUMBER: 53  #########################
           4.33841
12
23
25
30
10
50
 5
 6
32
 8
26
29
21
24
38
14
28
 3
34
44
16
41
 2
48
46
36
18
15
19
42
33
 4
20
24
17
35
43
13
           1.04352
           1.05417
          0.883979
           0.10051
           1.44495
          -1.36216
           1.21177
          -1.88814
         -0.116635
          0.645744
          0.733981
         -0.865592
          -1.15762
         -0.562719
         -0.820492
           1.06546
          -1.29303
            1.1215
         -0.128143
         -0.387345
          0.578167
          -1.06027
          0.598708
         -0.520406
          0.161613
          0.167866
          0.816876
          0.399727
          0.407651
          -1.13335
         -0.142975
          0.189728
         -0.839537
          -1.69226
          -0.51986
         -0.538666
         0.0632573
        -0.0393007
         -0.406344
##################### ACCEPTABLE SUBNET NUMBER: 54  #########################
           4.91905
 2
 1
 7
 4
28
49
38
47
         -0.514136
         -0.767658
        -0.0469635
          0.468719
        0.00299141
          0.155366
          -1.04187
         -0.149431
          -2.08388
##################### ACCEPTABLE SUBNET NUMBER: 55  #########################
           2.01606
 8
38
34
44
29
50
31
40
 5
 1
 2
          0.813184
          0.556541
           1.19895
            1.0452
          -1.12253
          0.917604
          0.376067
           1.27527
          0.274813
         0.0142092
         -0.692804
           2.02086
##################### ACCEPTABLE SUBNET NUMBER: 56  #########################
           5.12899
 4
12
 6
24
37
 0
          0.350099
          -1.20583
         -0.435873
         -0.940655
         -0.239228
          -1.06751
          -1.52299
##################### ACCEPTABLE SUBNET NUMBER: 57  #########################
           4.32789
14
22
27
47
34
40
 6
12
35
28
23
29
 8
26
46
10
13
15
44
 2
50
18
25
32
24
37
         -0.399344
         -0.590421
          0.588884
          0.942498
          0.344874
         -0.860448
         -0.737757
         -0.819032
         -0.243315
          -1.58884
          -1.18241
          0.381342
         -0.608262
         -0.252343
          -0.55429
          -3.13653
          -3.13838
          0.297636
          0.214064
         -0.745628
            1.3688
         -0.435695
           0.59242
         -0.103096
         0.0691957
        -0.0546974
          -1.24703
##################### ACCEPTABLE SUBNET NUMBER: 58  #########################
           4.35088
 1
25
 2
36
 1
           1.07008
           1.08636
          0.120028
          0.759593
           0.42201
         -0.797466
##################### ACCEPTABLE SUBNET NUMBER: 59  #########################
            3.2827
 6
 1
43
33
 9
20
 8
14
24
 3
14
27
50
32
34
17
35
38
40
21
12
30
           1.22042
           1.21825
           0.46326
           1.20931
          -1.31022
          -1.10651
          0.835732
         -0.731375
         -0.827529
          0.650327
          0.913186
         -0.714776
         -0.689034
         -0.980746
          0.254105
          -1.55811
         -0.310276
          -2.15949
          -1.64997
          -0.28568
         -0.747955
          -1.45452
         -0.950077
##################### ACCEPTABLE SUBNET NUMBER: 60  #########################
           5.34117
 9
16
46
 3
32
42
48
 5
10
25
 4
31
33
30
 6
           1.66709
           1.70637
              1.37
           1.02514
          0.483421
           -1.0424
          0.882735
         0.0881936
          0.226063
         -0.646671
         -0.230013
           2.02592
           1.64452
         -0.892455
          -2.39078
          0.748779
##################### ACCEPTABLE SUBNET NUMBER: 61  #########################
           5.26364
 3
33
19
31
 4
35
20
48
15
           1.16887
           1.21623
          0.420847
           1.16656
          0.439439
         -0.949559
         -0.152623
          0.664887
          0.115442
          -0.63417
##################### ACCEPTABLE SUBNET NUMBER: 62  #########################
           3.58176
 5
30
48
 7
 1
49
 2
13
41
          0.234445
          0.144292
         -0.313984
          0.582347
         -0.559478
            0.2189
          -1.57954
          -2.10549
          0.193084
          0.175405
##################### ACCEPTABLE SUBNET NUMBER: 63  #########################
           5.44682
 6
30
 4
 3
31
13
22
14
23
32
44
24
49
26
33
11
46
50
36
40
34
43
           1.24252
           1.27376
          0.758032
            1.4291
         -0.533381
         -0.142983
          -1.37363
          -0.15727
         -0.553174
           1.00666
          0.580757
         -0.266556
          0.952809
           0.74181
          0.179713
          0.522995
          -1.30886
         -0.893097
           -1.8276
         -0.783828
          -1.71887
          -1.34946
         -0.524121
##################### ACCEPTABLE SUBNET NUMBER: 64  #########################
            4.2402
 6
 7
32
42
25
24
44
 1
18
           1.15887
           1.16557
         -0.232297
           0.46444
         -0.331941
           -0.3393
          0.358027
         -0.113446
          -2.77716
        -0.0701634
##################### ACCEPTABLE SUBNET NUMBER: 65  #########################
           5.08621
 2
15
30
 7
17
34
48
12
14
27
11
         0.0714569
         -0.747813
         -0.185904
         -0.129211
          -1.35833
         0.0713023
         0.0359332
         -0.560017
         -0.804637
         -0.127626
         -0.785511
          -1.32379
##################### ACCEPTABLE SUBNET NUMBER: 66  #########################
           4.98666
 8
 7
38
16
 1
25
47
48
28
 3
37
23
46
           1.64092
           1.68257
          0.749451
           1.91694
          -1.13942
          0.978555
           1.53231
         -0.686358
         -0.267157
          -0.36564
         -0.226122
          0.196615
            1.2292
          -1.14057
##################### ACCEPTABLE SUBNET NUMBER: 67  #########################
           4.13125
 2
16
18
 2
20
13
          0.748774
           0.74851
         -0.469493
           0.18058
          0.536738
         -0.360994
         -0.488281
##################### ACCEPTABLE SUBNET NUMBER: 68  #########################
           4.58163
 8
42
33
46
 6
18
28
30
24
 4
43
 5
17
37
          0.703643
          0.683341
         0.0065688
          0.361163
        -0.0465672
          0.150943
         -0.134813
         -0.482284
         -0.431237
         -0.142377
          0.198842
          0.212484
         -0.335667
         0.0721827
         -0.117574
##################### ACCEPTABLE SUBNET NUMBER: 69  #########################
           5.44722
 3
 6
15
28
 2
29
43
          0.152711
         -0.124404
        -0.0187267
          0.156567
         -0.492898
         -0.326814
          0.137961
         -0.461313
##################### ACCEPTABLE SUBNET NUMBER: 70  #########################
           3.88635
 3
 7
42
 9
 6
44
41
16
43
15
12
           1.00905
           1.00671
          0.175511
          0.451225
          0.635457
         -0.441277
          0.482795
        -0.0653466
         -0.838933
          0.197606
          -1.40642
          -1.01182
##################### ACCEPTABLE SUBNET NUMBER: 71  #########################
           3.76775
 8
44
43
 1
28
 4
24
 7
17
 1
10
         -0.406442
          -1.88552
         0.0822294
         -0.977215
          0.407772
         -0.558867
         -0.554542
          0.665477
        -0.0672482
          0.601454
          0.685398
           1.55843
##################### ACCEPTABLE SUBNET NUMBER: 72  #########################
           5.43994
 3
 1
19
23
 1
14
         -0.395393
         -0.825226
         -0.104046
          0.180158
         -0.788798
          -2.52131
         -0.157604
##################### ACCEPTABLE SUBNET NUMBER: 73  #########################
            3.5011
 6
18
12
19
46
25
33
 3
43
42
30
           1.77548
           1.80017
          0.568165
           1.55965
         -0.196399
          0.175318
          0.527302
           1.08119
         -0.984091
           1.13227
         -0.465831
         -0.946701
##################### ACCEPTABLE SUBNET NUMBER: 74  #########################
           5.95424
 1
26
 1
17
         -0.160095
         -0.118641
         -0.346201
            1.2587
          0.267264
##################### ACCEPTABLE SUBNET NUMBER: 75  #########################
           4.20353
 4
25
34
37
44
 9
36
41
50
16
32
 6
24
14
42
           1.24894
           1.26356
          0.705021
           1.44207
        0.00165071
         -0.498484
         -0.559182
           1.10993
           0.65961
         -0.268783
          -1.26809
          0.161593
         -0.574221
         -0.493451
          -2.81567
          -1.32842
##################### ACCEPTABLE SUBNET NUMBER: 76  #########################
           4.47444
 8
25
26
29
30
 7
 9
 6
40
 4
47
19
23
16
          0.661409
          0.664465
         -0.303046
          0.391298
           0.16573
          -1.67245
          -1.12469
         0.0214464
          -2.01524
          -1.48033
          -1.10078
         -0.135502
         -0.575695
         -0.846297
         -0.833939
##################### ACCEPTABLE SUBNET NUMBER: 77  #########################
           1.39699
 4
30
25
18
 3
 8
26
27
50
17
11
 2
32
47
           1.45993
           1.43097
         -0.305995
          0.510453
          0.211026
          0.498663
         -0.450943
        -0.0704795
         -0.295051
          -0.44001
         -0.717287
          -1.46989
          0.797327
         -0.661874
         -0.875442
##################### ACCEPTABLE SUBNET NUMBER: 78  #########################
           4.06131
 5
42
 6
16
32
12
 8
34
 5
28
46
 4
50
41
36
          0.843129
          0.808858
           1.09654
            1.3992
           1.02206
         -0.833169
          0.785088
          -2.91673
          0.858616
         -0.490952
           1.51999
          -1.25338
         -0.688317
         -0.818742
         -0.364208
          0.232791
##################### ACCEPTABLE SUBNET NUMBER: 79  #########################
            1.3804
 7
42
18
40
32
37
47
50
 2
41
 2
           1.64402
           1.59787
          0.471545
          0.704503
           0.78073
         -0.716107
          -1.86134
          0.190156
         -0.554955
          0.516929
          0.153079
           1.26458
##################### ACCEPTABLE SUBNET NUMBER: 80  #########################
           5.25605
 3
21
31
20
 2
46
43
           1.32594
           1.28817
           1.44549
           1.72012
        -0.0737771
         -0.107687
         -0.609861
           1.61576
##################### ACCEPTABLE SUBNET NUMBER: 81  #########################
           4.84199
 3
 9
21
18
 4
47
28
20
31
          0.549065
          0.455681
          0.377549
          0.844634
         -0.634076
          0.236956
         -0.570725
          0.769398
         -0.637712
          -0.27973
##################### ACCEPTABLE SUBNET NUMBER: 82  #########################
           1.73759
 4
45
16
40
 7
 1
 2
           1.02113
           0.84923
          0.240944
          0.289068
          0.147004
         -0.475782
        -0.0632964
           1.01559
##################### ACCEPTABLE SUBNET NUMBER: 83  #########################
           4.39934
 4
 1
 4
16
26
10
32
14
20
 9
27
 3
12
49
23
17
         -0.323716
           -0.3667
          0.345244
           1.11269
          -1.57014
          -0.20236
         -0.234868
          0.149945
          0.586018
         -0.946637
         -0.980807
       -0.00901836
         0.0353073
        -0.0864956
          0.122197
        -0.0676728
          0.573291
##################### ACCEPTABLE SUBNET NUMBER: 84  #########################
           5.05853
 1
26
 5
45
31
32
41
 2
          0.728398
          0.773689
        -0.0265848
           1.35605
           0.42799
         -0.573662
          -1.08778
          -1.27548
          -1.02783
##################### ACCEPTABLE SUBNET NUMBER: 85  #########################
           3.86374
 6
16
 2
18
 1
49
34
 3
28
 7
23
          0.982702
           1.02491
         -0.471647
           1.27224
          0.226165
           1.20376
          0.445031
          -0.64689
           -1.6636
           0.96087
          0.627446
          -1.53599
##################### ACCEPTABLE SUBNET NUMBER: 86  #########################
           4.23503
 7
 9
28
48
25
22
20
33
 4
43
26
49
 1
           1.08547
           1.09846
           1.09501
            1.2158
         -0.193683
          0.492723
           1.50942
          -1.34766
          -1.31289
         -0.144121
           1.25964
          -1.08131
          -1.32036
          -1.05431
##################### ACCEPTABLE SUBNET NUMBER: 87  #########################
            4.4125
 9
 6
50
18
29
34
 7
20
 4
12
 9
19
43
32
46
35
 8
47
44
 3
           1.21665
           1.16909
          0.477775
           0.72469
          -0.66657
         0.0105161
         -0.153907
         -0.103576
         -0.634757
         -0.196235
         -0.380643
         -0.788957
          0.638147
         -0.446734
         -0.774382
           0.41365
          -0.40508
          0.323117
          -1.07712
          -1.30502
           -1.1575
##################### ACCEPTABLE SUBNET NUMBER: 88  #########################
           4.56629
 6
25
26
30
40
49
43
 4
12
44
 4
14
          0.772292
          0.788154
      -0.000114411
          0.759429
        -0.0506222
          -1.16961
          -1.70022
         -0.663551
         -0.288319
          0.270738
          0.332889
          0.205869
         -0.787548
##################### ACCEPTABLE SUBNET NUMBER: 89  #########################
           5.48226
 2
30
48
 6
31
24
19
10
40
32
          0.477667
          0.509221
         -0.110054
          0.818369
         -0.470742
          0.243014
          0.207187
          0.361658
            -2.236
         -0.604275
         -0.957524
##################### ACCEPTABLE SUBNET NUMBER: 90  #########################
           4.42385
 5
25
24
10
38
45
 3
28
23
 9
           1.68763
           1.70271
         -0.127656
          0.526041
         -0.740059
          0.481164
          -0.69265
         -0.891144
         -0.243821
            0.1283
         -0.923174
##################### ACCEPTABLE SUBNET NUMBER: 91  #########################
           4.40603
 6
30
48
18
 5
38
22
 8
49
26
 4
36
19
40
21
47
           1.98865
           1.95644
           1.17232
            1.6837
           1.37829
            1.0675
         -0.705579
          0.756328
         -0.673011
           1.34923
           1.20479
          0.704446
          -1.39379
        -0.0161352
         -0.661095
         -0.810421
          -1.81454
##################### ACCEPTABLE SUBNET NUMBER: 92  #########################
           5.92295
 3
 1
19
10
 1
50
         -0.216051
          -0.95541
         -0.211654
          0.029756
         -0.310397
         -0.893637
         -0.351826
##################### ACCEPTABLE SUBNET NUMBER: 93  #########################
           3.63897
 8
24
30
32
17
38
12
14
37
 5
44
40
43
46
26
           1.51608
            1.5139
           1.02445
          0.569493
           1.68204
         -0.893492
          0.240089
         -0.117548
         -0.605127
         -0.659974
         -0.591637
           1.37984
          -0.50945
          0.357857
          -1.45576
         -0.423895
##################### ACCEPTABLE SUBNET NUMBER: 94  #########################
           2.37156
 5
 1
48
34
32
28
 3
44
 9
35
           0.87668
          0.836471
          0.205612
          0.624516
          0.265714
          0.351946
         -0.280014
          -1.97933
          0.431363
         -0.380922
         -0.470907
##################### ACCEPTABLE SUBNET NUMBER: 95  #########################
           5.28752
 4
24
21
33
12
 4
44
19
11
41
           1.68375
           1.65952
           1.37764
           1.23519
           1.63814
          0.894859
          -1.46081
           1.51257
         -0.536817
        -0.0330198
         -0.506964
##################### ACCEPTABLE SUBNET NUMBER: 96  #########################
           2.71327
 2
 1
30
 3
14
46
32
           1.64814
           1.62382
          0.689665
            1.0281
           1.47571
           1.22264
          0.988705
         0.0398659
##################### ACCEPTABLE SUBNET NUMBER: 97  #########################
           4.00168
 2
26
24
 2
14
 1
           1.84875
           1.89346
          0.225177
           1.69708
          -3.10425
          0.897607
          -2.07509
##################### ACCEPTABLE SUBNET NUMBER: 98  #########################
           5.63676
 4
 7
 6
32
26
 1
28
          0.945135
          0.991122
         0.0389595
           1.42014
          -1.42834
           1.19532
         -0.513432
          0.877143
##################### ACCEPTABLE SUBNET NUMBER: 99  #########################
           4.42044
 2
27
30
 3
14
31
12
           1.64913
           1.68967
          0.542598
         -0.972714
           1.26182
           0.97037
          -1.28709
         -0.136752
##################### ACCEPTABLE SUBNET NUMBER: 100  #########################
           5.69007
 6
 1
35
44
37
32
42
 5
10
 5
15
25
11
         -0.616139
         -0.940004
        -0.0799133
          0.377076
           -1.3618
          -1.37605
          -1.38415
          -0.40452
         -0.975039
          -1.45861
         -0.675877
         -0.497301
         -0.491093
         -0.106693
----------Number of Acceptable Subnets found: 100 -----------
----------END FOR GENE 39 -----------
