File open successful. It contains: 
Finished reading file, will close now.
File x_dt open successful.
Finished reading file x_dt, will close now.
File sd_d open successful.
Finished reading file sd_d, will close now.
--------START FOR GENE 46 -----------
 Values arranged as error, n_ka, gene ids for ka, n_kd, gene ids for kd,
 r0, d, ea, ka_values, kd_values for each subnet. 
##################### ACCEPTABLE SUBNET NUMBER: 1  #########################
            2.2483
 7
42
 8
25
37
43
31
17
 4
28
10
50
40
           1.42927
           1.38458
          0.809355
         -0.704496
          0.464392
         -0.913564
          -1.39282
          -1.90853
         -0.832283
          0.648854
           1.10528
          0.146369
          -1.82157
         -0.746317
##################### ACCEPTABLE SUBNET NUMBER: 2  #########################
           2.91947
 1
 4
 1
20
          0.388793
          -0.86203
         -0.314624
         -0.180921
          0.196185
##################### ACCEPTABLE SUBNET NUMBER: 3  #########################
            2.9254
 1
 7
 4
 2
48
32
47
          0.042099
         -0.318084
        -0.0457215
          -1.32211
          0.398631
          -1.77489
         -0.286769
         -0.661238
##################### ACCEPTABLE SUBNET NUMBER: 4  #########################
           2.03762
 1
44
 2
16
28
           1.51672
           1.43889
           0.62025
         -0.257823
          0.421535
          0.922188
##################### ACCEPTABLE SUBNET NUMBER: 5  #########################
           2.55914
 5
50
 6
41
18
20
 3
14
 2
45
         -0.669664
         -0.936717
         -0.041497
         0.0708952
          0.244582
         -0.602836
         -0.543198
          -0.91319
         -0.556886
           0.50309
         -0.546656
##################### ACCEPTABLE SUBNET NUMBER: 6  #########################
           2.93158
 3
 1
22
15
 8
28
20
37
38
21
 7
39
40
           1.65489
           1.70399
           1.15408
          0.883449
          0.114577
          -1.35684
          0.642389
            1.2454
         -0.698329
        -0.0926183
          -2.76402
          0.116972
          -1.54822
          0.367394
##################### ACCEPTABLE SUBNET NUMBER: 7  #########################
            2.4272
 4
 1
13
11
42
 8
43
24
16
44
17
50
22
10
          0.354312
          0.309079
          0.257666
          0.475594
         -0.549713
         -0.463267
           -1.6818
           0.29035
          0.370406
         0.0248878
         -0.902872
          -0.95605
         -0.970169
          -1.27768
          -1.06851
##################### ACCEPTABLE SUBNET NUMBER: 8  #########################
           2.35374
 4
21
 6
 9
12
 4
 7
34
36
 8
           1.32061
            1.3009
           1.02331
          -1.03878
           1.20462
          0.700462
         -0.457274
         -0.522151
          0.118243
           1.16632
         -0.133899
##################### ACCEPTABLE SUBNET NUMBER: 9  #########################
           2.07582
 4
30
 9
43
20
 6
28
29
 2
38
44
 6
        -0.0625774
        -0.0760754
         0.0709791
           1.42395
          0.864068
          0.373848
         -0.303632
           1.25718
          0.424019
         -0.462637
          0.713565
           0.48615
         -0.179493
##################### ACCEPTABLE SUBNET NUMBER: 10  #########################
            2.9126
 2
15
 8
 8
12
43
28
10
42
14
38
 4
        -0.0280351
          -1.74959
         -0.194962
          0.197774
          -1.02155
         0.0103764
          0.532554
          0.119126
          0.164544
         -0.326718
         -0.326116
          -1.04936
          0.130795
##################### ACCEPTABLE SUBNET NUMBER: 11  #########################
           2.31921
 3
41
42
10
 7
30
36
26
35
47
 3
29
          0.535246
          0.422874
         -0.388257
           0.14497
          0.127323
         -0.199216
        -0.0287398
         -0.460277
          -0.31444
          -1.10464
          -1.12481
          -2.49723
          -1.24032
##################### ACCEPTABLE SUBNET NUMBER: 12  #########################
           2.61791
 2
30
18
 2
12
43
         -0.177809
         -0.710258
         -0.173127
         0.0795823
        -0.0653162
         -0.715066
          -0.21995
##################### ACCEPTABLE SUBNET NUMBER: 13  #########################
           2.08845
 2
41
22
 8
14
32
39
38
 9
24
30
48
          0.549346
          0.448873
          0.521955
          0.570659
          0.183648
           0.64055
          0.514142
          -1.50003
          -1.12269
          -1.84521
          0.355671
          0.182241
         -0.806021
##################### ACCEPTABLE SUBNET NUMBER: 14  #########################
           2.95436
 2
 9
20
 7
27
 3
17
16
14
43
45
           1.90198
           1.93442
            1.2449
         -0.689231
         -0.272898
          0.933467
          0.164547
          0.589402
           1.05004
           1.28362
          -1.03195
          -1.21889
##################### ACCEPTABLE SUBNET NUMBER: 15  #########################
           2.67925
 6
25
33
11
13
49
 1
 5
20
24
21
 7
 2
          0.573926
          0.639621
          0.141343
          0.938134
          0.886315
          -2.44107
        -0.0291636
         -0.951471
             -1.99
          0.682594
          0.217599
         -0.916499
         -0.458469
         -0.308685
##################### ACCEPTABLE SUBNET NUMBER: 16  #########################
          0.883312
 5
29
37
34
11
14
 5
28
26
47
 2
18
           1.25096
          0.692527
           0.56416
          0.426995
          0.557946
           0.24962
         -0.515904
         -0.772751
           1.10843
          0.561016
          0.445854
           0.18395
         -0.592727
##################### ACCEPTABLE SUBNET NUMBER: 17  #########################
           2.37249
 3
15
 8
16
 7
27
10
22
48
31
20
13
          0.427181
          0.105236
        0.00888192
          0.170529
         -0.429817
         -0.763277
          0.221849
           0.12892
         -0.809096
         -0.564215
          -1.19422
          0.336954
        -0.0318308
##################### ACCEPTABLE SUBNET NUMBER: 18  #########################
           2.99407
 7
47
25
43
 6
42
26
15
 7
20
13
50
38
 3
 9
27
            1.4796
           1.52976
           1.50061
          0.627099
           1.01082
         -0.256305
         -0.403862
         -0.825048
          0.510165
          0.448976
            1.5843
         -0.113555
         0.0875666
          0.485981
         -0.132093
           0.24879
          0.401407
##################### ACCEPTABLE SUBNET NUMBER: 19  #########################
           2.32502
 1
11
 6
20
 8
48
 7
 9
33
          0.586758
          0.558178
          0.445792
          0.170043
           0.56122
          -1.67638
          0.317009
          0.281865
          0.062928
         -0.886716
##################### ACCEPTABLE SUBNET NUMBER: 20  #########################
           2.99485
10
31
22
 8
35
 5
13
21
 6
30
17
 7
14
50
26
 7
16
 3
42
          0.759876
          0.801367
          0.574279
          0.452714
          0.175807
         -0.908895
          0.563154
          -1.65173
          -1.60837
         -0.616459
         -0.967522
          -2.26042
           -0.8278
          0.695807
         -0.736088
        -0.0321289
           -1.0724
          0.284874
         -0.432922
         -0.540998
##################### ACCEPTABLE SUBNET NUMBER: 21  #########################
           2.61096
 3
18
 3
35
 6
 4
 8
38
37
15
20
           0.63611
           0.68902
         0.0991445
          0.992531
         -0.356534
          -0.68289
          0.404545
          0.460178
         -0.564046
        -0.0448362
         -0.415447
          0.300415
##################### ACCEPTABLE SUBNET NUMBER: 22  #########################
           2.73692
10
41
 4
 1
19
20
16
38
40
 5
31
 9
44
45
12
29
37
34
 6
14
 9
           1.23161
           1.25909
          0.809402
          0.382781
          0.239105
           1.08396
         -0.272322
         -0.354508
            -1.339
          -1.69747
        -0.0503225
         -0.413678
          -1.27884
          0.127794
          0.799239
         -0.125545
          0.693966
        -0.0757815
          -1.47124
           -1.2163
          0.688158
          0.716326
##################### ACCEPTABLE SUBNET NUMBER: 23  #########################
           2.16706
 3
22
 1
48
 5
14
33
26
13
39
           1.91537
           1.96282
           1.01903
          0.113495
            1.4833
          0.365245
           1.28229
         -0.213269
        -0.0513956
          0.650931
          0.154903
##################### ACCEPTABLE SUBNET NUMBER: 24  #########################
           2.33031
 6
10
41
16
34
45
48
 9
21
 3
31
37
 2
36
15
25
 1
           1.40496
           1.38392
           1.05583
           1.00612
           -1.1878
         -0.793621
         -0.935847
         -0.921156
          -1.69269
          0.842289
         -0.731418
         -0.447431
         -0.959399
           1.66005
         0.0944993
         -0.687288
         0.0946915
           -1.8659
##################### ACCEPTABLE SUBNET NUMBER: 25  #########################
           2.60187
 1
22
 4
 8
43
33
20
           1.87984
           1.82003
          0.454187
          -1.32224
         -0.422568
          0.498631
          0.337102
          0.481644
##################### ACCEPTABLE SUBNET NUMBER: 26  #########################
           2.48806
 4
41
30
 8
25
 3
23
 2
33
        -0.0252253
        -0.0433283
          -0.42099
          0.230672
          0.567755
         -0.374317
         -0.169975
          0.154135
          -1.04861
         -0.026057
##################### ACCEPTABLE SUBNET NUMBER: 27  #########################
           2.59421
 2
26
11
 5
14
28
33
25
39
            0.7805
          0.846244
         -0.175934
           1.35446
         -0.760792
          0.526323
         -0.788904
          -1.61019
         -0.150393
          -1.08433
##################### ACCEPTABLE SUBNET NUMBER: 28  #########################
           2.96276
11
26
18
21
19
47
24
13
 1
25
17
12
15
11
34
36
14
10
22
39
50
35
40
43
27
20
44
32
          0.567212
          0.633965
          0.237899
           2.59278
           1.70735
         -0.921602
          -1.88132
          -1.13746
         -0.509762
          -1.54511
         -0.552726
         0.0385262
         0.0245471
         -0.925322
           1.66132
          -1.18897
          0.400357
          0.360648
         -0.623914
          0.587026
          0.399501
          0.538596
          -2.31771
          0.401486
          0.456584
         -0.502888
         -0.117184
           1.09699
          -1.41121
##################### ACCEPTABLE SUBNET NUMBER: 29  #########################
           2.92918
 1
26
 2
32
50
          0.482202
          0.548051
         -0.471319
          0.936277
        -0.0073143
          -1.33634
##################### ACCEPTABLE SUBNET NUMBER: 30  #########################
           2.53871
10
40
14
 4
18
26
42
43
39
 3
 5
 6
17
25
49
13
 9
33
           1.37011
           1.40437
          0.705796
         -0.115513
        -0.0988273
          0.100248
         -0.630924
          0.859879
           1.01081
            0.5905
          -1.61833
          0.624948
         -0.430604
           0.88224
          0.792347
          0.269293
          -1.64888
          0.318402
        -0.0298953
##################### ACCEPTABLE SUBNET NUMBER: 31  #########################
           2.36373
11
 6
 8
26
 1
24
39
19
49
50
27
18
 6
11
28
48
22
34
13
           1.16556
           1.14013
           1.01167
         0.0545224
          0.784788
           -0.0229
          0.884533
         -0.544833
         -0.428612
         -0.956859
         -0.964164
         -0.343545
          0.565687
           0.28162
          0.827424
           1.26163
          0.719251
         -0.359477
          0.683704
         -0.631395
##################### ACCEPTABLE SUBNET NUMBER: 32  #########################
          0.731157
 8
26
22
 1
15
 6
19
24
20
 2
28
30
          0.794054
          0.631926
          0.210426
          0.713069
         -0.555836
          0.986737
         0.0247684
         0.0353043
           -1.0585
         -0.341569
         -0.117102
           1.01218
          0.956521
##################### ACCEPTABLE SUBNET NUMBER: 33  #########################
            2.2551
 2
 8
 4
 3
20
 7
10
         0.0969884
         0.0461159
          0.548838
          0.884432
          0.668638
          0.877024
         -0.783379
          0.616283
##################### ACCEPTABLE SUBNET NUMBER: 34  #########################
           2.03684
 3
 1
39
 9
 1
25
          0.302199
          0.299202
         -0.504746
          0.322958
          0.307175
         -0.882548
          0.122714
##################### ACCEPTABLE SUBNET NUMBER: 35  #########################
           2.44024
 4
 3
29
13
10
 6
 2
 9
28
21
32
25
          0.338677
          0.144437
         0.0409446
         -0.837239
         -0.833008
          -0.79817
         -0.028871
          0.601346
          -0.11014
         -0.421855
          -1.45647
           -1.1658
          -3.88794
##################### ACCEPTABLE SUBNET NUMBER: 36  #########################
           2.56854
 7
30
44
18
39
41
19
47
12
 3
23
45
37
38
49
26
17
 9
27
43
31
         0.0597743
         0.0641896
           0.01433
           1.40661
          -1.24109
           0.81691
          0.154552
          -1.76524
         -0.704367
           -0.6374
          0.961403
          0.232792
          0.313314
         0.0947219
          0.238539
          0.880094
          0.774852
         -0.160896
        0.00142614
          -1.40584
          0.484853
          -0.64675
##################### ACCEPTABLE SUBNET NUMBER: 37  #########################
           1.98947
 8
37
50
44
13
 1
10
40
15
 9
28
43
11
36
 8
24
42
22
23
           1.52732
           1.46317
          0.913507
         -0.413829
          -1.08801
           0.68824
          -2.36708
          0.832213
         0.0711997
          0.140268
        -0.0574849
           1.23009
          -1.77291
         -0.100582
        -0.0826838
          0.327489
          -1.57559
         -0.143365
         -0.535518
          -1.34626
##################### ACCEPTABLE SUBNET NUMBER: 38  #########################
           2.79855
 7
24
30
33
 2
34
39
 3
 7
37
17
25
 5
38
26
19
         0.0614624
          0.068934
         -0.265907
          -0.26699
          0.630763
          0.266011
         -0.207756
          -1.54223
          -1.26322
          -1.41718
            0.1815
           -1.2869
          -1.31682
          -0.32191
         0.0534392
          -1.32039
         -0.338177
##################### ACCEPTABLE SUBNET NUMBER: 39  #########################
           2.53018
 9
18
50
29
33
26
20
40
22
 9
 7
44
28
48
25
42
21
38
          0.554454
          0.612165
          0.265373
           1.01848
         -0.587709
          -1.87378
          0.219361
          0.667165
         -0.181242
          -2.23434
          -1.39381
          -0.85589
          0.524102
         -0.158632
          0.145226
          -2.36978
          -2.14046
         -0.498094
          -1.12328
##################### ACCEPTABLE SUBNET NUMBER: 40  #########################
           2.69328
 6
18
21
 3
49
37
40
10
13
22
23
42
25
27
47
 6
15
50
          0.464072
          0.518756
          0.652693
           1.94039
          0.152524
         -0.649123
      -0.000365797
         -0.441868
          -1.76904
          0.703853
           1.37374
           0.27882
         -0.454077
         -0.392158
        -0.0408871
          -1.61566
          -1.27111
          -1.61933
         -0.998056
##################### ACCEPTABLE SUBNET NUMBER: 41  #########################
           2.76915
10
15
41
 7
45
14
30
17
22
40
20
10
27
 4
16
18
36
13
28
23
10
35
           2.00015
           1.97147
           1.68304
           1.90401
            1.6166
           1.61472
         -0.383037
          -0.88186
         -0.820023
           1.20629
           1.09906
          -0.53885
          0.779133
           1.92076
          0.956504
         -0.936104
           1.71432
          0.612786
          0.375495
           1.14241
          0.577751
          -1.75242
          0.232594
##################### ACCEPTABLE SUBNET NUMBER: 42  #########################
           2.68576
 8
44
35
37
29
45
50
34
39
 4
32
43
 1
10
          0.465153
          0.256619
          0.275242
         -0.781109
         -0.694605
        -0.0475976
         -0.113711
         -0.621645
          -1.34784
          -0.28509
          -1.35084
          0.237663
          0.414357
          0.042105
          -0.62457
##################### ACCEPTABLE SUBNET NUMBER: 43  #########################
           2.37297
 2
37
 7
 0
          -0.56802
          -1.83509
         -0.451344
         -0.104595
          -1.24813
##################### ACCEPTABLE SUBNET NUMBER: 44  #########################
           1.96417
 7
10
 1
 2
29
 3
44
23
 6
13
24
14
12
41
45
           1.23547
           1.28447
          0.623368
           1.44983
           1.53989
         -0.361538
         -0.435964
          0.244153
          0.279376
         -0.118787
           1.19569
          0.670449
           1.11613
          -0.33636
         -0.938135
         -0.431232
##################### ACCEPTABLE SUBNET NUMBER: 45  #########################
           2.78364
 6
16
18
 7
31
23
14
 1
20
          0.560551
          0.623359
         -0.288543
            1.0921
         -0.452845
          0.314913
         -0.792754
         -0.496617
        -0.0964388
           0.33326
##################### ACCEPTABLE SUBNET NUMBER: 46  #########################
           1.30321
 7
35
 4
 2
48
14
21
 8
 6
20
34
28
32
36
38
           1.08016
          0.851955
          0.911965
          0.933772
          0.840084
          -0.40787
          -2.14309
         -0.645393
          0.263891
          0.227341
           1.08275
         0.0582938
           1.34596
         -0.438435
           -1.4112
         -0.964384
##################### ACCEPTABLE SUBNET NUMBER: 47  #########################
           2.33305
 1
16
 1
 2
          0.181986
           0.24251
          -1.16122
           1.36684
           1.03149
##################### ACCEPTABLE SUBNET NUMBER: 48  #########################
           1.92911
 3
 1
37
 7
 3
23
 3
30
           1.36957
           1.41655
          0.582789
            1.1461
          -1.97701
           1.08223
           0.83007
         -0.683327
         -0.995091
##################### ACCEPTABLE SUBNET NUMBER: 49  #########################
           2.53625
 7
42
17
29
50
 6
30
26
11
 4
21
20
 9
14
43
23
10
 5
25
32
           1.06354
           1.09689
          0.536021
           1.10118
         -0.509117
         -0.944807
          -1.08765
          -1.44753
          0.993889
          -2.76599
          0.840769
          0.544079
          0.380976
           1.16336
          0.189485
         0.0449014
         -0.795549
         -0.500237
          -2.04933
          0.751922
         0.0167538
##################### ACCEPTABLE SUBNET NUMBER: 50  #########################
            2.2023
 1
29
 6
36
 2
40
16
25
47
           0.85727
          0.820393
          0.310422
         -0.281082
          0.058338
           0.89408
         -0.703043
          -1.79749
       -0.00697733
       -0.00346048
##################### ACCEPTABLE SUBNET NUMBER: 51  #########################
           2.43754
 4
18
45
43
31
 8
24
17
10
25
41
39
30
 1
          0.118711
           0.16992
          0.260427
           1.18359
         -0.773298
         -0.657229
         -0.734723
          0.382168
          0.638244
          0.264242
        -0.0100209
         0.0447012
          -1.01154
         -0.922351
          -2.29939
##################### ACCEPTABLE SUBNET NUMBER: 52  #########################
           2.40246
 8
31
 6
15
50
 1
14
40
25
 3
12
44
39
          0.922798
          0.960113
          0.348948
         0.0597542
         -0.372427
         -0.686871
         -0.684645
           0.82134
         -0.160539
          0.104563
         -0.478709
          0.517566
          -1.24704
         -0.956967
##################### ACCEPTABLE SUBNET NUMBER: 53  #########################
           2.22046
 0
 7
 7
43
25
32
26
20
48
          0.976511
          0.668808
            0.8064
          0.695694
          0.982714
          0.732769
          0.793599
          0.558083
         -0.269938
          0.557464
##################### ACCEPTABLE SUBNET NUMBER: 54  #########################
           2.58929
 2
26
 7
 1
14
          0.366552
          0.431384
          0.132412
           1.64729
          -1.18353
          0.796977
##################### ACCEPTABLE SUBNET NUMBER: 55  #########################
           2.51269
 7
41
32
18
31
33
 6
23
 1
17
          0.186003
          0.238498
          0.140561
           0.24991
          0.279813
           1.17213
          0.261178
          0.272116
          0.645855
          -1.34611
          0.677307
##################### ACCEPTABLE SUBNET NUMBER: 56  #########################
           2.38518
 5
 7
 9
25
13
42
 7
20
26
10
32
11
17
 3
          0.411721
          0.447955
         -0.223521
           1.13377
          -1.38826
          0.242506
         -0.862987
         -0.833501
          0.429134
          0.243528
         -0.170302
         -0.755164
         -0.656695
         -0.114714
         -0.784963
##################### ACCEPTABLE SUBNET NUMBER: 57  #########################
            1.6455
 3
30
35
45
 5
 2
42
26
38
 3
         -0.191616
         -0.241617
          0.532939
            1.0615
          0.674758
          0.219131
           1.21847
          0.644107
          0.472169
         -0.702327
         -0.949929
##################### ACCEPTABLE SUBNET NUMBER: 58  #########################
           2.08599
 4
34
 1
18
32
 1
14
          0.491152
          0.535537
           1.44671
           1.48815
           2.01195
          0.814798
          -1.30352
            1.7659
##################### ACCEPTABLE SUBNET NUMBER: 59  #########################
           2.39041
 8
 5
 6
 3
 8
26
24
 4
37
12
14
15
40
35
23
49
22
 2
33
38
10
 9
           1.41648
           1.34788
            0.8699
         0.0632912
           1.18452
          -0.22725
          -1.68498
         -0.856554
          0.272962
          0.460765
          0.259723
          0.917842
           1.03763
          0.898265
           1.01854
         -0.463648
          -1.48313
         0.0915205
         -0.633541
         -0.059155
          -1.98556
           0.40768
          0.619277
##################### ACCEPTABLE SUBNET NUMBER: 60  #########################
           2.37968
 4
 1
32
17
20
 9
24
23
49
22
 8
48
25
 6
26
            1.2678
           1.31046
          0.639752
           1.36641
           1.12214
         -0.437538
         -0.392433
           1.08631
          0.915145
          0.941728
          0.607843
          0.114419
         -0.773985
         -0.254184
         -0.902338
          -1.51117
##################### ACCEPTABLE SUBNET NUMBER: 61  #########################
           2.69809
 4
16
11
39
24
 1
28
          0.426641
           0.48624
         -0.040568
           1.40703
         -0.980114
          -1.68707
          -1.30669
          0.797112
##################### ACCEPTABLE SUBNET NUMBER: 62  #########################
           2.75261
 7
15
31
 8
11
50
33
21
 8
 5
28
 1
32
 9
39
25
42
         0.0358932
        -0.0163943
           1.72926
           1.40708
           1.73605
         -0.639045
          -2.07593
         -0.639206
          -1.18767
          -1.18767
          0.595579
           2.04548
         -0.233128
         -0.245848
            1.1787
         -0.514866
         -0.479098
           0.24615
##################### ACCEPTABLE SUBNET NUMBER: 63  #########################
           2.31777
 4
41
 6
16
29
 8
17
32
47
34
39
26
18
21
           1.04053
           1.01496
          0.146217
          0.571877
          0.134916
          0.222947
         -0.984874
          0.345169
          0.238706
         -0.377769
          0.312742
          0.112398
         0.0440694
         -0.445258
        -0.0642053
##################### ACCEPTABLE SUBNET NUMBER: 64  #########################
           1.90284
 9
35
49
37
42
 3
10
38
41
24
 5
20
18
25
28
17
           1.96188
           1.85853
          0.980263
           1.15111
           1.21851
          0.819238
          0.114495
          0.254828
        -0.0554563
          0.402439
          -1.52217
          0.831025
           1.43451
          0.943753
          0.635224
           1.35427
          0.387659
##################### ACCEPTABLE SUBNET NUMBER: 65  #########################
           2.21784
 2
30
25
 1
21
          0.632512
          0.651763
          0.398082
          0.960593
          0.165655
          0.781123
##################### ACCEPTABLE SUBNET NUMBER: 66  #########################
           2.69154
 2
39
19
13
40
33
10
38
 4
43
36
32
 5
34
49
31
 3
           1.89578
           1.78614
           1.77015
         -0.488249
           0.17166
           1.45727
             1.694
           1.06522
          -2.39301
          -0.75297
           1.88119
         -0.680146
          0.937558
         -0.886876
           0.49003
          0.936204
          0.707258
          -1.32946
##################### ACCEPTABLE SUBNET NUMBER: 67  #########################
           2.76383
 0
10
48
 3
10
42
 8
13
 4
43
20
 7
           1.13552
           1.15747
           0.61949
          0.410577
          0.254467
          0.214248
         -0.709294
         -0.168271
         -0.635885
         -0.495466
          -0.97808
          0.712879
         -0.519455
##################### ACCEPTABLE SUBNET NUMBER: 68  #########################
           2.85235
 7
47
18
15
 3
21
 2
37
 5
43
23
20
24
27
          -0.24816
         -0.788999
         -0.143393
         -0.379813
         -0.055089
         -0.236031
         -0.189243
          -0.18024
         -0.915422
          -1.77014
        -0.0279237
         -0.174803
          -0.18442
           -1.7697
          -1.91616
##################### ACCEPTABLE SUBNET NUMBER: 69  #########################
           2.26747
 7
50
 4
31
12
30
 1
37
 7
28
 2
16
39
49
15
21
           1.87912
            1.8297
            1.4628
          0.028826
           1.09764
        -0.0709692
         -0.796401
          -0.50843
         -0.581164
         -0.337492
           1.75521
           1.51339
          0.848172
         -0.848818
        -0.0557181
          -1.15324
          0.418539
##################### ACCEPTABLE SUBNET NUMBER: 70  #########################
           2.96471
 6
42
 1
24
35
45
32
 7
17
25
44
20
 2
18
37
          0.517807
          0.540011
          0.769292
          0.755783
         -0.209108
         -0.236111
         -0.653776
         -0.116256
         -0.779886
          0.755302
          0.632962
          0.655969
         -0.200733
          -0.12669
          -1.21244
            -1.538
##################### ACCEPTABLE SUBNET NUMBER: 71  #########################
           1.86719
 1
 7
 7
 2
50
 8
38
 6
30
34
           1.50637
           1.54534
           1.30377
           1.85974
           1.89593
         -0.555166
          0.558908
         -0.991382
          -1.57705
         -0.304933
           1.00401
##################### ACCEPTABLE SUBNET NUMBER: 72  #########################
           2.86263
 6
30
40
33
17
25
48
14
36
12
45
44
 3
13
 1
 9
11
 5
32
 2
38
20
           1.92461
            1.9582
           1.45898
           1.67772
          0.210423
           -1.3746
         -0.141869
          0.458736
          0.634524
           1.46254
          -1.51139
          -2.48848
          0.255337
          0.688587
          0.773111
          0.156385
           1.61691
          0.682175
          0.178387
         0.0669494
         -0.510049
          0.489963
         -0.993759
##################### ACCEPTABLE SUBNET NUMBER: 73  #########################
           1.78238
12
27
30
10
48
50
13
 1
41
 7
35
15
36
 6
28
23
 4
42
25
18
           2.08973
           1.89438
           1.53533
           1.54996
           1.15346
         -0.692055
          -1.50534
          0.112947
          -1.21102
           1.05958
         -0.908133
          0.480614
         0.0301014
         0.0909421
         -0.375695
           1.94842
          0.775486
          0.774821
          0.122525
          -2.18348
         -0.300965
##################### ACCEPTABLE SUBNET NUMBER: 74  #########################
           2.01969
 2
30
 2
 2
50
21
         0.0701948
         0.0790044
         -0.195623
           0.76983
          0.159188
        -0.0943817
          0.550091
##################### ACCEPTABLE SUBNET NUMBER: 75  #########################
           2.41186
17
21
23
24
16
48
20
 1
40
31
10
25
26
 9
39
 7
34
17
10
11
50
12
 3
 4
49
33
13
18
42
           1.80027
           1.85007
           1.12581
            1.0294
           0.18961
         -0.535116
          -0.59318
           1.12307
          -0.31812
           1.63995
          0.126037
         -0.566499
          0.838251
          -1.33316
         -0.186054
          0.263531
         -0.862546
          0.212685
         -0.508258
          -1.05321
          0.748107
          0.799461
            1.3297
         0.0896764
          0.876546
          0.809333
          0.307014
          0.460203
         -0.105957
          -1.13863
##################### ACCEPTABLE SUBNET NUMBER: 76  #########################
           2.76704
 2
32
 6
 9
23
18
36
17
20
 8
47
16
49
          0.715454
          0.754289
         -0.427257
          0.530884
          0.243708
         -0.299857
          -1.32026
          -0.71636
          0.086509
        -0.0764753
           -1.4429
         -0.534179
          0.285626
          -0.15603
##################### ACCEPTABLE SUBNET NUMBER: 77  #########################
           2.81899
10
14
18
 3
33
45
25
10
50
 7
21
 8
31
36
12
23
 8
49
 1
43
           1.41017
           1.46477
          0.812301
         0.0190639
           1.50475
          -1.16396
          -1.05602
          -1.29971
         -0.470331
           1.58439
          -0.16632
          0.908238
           0.67324
          0.963803
          -1.09228
          0.695489
          0.712014
          -2.96723
         -0.310353
           -0.1745
          0.289416
##################### ACCEPTABLE SUBNET NUMBER: 78  #########################
           2.06455
10
18
48
 9
12
39
37
43
28
 7
21
12
47
 2
32
31
11
10
40
45
30
42
16
50
          0.120618
          0.165903
           0.47723
           1.01965
          0.066304
         -0.477127
         -0.354538
         -0.827663
         -0.369722
         -0.786162
          -1.73394
         -0.635843
         -0.788642
         0.0697581
           1.05332
          0.105337
         -0.298934
         -0.293231
         0.0290791
         -0.817599
          -1.95873
          -1.95873
         -0.597768
          -1.44956
          -1.34083
##################### ACCEPTABLE SUBNET NUMBER: 79  #########################
           2.51699
 2
26
42
 2
20
50
          0.600327
          0.666395
        -0.0150141
           1.49982
      -0.000511856
          0.709229
         -0.769774
##################### ACCEPTABLE SUBNET NUMBER: 80  #########################
            2.7189
 5
18
32
50
33
 1
 4
45
22
36
14
          0.892091
          0.954461
         -0.149307
          0.699688
          0.528734
         -0.168385
          -1.08238
          -1.01459
         0.0441799
          -1.07426
           -1.7977
          0.145656
##################### ACCEPTABLE SUBNET NUMBER: 81  #########################
           2.87491
12
 6
29
25
31
40
19
28
35
21
41
50
24
 6
45
26
47
22
32
48
           1.88813
           1.86595
            1.6315
           1.76154
         -0.791094
           1.42903
           0.56807
           0.96577
         -0.245004
          -1.00589
           0.57479
          0.858611
          0.499377
         -0.464437
         0.0299403
           1.71291
         -0.707455
           1.25854
          -1.14198
         0.0488434
        -0.0315987
##################### ACCEPTABLE SUBNET NUMBER: 82  #########################
           1.41125
 1
50
 7
25
 2
13
 1
38
42
44
          0.935247
          0.755557
          0.233442
          0.202332
          0.141317
          0.948091
          -1.71787
        -0.0713738
        -0.0886784
          -1.32915
         -0.498309
##################### ACCEPTABLE SUBNET NUMBER: 83  #########################
           2.91954
 6
 5
18
31
36
20
47
 5
19
 4
43
26
 9
           1.94807
           2.01433
            1.2737
         -0.124788
           2.06254
          0.321588
         -0.063866
          0.719673
          0.352257
         -0.666259
           1.51856
          0.684202
          0.799501
          -1.53446
##################### ACCEPTABLE SUBNET NUMBER: 84  #########################
           2.27839
 4
16
34
 7
26
 1
 2
          0.589483
          0.652519
         -0.230537
            1.2686
          0.360303
          0.659089
         -0.481311
          0.991284
##################### ACCEPTABLE SUBNET NUMBER: 85  #########################
           1.93211
 3
 8
44
21
 8
25
41
32
 2
16
13
18
33
          0.196448
         -0.203024
        -0.0493558
         -0.124568
          -2.13803
          -1.26335
         -0.079983
         -0.661695
         -0.502512
          0.496129
         -0.814361
          -1.78917
          -1.78479
         -0.675878
##################### ACCEPTABLE SUBNET NUMBER: 86  #########################
           2.74643
 7
18
49
39
12
 8
43
36
12
 4
29
27
23
40
20
13
28
 6
30
22
42
           1.16434
           1.21978
          0.512894
           1.29685
        -0.0164335
         -0.316963
          0.334016
          -1.26711
          -1.68298
         -0.717914
         -0.545354
          0.339632
         -0.767783
          0.746064
         -0.642085
        -0.0651332
        -0.0781379
          -1.09394
          0.545513
          0.716769
         -0.335333
         0.0937701
##################### ACCEPTABLE SUBNET NUMBER: 87  #########################
           2.90437
 2
 6
41
 1
36
           0.49434
          0.511147
          0.576704
          0.774914
         -0.615364
          0.682769
##################### ACCEPTABLE SUBNET NUMBER: 88  #########################
           2.50819
 1
 6
 8
43
37
28
30
 2
14
45
 1
         0.0517007
         0.0827288
           1.04265
           0.26593
          0.233479
          0.371829
          0.206675
           0.68465
           1.53429
         -0.309007
          0.416984
         0.0728654
##################### ACCEPTABLE SUBNET NUMBER: 89  #########################
           2.92534
 3
26
24
30
 2
22
20
          0.220262
           0.28347
         -0.244589
          0.983863
           -1.4038
          -1.48626
        -0.0992935
         -0.668766
##################### ACCEPTABLE SUBNET NUMBER: 90  #########################
           2.71343
 8
16
 4
40
 1
32
44
27
50
 5
21
 8
28
11
 7
           1.00992
            1.0709
          0.339745
           1.90839
          0.445293
        -0.0680449
          0.156027
          0.290585
          -2.14134
         -0.165002
          -1.63608
          0.438264
          0.181642
           1.32453
         -0.345911
        -0.0383125
##################### ACCEPTABLE SUBNET NUMBER: 91  #########################
           2.71168
 4
49
23
 2
19
 1
14
         -0.102135
         -0.628474
         -0.117013
         -0.216987
         0.0998431
         -0.676717
        -0.0884281
          0.302025
##################### ACCEPTABLE SUBNET NUMBER: 92  #########################
           2.84357
 7
41
 5
45
30
50
39
13
 7
31
 2
35
 7
15
21
42
         -0.626006
         -0.688787
        -0.0273337
         -0.977317
         -0.500757
         -0.237157
          0.531003
         -0.558247
         -0.476877
         -0.722285
          -1.23143
          0.311112
         -0.298741
         -0.100177
          -2.58323
          -2.58323
         -0.722285
##################### ACCEPTABLE SUBNET NUMBER: 93  #########################
           2.56026
 3
45
11
25
 1
28
          0.570909
          0.546518
          0.607634
          -1.03892
         -0.737104
          -1.38609
          0.869154
##################### ACCEPTABLE SUBNET NUMBER: 94  #########################
           2.77043
 2
 1
 4
 5
43
23
25
49
 2
          0.163434
         0.0915323
           0.18055
          0.297993
       0.000553065
          0.277192
         -0.501009
         -0.357985
          -1.45539
          -1.49934
##################### ACCEPTABLE SUBNET NUMBER: 95  #########################
           2.46209
 5
 1
23
32
17
37
 3
11
30
13
            1.2162
            1.2711
          0.386801
           1.09097
          -1.23653
          0.803723
          -0.99887
          -1.69888
          0.766259
         -0.828428
          -1.51984
##################### ACCEPTABLE SUBNET NUMBER: 96  #########################
           2.98808
 2
 9
18
10
34
50
20
12
26
45
 7
15
27
 6
           1.73506
           1.78425
           1.25912
         -0.808146
         -0.483435
          -1.53764
          0.725861
           1.34192
         -0.283641
         -0.392942
         -0.402942
         0.0231824
         -0.329255
         -0.940594
          0.425296
##################### ACCEPTABLE SUBNET NUMBER: 97  #########################
            2.5895
 2
26
18
 5
43
28
32
17
21
          0.415022
          0.478756
          -0.49483
           0.94964
          0.842772
          0.342928
          -0.25177
          -1.67596
         -0.832955
          -2.49596
##################### ACCEPTABLE SUBNET NUMBER: 98  #########################
           2.84677
 2
26
18
 3
27
 7
19
          0.165541
          0.227747
         -0.231599
           1.05335
          -1.05864
         0.0671163
          0.036447
          -1.71494
##################### ACCEPTABLE SUBNET NUMBER: 99  #########################
           1.93765
 2
41
 1
 2
 3
 9
          0.388957
          0.408162
         -0.234899
          0.328548
          0.662535
          0.327178
         -0.436179
##################### ACCEPTABLE SUBNET NUMBER: 100  #########################
           2.71128
 2
21
12
 1
 2
         -0.288462
         -0.558956
       -0.00405441
         -0.126899
        -0.0151265
          0.507325
----------Number of Acceptable Subnets found: 100 -----------
----------END FOR GENE 46 -----------
