File open successful. It contains: 
Finished reading file, will close now.
File x_dt open successful.
Finished reading file x_dt, will close now.
File sd_d open successful.
Finished reading file sd_d, will close now.
--------START FOR GENE 18 -----------
 Values arranged as error, n_ka, gene ids for ka, n_kd, gene ids for kd,
 r0, d, ea, ka_values, kd_values for each subnet. 
##################### ACCEPTABLE SUBNET NUMBER: 1  #########################
           1.43069
 2
16
15
 1
 8
           1.43271
          0.271404
         -0.864842
         -0.210406
          0.249713
          0.838027
##################### ACCEPTABLE SUBNET NUMBER: 2  #########################
           1.88249
11
50
 4
49
12
 9
11
10
33
14
 7
27
 7
37
26
23
31
39
 6
19
           1.92133
           1.60184
          0.604706
           1.51531
           1.62883
           1.27999
          0.789255
           1.26881
          0.104413
          0.936486
         -0.309742
         0.0634898
         -0.959994
         -0.751398
           1.80372
          0.904434
         0.0115582
          0.602833
         -0.530566
         -0.918768
           0.18652
##################### ACCEPTABLE SUBNET NUMBER: 3  #########################
           1.68254
 4
16
50
 3
 4
 3
40
37
 6
            2.1618
           1.36005
          -1.34178
         -0.331536
         0.0196773
        -0.0306394
        -0.0973587
         -0.376778
          0.371385
         -0.433576
##################### ACCEPTABLE SUBNET NUMBER: 4  #########################
           1.27701
 5
50
12
 9
24
43
13
 8
46
37
 1
19
20
25
40
31
13
45
36
29
           1.62038
          0.899215
          0.501201
           1.47207
         -0.125929
         -0.123366
           1.33201
          -1.61919
           1.92898
           1.55784
          0.762732
          -1.70768
        -0.0699033
          -0.76943
          0.283077
         -0.738876
          0.181757
         -0.156852
          0.785857
         -0.508796
          0.360219
##################### ACCEPTABLE SUBNET NUMBER: 5  #########################
          0.742423
11
50
 5
16
15
14
 9
 7
11
17
43
24
12
30
46
23
28
44
31
36
 6
13
37
48
39
           1.97213
           1.47188
           1.09353
            1.6722
          0.233256
         -0.763136
          -0.54394
           -0.1793
           -1.2028
          0.447192
         -0.694967
         -0.398193
         -0.198223
           1.33684
           1.46944
           1.64297
          0.607299
         -0.568684
           1.71125
          0.658329
          0.437425
          0.513423
          0.137652
            1.8508
          0.561326
         -0.410946
##################### ACCEPTABLE SUBNET NUMBER: 6  #########################
          0.712306
 2
50
 9
15
40
46
28
 1
26
32
22
37
38
31
25
36
13
34
 6
            1.9022
           1.24145
          0.654043
           1.02312
          0.885875
          0.828952
           1.11814
         -0.835474
          0.780304
          -1.71816
         -0.220169
            1.2693
          -1.79801
         -0.132634
          -1.06501
          0.679058
          0.545853
          -1.13871
          -1.46183
         -0.332731
##################### ACCEPTABLE SUBNET NUMBER: 7  #########################
           1.37538
 5
 9
 7
10
43
 2
12
 6
20
29
23
38
37
44
41
 1
31
13
19
         0.0774875
         -0.513395
         -0.471015
          0.933182
         -0.564712
          -1.00801
         -0.676485
          0.565714
           1.20134
          0.878164
          0.642915
          0.474602
          -1.62861
          0.172411
          -1.07797
          -1.07496
         -0.360851
         -0.608929
         -0.142376
          -2.12905
##################### ACCEPTABLE SUBNET NUMBER: 8  #########################
           1.83657
 3
17
16
 7
 6
44
46
13
29
36
 6
           1.05623
          0.294954
          0.939815
           1.23319
          0.939074
          -0.14142
           1.54865
         -0.032436
          -1.20361
         -0.710679
          -2.20001
          0.868844
##################### ACCEPTABLE SUBNET NUMBER: 9  #########################
           1.80879
 8
16
14
10
11
 2
 3
 4
12
 6
37
30
38
45
40
13
          0.794303
          0.028364
         -0.245895
          0.450484
          0.807825
          0.708317
         -0.103675
         -0.402343
          -1.43785
          0.558189
          0.314606
           1.07503
          0.353319
         -0.532851
         -0.795104
         -0.646915
         -0.305315
##################### ACCEPTABLE SUBNET NUMBER: 10  #########################
           2.82557
 4
33
10
50
49
 2
 6
37
           1.05671
          0.574166
         -0.808421
          -0.13096
        -0.0546591
          -0.21946
         -0.961194
          -1.59156
         -0.882746
##################### ACCEPTABLE SUBNET NUMBER: 11  #########################
           2.98728
 2
33
 4
 3
37
30
34
          0.312977
        -0.0282705
         -0.175027
      -0.000464918
         0.0953854
          0.278012
          0.384305
         -0.200372
##################### ACCEPTABLE SUBNET NUMBER: 12  #########################
           2.05699
 2
 3
24
 4
 1
37
44
45
           1.33942
          0.476862
          0.244079
          0.554499
         -0.219285
          0.896882
           0.82111
          0.746328
         -0.525794
##################### ACCEPTABLE SUBNET NUMBER: 13  #########################
          0.811532
 4
 9
11
 4
 3
11
20
 1
22
30
31
 6
13
23
32
44
34
          0.476289
         0.0414795
         -0.190321
          0.388594
         -0.623836
         0.0086447
         -0.318126
        -0.0844272
          0.606081
          -1.38922
          -1.12953
           -1.0884
          -3.20957
          -1.54738
         -0.644473
         -0.940082
           0.14105
        0.00504512
##################### ACCEPTABLE SUBNET NUMBER: 14  #########################
          0.839856
10
11
16
 4
12
 7
49
 9
 3
14
10
11
31
30
47
41
39
13
40
36
29
48
 1
           1.67761
           1.03811
           1.38635
           1.42344
           1.43949
          0.522657
         0.0031105
           1.09868
        -0.0565745
          0.941284
           1.45746
          -1.05508
         -0.130204
          0.736236
           1.78677
           1.79555
           1.64556
          0.756704
          0.394537
           1.02296
         -0.553341
          0.999742
          0.448503
          0.280704
##################### ACCEPTABLE SUBNET NUMBER: 15  #########################
           1.97708
 6
17
10
 3
12
49
 7
10
21
41
44
29
28
 6
48
20
25
13
            2.1356
            1.5277
            1.3248
           1.65675
           0.38566
          -1.83136
          0.480245
         -0.439805
          -1.28472
           1.58486
           1.08833
            1.8741
          0.646111
         -0.145802
           0.17433
          0.192718
          0.411183
           -0.9531
         -0.285258
##################### ACCEPTABLE SUBNET NUMBER: 16  #########################
            2.3073
 3
10
 7
 3
 6
46
 8
22
21
32
47
           1.66186
          0.987775
          0.280237
          0.199002
          0.326925
          -1.53431
          0.610569
          0.586744
          0.474065
         -0.376156
          -0.75254
          -1.05537
##################### ACCEPTABLE SUBNET NUMBER: 17  #########################
           2.39698
 3
43
33
 3
 6
37
41
40
21
 6
 8
          0.650425
         -0.311633
         -0.159911
          0.296634
          -1.87802
         -0.284384
           0.64841
          0.348875
         -0.395962
          -0.21744
          0.634379
         0.0120539
##################### ACCEPTABLE SUBNET NUMBER: 18  #########################
          0.638795
 3
50
33
14
 4
 6
44
 1
41
            1.5622
          0.545529
         -0.690824
          0.180518
          0.015838
         -0.346285
          0.114929
          0.590595
          0.494577
          0.258798
##################### ACCEPTABLE SUBNET NUMBER: 19  #########################
           1.92507
 7
50
10
16
 2
 4
15
14
 1
37
           2.11247
           1.67811
         -0.829157
         0.0788448
          -1.46666
         -0.283974
          -0.12851
         -0.313941
         -0.798704
         -0.675413
          0.252353
##################### ACCEPTABLE SUBNET NUMBER: 20  #########################
           2.33574
 4
11
49
 7
12
 3
 1
37
 8
            0.4337
          0.100407
         -0.537223
          0.279145
         0.0358058
          -0.81538
          0.138478
          0.800016
          -1.71528
          -1.22073
##################### ACCEPTABLE SUBNET NUMBER: 21  #########################
           2.26963
 4
 7
16
10
17
 7
30
38
46
19
 8
36
44
           1.44828
           1.02868
          0.882517
          0.604709
          -1.15269
         -0.122225
         -0.552825
           1.11342
           1.02924
           1.10175
         0.0149439
          0.900845
          0.331706
        -0.0166335
##################### ACCEPTABLE SUBNET NUMBER: 22  #########################
           1.46919
 6
 4
16
 2
 7
12
10
 9
31
46
44
39
38
37
22
21
 8
          0.690954
          0.142502
           1.32896
           1.71417
            1.5508
           1.42266
           1.60294
          0.222789
         -0.634062
           1.88796
           1.22874
           1.94724
          0.541082
           0.75457
           -1.2655
         -0.569834
          -1.50929
           0.52909
##################### ACCEPTABLE SUBNET NUMBER: 23  #########################
           1.22388
 5
 3
16
33
 7
14
 1
 8
          0.937468
          0.175541
         -0.918391
          0.365472
        -0.0707471
          -0.32596
        -0.0262888
        -0.0918714
          0.843887
##################### ACCEPTABLE SUBNET NUMBER: 24  #########################
           2.43601
 4
 2
15
11
33
 6
37
34
41
13
 6
29
         0.0473106
         -0.233197
          0.731956
           1.37681
         -0.328914
         -0.185173
         0.0425408
           1.15988
          0.835479
          0.889067
          0.318655
         -0.478481
          0.287265
##################### ACCEPTABLE SUBNET NUMBER: 25  #########################
           2.60517
 7
49
 7
12
16
 3
 4
24
 3
44
 1
37
          0.853806
         -0.173835
         -0.762966
           1.45687
           1.38074
          0.331965
         -0.627783
         -0.896777
         0.0555063
         -0.415371
           1.81713
         -0.509677
           1.89236
##################### ACCEPTABLE SUBNET NUMBER: 26  #########################
          0.748971
 2
 4
50
 6
37
41
32
45
34
44
           1.91537
           1.07533
         -0.505474
          0.560942
           0.54725
          0.916355
          0.566426
          -1.05837
         -0.444075
          0.181632
        -0.0241664
##################### ACCEPTABLE SUBNET NUMBER: 27  #########################
           1.95381
 6
 3
17
 2
50
27
 9
 5
37
 6
41
38
32
           0.93255
          0.376936
         -0.054715
          0.231948
         -0.884571
          -1.19451
          0.355447
          -0.82784
          -1.13454
          0.643167
          -1.24655
          0.345384
         -0.901287
         -0.513076
##################### ACCEPTABLE SUBNET NUMBER: 28  #########################
          0.749408
 6
27
14
 3
 9
24
12
 3
 1
21
20
          0.744449
          0.328531
         -0.228346
          0.141933
          0.291431
          0.484104
          0.661129
          0.106663
          0.267321
          0.896237
         -0.423163
            0.7317
##################### ACCEPTABLE SUBNET NUMBER: 29  #########################
           1.95828
12
33
50
 3
14
15
17
49
 9
 7
 2
 4
11
 3
38
37
34
          0.571467
         -0.111355
         -0.748106
        -0.0486021
         -0.303682
          -0.63969
         -0.183177
          -1.53569
         0.0425952
          -1.05311
         -0.481488
         -0.333626
         -0.154672
         -0.804655
          -2.02766
         -0.343856
          0.315498
          0.204975
##################### ACCEPTABLE SUBNET NUMBER: 30  #########################
           2.90862
 2
 2
 4
 2
 6
41
          -0.25568
         -0.568236
           0.14691
         0.0712416
          0.331377
          0.748118
          0.339879
##################### ACCEPTABLE SUBNET NUMBER: 31  #########################
           2.68415
 7
50
12
 7
43
 3
 9
33
12
38
37
 1
29
36
26
39
45
19
22
13
25
           1.88434
           1.81106
          0.945961
           1.70834
           1.65906
         -0.582233
          -1.38018
          0.940324
          0.851185
          -1.35907
           1.37098
           1.89137
         -0.398894
          0.864115
        -0.0723302
         -0.124258
          -0.51911
          0.159395
          0.958943
          0.337914
        -0.0462023
         -0.461804
##################### ACCEPTABLE SUBNET NUMBER: 32  #########################
           1.16362
 1
 9
 6
 1
38
37
46
45
44
          0.492987
        -0.0368684
         -0.252926
          0.351323
          0.537831
          -0.69265
          -0.66216
          -1.38961
          0.119433
          -1.34468
##################### ACCEPTABLE SUBNET NUMBER: 33  #########################
          0.835185
 4
 9
15
43
 3
 2
 8
45
          0.880651
         0.0860559
         -0.928472
           0.40354
          0.391931
          -1.09242
          -1.15308
          0.904197
         -0.214589
##################### ACCEPTABLE SUBNET NUMBER: 34  #########################
           2.64067
 3
50
49
 7
10
 6
48
46
45
37
 8
41
20
44
32
           1.98239
           1.61491
          0.986516
          0.766897
          -0.17247
           0.45116
           1.17672
          0.443691
           1.21931
          0.540151
          -1.58037
          -1.02849
         -0.712832
          0.381327
           1.11118
          0.472845
##################### ACCEPTABLE SUBNET NUMBER: 35  #########################
           2.12441
 7
16
43
50
17
 3
15
 7
12
46
37
25
19
 6
30
 1
40
44
31
 8
45
           2.03188
           1.13263
          0.653122
         0.0977483
           0.11719
          0.141913
          0.431179
          0.240551
          0.352558
        -0.0140704
           1.02178
           0.94222
          0.825966
          -1.80311
         0.0349226
         -0.463015
          -1.76304
         0.0819616
         -0.388027
         -0.681823
           1.00731
           -2.4745
##################### ACCEPTABLE SUBNET NUMBER: 36  #########################
            1.3758
 4
16
 3
10
 2
 4
31
 1
41
 8
          0.950865
         0.0906544
         -0.837652
         -0.204026
        -0.0816059
        -0.0647282
          -2.18617
         0.0985676
          0.474439
          -2.53671
         -0.953893
##################### ACCEPTABLE SUBNET NUMBER: 37  #########################
           1.39389
 4
33
14
10
50
10
21
28
44
 1
26
34
29
 6
 8
48
          0.867384
          0.331753
          0.257249
           0.79979
           1.00219
          -1.79086
          0.324787
          0.847881
         -0.294579
           1.19472
          -1.13133
         -0.196684
         -0.832878
         -0.547933
           1.08539
         -0.933308
         -0.667475
##################### ACCEPTABLE SUBNET NUMBER: 38  #########################
          0.972627
 8
10
16
 3
 4
12
50
 7
 5
 8
44
22
 6
 1
46
28
29
32
           2.06152
          0.823456
          0.293858
          0.916764
          0.804225
           1.17627
          0.784772
           -1.4819
         -0.343715
          0.382939
          -1.18464
           1.29865
            1.6201
          0.821394
          0.903497
         -0.333031
         -0.458845
          -1.52956
         -0.369829
##################### ACCEPTABLE SUBNET NUMBER: 39  #########################
           2.97553
 8
33
50
11
14
15
 3
 2
43
10
21
46
22
34
20
13
37
29
32
19
           1.81843
           2.03686
          0.368978
          0.206177
           1.29923
        -0.0338888
          -1.21029
         0.0900286
          0.348021
          0.235906
         -0.559174
           1.15945
           1.04048
          -1.60623
         -0.549847
         -0.241385
         -0.903077
          0.138311
         -0.644647
          -1.90223
         -0.248417
##################### ACCEPTABLE SUBNET NUMBER: 40  #########################
           2.84244
 3
11
50
12
 6
21
22
 8
46
13
29
            1.3524
           1.31359
           1.77335
           1.33324
          -1.24986
         -0.413113
          0.944586
           1.14553
           1.99148
           1.89667
         0.0830562
          0.325606
##################### ACCEPTABLE SUBNET NUMBER: 41  #########################
           2.65329
 8
50
11
12
 5
 7
10
 3
24
 9
46
 8
25
21
48
47
31
13
29
           1.79992
           1.98597
          0.629261
           1.43986
         0.0427395
          0.340473
          -1.65886
          0.133333
          -1.09805
         -0.154558
           1.00499
           1.18636
           1.35769
          0.294495
          0.314392
          -1.41136
           1.11244
           -1.1259
         -0.395551
          0.617424
##################### ACCEPTABLE SUBNET NUMBER: 42  #########################
           1.62939
 8
17
50
 9
 3
33
 2
10
24
13
 8
26
44
38
36
25
19
30
39
41
46
29
20
          0.993664
          0.654805
         -0.326083
          -1.35451
           0.44126
          0.575106
         -0.429358
         -0.398551
         -0.398541
          -1.89236
          -1.00865
          0.664351
        -0.0223179
          0.646141
         -0.630757
          -1.84356
         -0.728304
          -0.33399
          -1.22901
          -1.10111
          -1.93847
         0.0187016
         -0.696704
         -0.189719
##################### ACCEPTABLE SUBNET NUMBER: 43  #########################
           1.56316
 5
 2
 5
33
12
10
 4
 6
44
28
25
          0.493898
         -0.287763
          -1.20439
          0.428594
        -0.0756142
        -0.0451509
          -0.21337
          -1.05618
          0.641011
          0.345407
         -0.112792
         -0.384322
##################### ACCEPTABLE SUBNET NUMBER: 44  #########################
           1.75477
 4
17
 7
10
15
 7
44
37
22
 8
19
39
13
           1.96551
           1.23265
          0.837877
           1.17266
          0.729088
          0.340001
         -0.422621
           1.42333
          0.061582
          -1.89168
           1.19461
         -0.893864
         -0.836892
         -0.236688
##################### ACCEPTABLE SUBNET NUMBER: 45  #########################
           2.78828
 5
16
14
 5
10
24
 5
13
45
28
26
25
          0.387532
         -0.305392
         -0.681345
         -0.201586
         -0.679681
          -0.34171
       -0.00376604
          -1.14226
         -0.129123
          -2.15443
         -0.874219
         -0.749539
         -0.289162
##################### ACCEPTABLE SUBNET NUMBER: 46  #########################
          0.751814
 3
 3
 7
16
 6
 1
41
22
 6
 8
28
          0.801569
         0.0162317
          0.362249
          0.572014
          -0.16955
          -2.14666
           1.12475
          0.717442
          0.802992
         -0.232021
         -0.295608
        0.00420559
##################### ACCEPTABLE SUBNET NUMBER: 47  #########################
           1.47668
 3
50
33
10
 2
 8
41
           1.41887
          0.529357
           -1.2043
         -0.249215
         -0.215369
         -0.147047
          0.144251
        -0.0431822
##################### ACCEPTABLE SUBNET NUMBER: 48  #########################
           1.79018
 5
16
17
10
 7
49
 3
30
 1
26
          0.413362
         -0.111873
         -0.827774
        -0.0927612
        -0.0728928
         0.0693617
          -1.90388
          -1.03041
          0.298239
          0.454725
          -1.49826
##################### ACCEPTABLE SUBNET NUMBER: 49  #########################
           2.48004
 4
16
 4
33
10
 1
21
          0.385953
         -0.224078
         -0.797979
         -0.174518
         -0.309935
         -0.616625
         0.0149215
         -0.730302
##################### ACCEPTABLE SUBNET NUMBER: 50  #########################
            1.2905
 8
50
16
10
33
 3
14
11
43
14
44
21
 1
34
20
31
 8
32
45
 6
29
23
13
47
            1.3865
          0.559972
          0.125079
           1.09094
          0.827785
         0.0238378
          0.793594
           0.34382
         -0.850456
         -0.163427
          0.430539
           1.46557
           1.21233
          0.398717
         -0.166319
          -0.89729
         -0.667075
         -0.151709
         -0.405239
          0.717467
          0.214868
        -0.0197479
           0.84772
          0.613595
          0.130109
##################### ACCEPTABLE SUBNET NUMBER: 51  #########################
           1.52758
 6
 3
11
 7
 5
24
14
 9
 1
41
13
45
19
23
 6
40
 8
              1.49
          0.352976
         -0.121398
          0.452579
          0.489909
        -0.0249101
          0.302415
          -1.82491
          0.331789
           1.26766
          0.391918
         0.0747392
         -0.286696
         -0.486024
         -0.113963
         -0.421469
          -1.61803
         -0.519904
##################### ACCEPTABLE SUBNET NUMBER: 52  #########################
          0.689472
 7
16
 3
 7
43
17
 9
10
 4
 1
 6
32
37
          0.684744
         -0.111511
         -0.787002
         -0.196585
         0.0506957
         -0.180668
          -0.12918
         -0.422006
          0.161654
          -1.35715
          0.547188
          0.504161
         -0.812649
         -0.452114
##################### ACCEPTABLE SUBNET NUMBER: 53  #########################
           2.56141
 3
16
 4
10
 6
25
 8
44
48
31
36
          0.864567
          0.495725
           -0.3539
        -0.0642066
        -0.0112829
          0.100734
       -0.00501778
         0.0316618
          0.186684
          -1.40804
         -0.343207
          -1.07325
##################### ACCEPTABLE SUBNET NUMBER: 54  #########################
           2.26157
 7
 3
17
10
 2
 7
 4
15
 4
 1
44
30
20
          0.728135
          0.317472
        -0.0528415
          0.267837
          -0.04083
         -0.106326
           1.04086
        0.00859174
          0.208414
        -0.0157826
          0.669469
          0.707033
        -0.0796672
          0.331162
##################### ACCEPTABLE SUBNET NUMBER: 55  #########################
           1.74986
 5
 4
33
17
 2
 7
 7
 8
32
13
34
41
40
31
           0.73879
          0.213854
          -0.11567
            1.0766
          0.734877
         -0.432492
         -0.768746
         -0.460292
           1.48405
          0.754256
         -0.479546
          0.891301
          -1.93223
         -0.710372
          -1.42923
##################### ACCEPTABLE SUBNET NUMBER: 56  #########################
           2.37359
 5
14
42
49
 5
 7
 5
22
 8
32
31
 6
           1.18089
          0.174139
        -0.0721848
          0.833376
          0.290775
         -0.367657
         -0.314964
          0.104177
           1.14847
            1.0627
         -0.271646
          -1.76369
          0.105744
##################### ACCEPTABLE SUBNET NUMBER: 57  #########################
           2.13367
 2
17
49
 4
 8
37
46
31
           1.37954
          0.807929
          0.185346
          0.451472
        -0.0895012
          0.126901
          0.619384
            0.4741
          -1.27562
##################### ACCEPTABLE SUBNET NUMBER: 58  #########################
           2.27491
 3
50
16
 9
20
 6
32
46
30
20
29
19
37
13
44
45
48
21
31
26
 8
41
 1
38
28
            1.8147
           1.67566
           1.14799
           1.91706
           1.44851
          0.471431
           1.59334
           1.75044
           1.38094
          -1.12307
        -0.0787616
           -1.3749
          0.397486
           2.00088
          -0.10412
          0.459594
          0.199271
         -0.052998
          0.892459
           1.14864
          -1.40671
          0.299324
         -0.624466
           1.46035
          -2.66242
           0.60641
##################### ACCEPTABLE SUBNET NUMBER: 59  #########################
           2.04787
 6
16
12
43
 7
 9
14
13
39
34
22
45
38
37
40
36
20
 6
 8
44
30
           1.33015
          -0.48655
          0.848058
           1.11495
           1.23949
          0.372047
           1.10482
         0.0796353
          0.624907
          0.154852
           1.71828
           1.89292
         -0.596999
           1.52171
           1.71152
        -0.0987412
          0.382038
         -0.504282
          0.118098
       -0.00484754
          0.814863
         -0.876158
##################### ACCEPTABLE SUBNET NUMBER: 60  #########################
           2.40452
 4
16
10
 7
33
 2
32
30
          0.748231
         -0.423224
           -1.3871
         -0.266497
        -0.0849739
         -0.739125
          -1.23577
         -0.176993
          0.302372
##################### ACCEPTABLE SUBNET NUMBER: 61  #########################
          0.903796
 9
17
50
15
16
 9
49
10
 2
24
 9
30
37
47
19
41
13
 8
48
34
           2.01391
           1.29542
           0.68295
          0.986206
          0.294291
          0.294698
         -0.737062
          0.617228
         -0.961925
         -0.216195
        0.00336694
        -0.0315897
          0.282477
             1.158
           1.00246
          0.963109
          0.989679
          0.128997
          -1.17946
          0.115449
          0.174786
##################### ACCEPTABLE SUBNET NUMBER: 62  #########################
            1.2162
 6
50
11
16
14
12
 4
10
 6
46
40
25
39
21
38
29
13
22
           1.71931
           1.25819
          0.156483
          0.877346
         -0.259346
         -0.973702
          -1.27814
         -0.651612
          0.403063
          0.988604
          0.881602
         -0.397706
         0.0718816
          -1.99784
          -1.05512
          -1.46417
           1.01945
          0.474174
          -1.34944
##################### ACCEPTABLE SUBNET NUMBER: 63  #########################
           1.74168
 7
 4
16
 7
17
42
12
 2
 6
37
29
13
31
39
34
           1.11668
          0.411576
          0.217006
           0.96163
          0.631247
           0.85742
         -0.280911
         -0.612526
         -0.593446
          0.792781
           1.22536
         0.0111939
          -1.96531
          0.332003
          -0.51706
           0.56233
##################### ACCEPTABLE SUBNET NUMBER: 64  #########################
           1.41216
 6
17
16
 7
 4
10
 3
 6
 6
44
20
47
30
31
           1.40141
          0.329397
         0.0627787
          0.387323
         0.0304418
         -0.728081
         -0.278999
         -0.506238
         -0.800234
          0.585857
          0.748456
         -0.588139
         -0.917019
         -0.825619
         -0.233023
##################### ACCEPTABLE SUBNET NUMBER: 65  #########################
           1.65493
 6
17
10
50
16
14
33
11
44
19
37
48
 8
 6
 1
25
13
21
31
           1.92116
           1.11244
           1.36734
           1.73908
           1.39226
         -0.101773
          0.454886
           0.26597
          -1.78444
           1.97439
           1.78963
           1.78544
          -1.64825
          0.964169
          0.154826
          -0.34712
          0.402933
         0.0536146
          0.453065
          -2.16235
##################### ACCEPTABLE SUBNET NUMBER: 66  #########################
           1.97575
 4
17
 4
50
11
 9
30
38
13
 8
44
39
29
31
48
           1.84362
           1.22218
          0.494548
          0.818622
         -0.232057
          -1.08688
           -1.3764
          0.756353
         -0.981408
         -0.462308
         -0.176239
           1.04394
        -0.0409402
         -0.330574
         -0.614119
           -1.5419
##################### ACCEPTABLE SUBNET NUMBER: 67  #########################
           1.25733
 1
 9
 1
 1
           0.45068
         0.0190573
         -0.238398
          0.341563
          0.536997
##################### ACCEPTABLE SUBNET NUMBER: 68  #########################
          0.971654
10
27
33
 9
17
15
24
11
14
 7
12
 6
44
 8
30
20
 6
29
            1.0968
          0.487191
           1.07321
           1.35122
           1.30166
          0.401621
           1.48922
          0.640703
         -0.948558
         -0.431684
          0.513695
         -0.820679
          0.270288
           1.76061
           1.69163
          -1.13963
         -0.437518
         -0.568315
          0.498283
##################### ACCEPTABLE SUBNET NUMBER: 69  #########################
           2.86621
 3
14
16
50
 3
 8
37
46
          0.359616
         -0.342526
          0.441823
           1.56607
         -0.172498
          -2.03726
           1.99603
         -0.247725
           1.00509
##################### ACCEPTABLE SUBNET NUMBER: 70  #########################
           2.37556
 1
 7
 9
46
 6
40
31
29
 1
 8
22
45
           2.07581
           1.65863
           1.45128
           1.51221
           1.70368
           1.45941
           1.53164
          0.884992
          0.907087
         0.0231952
           1.70647
          0.786915
          0.594764
##################### ACCEPTABLE SUBNET NUMBER: 71  #########################
           1.10845
 5
16
14
10
17
 4
 4
44
37
25
 6
          0.705253
         -0.156162
         -0.324353
          0.249936
           0.49761
          0.440365
          -1.04457
          0.306443
          0.738686
          0.689139
        -0.0425048
          0.796588
##################### ACCEPTABLE SUBNET NUMBER: 72  #########################
           2.42389
 4
10
 7
33
16
 5
 8
13
46
25
40
           1.88789
            1.1179
          0.378195
          0.492652
         -0.861872
         -0.427326
        0.00663478
          0.750665
           0.56635
          0.738289
         0.0696826
         -0.178059
##################### ACCEPTABLE SUBNET NUMBER: 73  #########################
           2.61448
 2
33
 4
 4
31
30
40
 6
           1.06016
           1.12454
         -0.306485
          0.131793
           0.20305
         -0.791741
         -0.303276
          0.150573
          0.147436
##################### ACCEPTABLE SUBNET NUMBER: 74  #########################
          0.743937
 3
 9
 7
10
11
31
 1
48
13
38
37
29
39
40
46
45
           0.61485
        -0.0124827
          -0.55473
          0.575215
        -0.0938324
       7.54705e-05
          0.347403
          0.768155
          0.229271
         -0.339373
         -0.319034
          -1.30895
          -1.54223
          -2.74385
         -0.213986
        -0.0613233
          0.253778
##################### ACCEPTABLE SUBNET NUMBER: 75  #########################
           1.76449
 2
17
 7
 6
36
 8
31
44
46
19
           1.53909
          0.815701
          0.554272
          0.881113
           0.23507
        -0.0121105
          0.945777
         0.0895673
           1.13239
         -0.494173
          -1.18178
----------Number of Acceptable Subnets found: 75 -----------
----------END FOR GENE 18 -----------
--------START FOR GENE 19 -----------
 Values arranged as error, n_ka, gene ids for ka, n_kd, gene ids for kd,
 r0, d, ea, ka_values, kd_values for each subnet. 
##################### ACCEPTABLE SUBNET NUMBER: 1  #########################
          0.716526
 5
40
 1
 2
31
32
 0
          0.202809
          0.187163
         -0.258971
         -0.781869
         -0.891431
          0.613526
         -0.273236
         -0.354511
##################### ACCEPTABLE SUBNET NUMBER: 2  #########################
           2.73363
10
38
23
24
22
26
27
30
29
31
41
 0
          -1.45545
         -0.900603
           0.15352
          0.139983
          -1.03904
         -0.602043
         -0.730546
           1.10515
         -0.504659
           0.22586
          0.224136
          0.294503
           1.11812
##################### ACCEPTABLE SUBNET NUMBER: 3  #########################
           2.45445
 1
 7
 0
         -0.812692
          -1.58955
          -1.30945
         -0.179374
##################### ACCEPTABLE SUBNET NUMBER: 4  #########################
          0.758309
 5
29
39
46
32
33
 0
          0.261968
          0.362462
         -0.662142
         0.0451861
         -0.548687
        -0.0235036
         -0.316603
         -0.672299
##################### ACCEPTABLE SUBNET NUMBER: 5  #########################
           1.09112
 1
22
 0
           1.06076
          0.461701
         -0.289699
         -0.290502
##################### ACCEPTABLE SUBNET NUMBER: 6  #########################
           1.35106
 1
45
 1
48
           2.31383
           1.67291
         -0.312297
         -0.300161
         -0.740931
##################### ACCEPTABLE SUBNET NUMBER: 7  #########################
            2.1106
 9
24
41
32
46
16
 7
 2
33
22
 2
34
50
          0.899781
           1.33026
           1.23314
           1.76581
           0.83258
          0.965369
          0.807636
          0.159758
            1.6337
          -0.71237
           0.60226
         -0.410493
           1.47835
          0.249106
##################### ACCEPTABLE SUBNET NUMBER: 8  #########################
           1.06198
 9
22
21
40
20
14
45
33
31
42
 0
           1.02302
          0.900318
         -0.155399
         -0.762728
         -0.726693
         -0.624672
         -0.155092
       -0.00501449
          -1.38459
          -1.12377
         -0.808489
          -2.14987
##################### ACCEPTABLE SUBNET NUMBER: 9  #########################
           1.13871
 8
 9
27
40
38
47
29
30
26
 1
11
           1.32727
           1.28362
         -0.133881
         -0.307603
        -0.0282398
         -0.579197
          -1.24863
         -0.789134
         -0.878321
         -0.588547
          -0.77077
         -0.251325
##################### ACCEPTABLE SUBNET NUMBER: 10  #########################
           2.29754
 3
14
20
 2
 5
12
18
 3
 4
 5
         0.0182454
          -1.51268
         -0.486673
          -1.03502
         -0.239433
         -0.706371
          0.651989
         -0.206264
          -1.44108
          -1.30528
          -1.44193
##################### ACCEPTABLE SUBNET NUMBER: 11  #########################
           1.67794
 7
 2
 7
 9
21
39
26
27
 1
25
          -1.55707
          -1.14262
          0.310517
         -0.871629
         -0.673773
          -1.30698
         -0.898298
          0.193781
          0.203314
         -0.337704
          0.559684
##################### ACCEPTABLE SUBNET NUMBER: 12  #########################
          0.907754
 5
35
 2
46
41
 7
 2
 6
43
          0.632629
          0.968827
          -0.27605
          0.305179
         -0.809855
         -0.366063
        -0.0397588
        0.00681772
          -1.21179
          -0.32222
##################### ACCEPTABLE SUBNET NUMBER: 13  #########################
           1.07168
 2
14
41
 0
           1.45628
           1.41355
         -0.128872
          0.055757
          -1.77343
##################### ACCEPTABLE SUBNET NUMBER: 14  #########################
           2.70973
 8
21
20
16
22
23
14
24
30
 4
17
15
18
13
          -1.48803
         -0.940512
          0.329808
          0.526599
          0.396228
          -1.06982
           -1.0699
          -1.06459
          -1.07759
            -1.079
          -0.60432
          -1.06491
          -1.07327
          -1.07686
          -1.07988
##################### ACCEPTABLE SUBNET NUMBER: 15  #########################
           2.72848
 1
46
 0
          -1.50839
         -0.945662
          0.650919
          -1.39417
##################### ACCEPTABLE SUBNET NUMBER: 16  #########################
           1.74791
 3
 1
41
33
 0
          0.207711
          0.573141
         0.0441747
          0.490082
         -0.517836
           -1.4687
##################### ACCEPTABLE SUBNET NUMBER: 17  #########################
           2.35921
 3
31
24
41
 0
         -0.893322
          -1.42436
         -0.622408
         -0.899996
          -2.57565
         -0.166071
##################### ACCEPTABLE SUBNET NUMBER: 18  #########################
           1.00582
 5
41
35
47
 1
21
 0
            1.4083
           1.74838
         -0.281922
         0.0138776
          0.308047
         -0.704221
          -1.74472
          -1.08409
##################### ACCEPTABLE SUBNET NUMBER: 19  #########################
          0.759082
 5
41
31
32
33
29
 0
         -0.399633
         -0.170592
          -0.68439
         0.0171258
         -0.211147
         -0.148121
          -0.14352
          0.145032
##################### ACCEPTABLE SUBNET NUMBER: 20  #########################
           2.72848
 3
31
27
14
 0
          -1.50926
         -0.945492
          -1.83186
           3.78025
         -0.182556
         -0.359146
##################### ACCEPTABLE SUBNET NUMBER: 21  #########################
          0.842661
 8
22
23
21
24
20
47
46
45
 2
25
34
         -0.490808
         -0.132777
         -0.293165
          0.565566
          0.380328
          0.580988
          0.382091
          0.169617
         -0.482206
         -0.522576
         -0.523004
          0.346167
          -1.49397
##################### ACCEPTABLE SUBNET NUMBER: 22  #########################
           2.72799
 4
33
22
39
26
 0
          -1.50679
         -0.943732
          0.653417
          -1.33672
          0.936711
           0.60667
           0.59898
##################### ACCEPTABLE SUBNET NUMBER: 23  #########################
          0.902351
 6
30
22
33
23
46
42
 0
          0.840264
           1.03669
         -0.713373
         -0.344168
          -1.27812
         -0.816273
          0.115989
         0.0233606
          -1.45885
##################### ACCEPTABLE SUBNET NUMBER: 24  #########################
           1.12824
 3
35
 2
41
 0
         -0.129958
          0.219185
         -0.327184
          0.354946
           0.57128
          -1.07253
##################### ACCEPTABLE SUBNET NUMBER: 25  #########################
           2.72473
 1
35
 0
        -0.0521176
         -0.922258
         -0.353945
         -0.834176
##################### ACCEPTABLE SUBNET NUMBER: 26  #########################
           0.74993
13
22
21
47
40
27
26
29
 1
 2
46
45
31
32
 3
25
34
50
        -0.0102887
          0.294393
          0.021125
        0.00871542
         -0.727013
          -1.27003
         0.0459271
          0.257391
         -0.944165
          0.203174
          -1.46052
          -0.23665
         -0.922282
      -0.000294733
         -0.392298
         -0.466147
          0.129595
          -1.23439
          -1.18734
##################### ACCEPTABLE SUBNET NUMBER: 27  #########################
          0.848355
 2
45
14
 1
25
         -0.905305
         -0.577168
          -2.33257
          0.467093
         -0.880162
          0.479577
##################### ACCEPTABLE SUBNET NUMBER: 28  #########################
           2.19991
 5
22
35
40
29
 1
 2
44
34
           1.58014
           1.93974
          0.896516
           1.32456
          -0.37143
          0.588129
          0.494533
        -0.0611876
           1.15625
         -0.909698
##################### ACCEPTABLE SUBNET NUMBER: 29  #########################
          0.817658
 2
40
29
 1
48
        -0.0806528
          0.259249
            1.3007
           1.63247
          0.992948
           1.51871
##################### ACCEPTABLE SUBNET NUMBER: 30  #########################
          0.755659
10
20
22
32
31
49
 2
41
46
33
21
 8
48
 8
34
50
15
12
11
36
           1.48875
           1.82353
           1.18694
           1.71971
          0.635828
         -0.770219
         0.0119146
          0.758792
         -0.173801
          -1.13459
           -2.1487
          0.420684
         -0.680113
            1.3671
         -0.447187
         -0.799194
         -0.926176
          -1.26549
          -0.49964
         -0.567399
          0.302422
##################### ACCEPTABLE SUBNET NUMBER: 31  #########################
            2.6569
 1
30
 1
 6
         -0.297097
          -1.03957
         -0.318229
          -1.41181
        -0.0434607
##################### ACCEPTABLE SUBNET NUMBER: 32  #########################
            1.5807
 0
 1
25
           2.28278
          -1.07391
         -0.934012
          0.284945
##################### ACCEPTABLE SUBNET NUMBER: 33  #########################
          0.745507
 7
21
24
38
49
26
20
41
 2
25
17
          0.122007
          0.144083
          -0.21823
         -0.570592
         -0.513311
         -0.719503
         -0.203628
         -0.676363
          0.107922
        -0.0749099
         -0.577828
         -0.708697
##################### ACCEPTABLE SUBNET NUMBER: 34  #########################
           2.71794
 1
 2
 0
          0.324423
         -0.945165
         -0.457056
         -0.825792
##################### ACCEPTABLE SUBNET NUMBER: 35  #########################
          0.359659
 2
14
16
 4
11
12
15
17
          0.617683
         -0.305963
         -0.357935
        -0.0483558
          -1.01313
          0.237711
          -2.05716
          -1.21057
         -0.553952
##################### ACCEPTABLE SUBNET NUMBER: 36  #########################
           1.14691
 1
35
 0
         -0.316666
          0.032774
         -0.618388
          0.370888
##################### ACCEPTABLE SUBNET NUMBER: 37  #########################
           2.70296
 0
 1
36
          -1.60507
          -1.08319
           0.75032
          0.673818
##################### ACCEPTABLE SUBNET NUMBER: 38  #########################
             1.196
 9
32
47
24
38
 9
33
21
39
26
 3
48
11
34
           0.72835
           1.07158
           1.45327
          0.751318
           1.66211
           1.67033
          0.911998
           1.44235
           1.13691
          0.130975
          -2.10347
         -0.512881
           1.63699
          0.409276
          0.316593
##################### ACCEPTABLE SUBNET NUMBER: 39  #########################
            1.0948
 1
29
 0
          0.258278
          0.428618
        -0.0542833
         0.0777754
##################### ACCEPTABLE SUBNET NUMBER: 40  #########################
           1.13167
14
 1
35
40
24
26
23
42
39
30
29
22
41
 7
32
 3
25
44
34
           1.20388
           1.57762
          0.555438
           1.28789
         -0.487373
         -0.444302
          -1.09232
          -1.14785
          0.917082
         -0.217063
         -0.223608
        -0.0363214
         -0.577886
          -1.70734
          -1.40459
          0.249177
          -1.14298
          0.746834
          0.717779
         -0.454746
##################### ACCEPTABLE SUBNET NUMBER: 41  #########################
          0.780367
 4
35
41
47
29
 0
        -0.0807271
          0.201595
         -0.217972
         -0.227805
         0.0535929
        -0.0933741
          0.242639
##################### ACCEPTABLE SUBNET NUMBER: 42  #########################
            2.7284
 3
35
31
30
 1
34
         -0.846769
         -0.943797
         -0.138351
          -1.02255
          -1.20577
          -1.20577
          -1.22545
##################### ACCEPTABLE SUBNET NUMBER: 43  #########################
           2.72233
 2
31
32
 0
           1.20954
         -0.973187
         -0.691948
          -1.38606
         -0.961599
##################### ACCEPTABLE SUBNET NUMBER: 44  #########################
          0.746901
 2
20
21
 2
25
17
         -0.210873
          -0.61123
         -0.213184
         -0.184286
         -0.963606
         0.0806437
         -0.937869
##################### ACCEPTABLE SUBNET NUMBER: 45  #########################
           2.72849
 0
 0
         -0.983359
         -0.945553
        -0.0932033
##################### ACCEPTABLE SUBNET NUMBER: 46  #########################
           1.71337
 8
32
29
46
41
23
 1
24
30
 2
44
17
          0.766244
           1.05974
          0.561402
         -0.679903
           1.41888
          0.690845
          0.951648
         -0.805706
          0.444494
          0.584182
          -0.66485
           1.26218
          0.694103
##################### ACCEPTABLE SUBNET NUMBER: 47  #########################
           2.72848
 1
 2
 0
         -0.142922
         -0.945202
         -0.336716
          -1.18568
##################### ACCEPTABLE SUBNET NUMBER: 48  #########################
           2.31644
 1
30
 1
12
         -0.746118
          -1.52365
         -0.420507
         0.0476874
          0.638703
##################### ACCEPTABLE SUBNET NUMBER: 49  #########################
          0.678398
 6
24
23
 7
 9
29
47
 4
25
 8
10
12
          0.174131
          0.104793
         -0.125487
          0.003079
         -0.648679
          -1.66584
          -1.92187
          -1.24136
         -0.174028
         0.0490502
         -0.244335
         -0.297729
          -1.98731
##################### ACCEPTABLE SUBNET NUMBER: 50  #########################
           2.72849
 0
 0
         -0.455568
         -0.947324
         -0.253919
##################### ACCEPTABLE SUBNET NUMBER: 51  #########################
          0.954536
 6
 2
42
35
45
 1
47
 3
25
34
 6
          0.388421
          0.752859
         -0.114381
          0.376975
          0.167307
          0.383823
         -0.842867
          0.642503
         -0.677199
           0.19347
         -0.317321
          -1.13474
##################### ACCEPTABLE SUBNET NUMBER: 52  #########################
           2.60053
 5
29
49
31
 7
20
 0
         -0.152696
         -0.900549
          -0.32369
          -1.66927
          -2.05328
         -0.565593
         -0.424856
          -2.43974
##################### ACCEPTABLE SUBNET NUMBER: 53  #########################
          0.824329
 3
29
46
47
 0
           1.09315
           1.37547
         -0.453921
          0.283562
         0.0463433
         -0.519238
##################### ACCEPTABLE SUBNET NUMBER: 54  #########################
           1.12935
 1
23
 0
          0.668667
          0.198823
         -0.255498
         -0.250105
##################### ACCEPTABLE SUBNET NUMBER: 55  #########################
           1.03971
 4
24
41
31
32
 1
 8
           1.34539
           1.25836
          -0.19965
          0.101651
         -0.196607
         -0.251532
          -1.34857
          0.100689
##################### ACCEPTABLE SUBNET NUMBER: 56  #########################
           1.16672
 5
22
27
29
30
35
 5
28
25
36
34
15
          -1.18908
          -0.83148
          0.571906
          0.342689
          0.936491
         -0.357841
         -0.422355
         -0.615761
         -0.450534
          0.955931
         -0.607987
         -0.580511
         -0.605801
##################### ACCEPTABLE SUBNET NUMBER: 57  #########################
           1.12685
 1
29
 0
         -0.159167
       0.000555522
        -0.0612476
         0.0511635
##################### ACCEPTABLE SUBNET NUMBER: 58  #########################
          0.705972
 4
45
41
40
24
 1
25
          0.474274
          0.524725
        -0.0890212
        -0.0968358
          -1.71407
         -0.139367
       -0.00703589
         0.0375499
##################### ACCEPTABLE SUBNET NUMBER: 59  #########################
           1.81179
 0
 1
25
          -1.56697
          -1.08011
          0.610156
          0.825878
##################### ACCEPTABLE SUBNET NUMBER: 60  #########################
           1.02089
 3
35
41
49
 0
            1.2856
           1.61828
          -1.03373
          0.326933
         0.0019318
          -1.42947
##################### ACCEPTABLE SUBNET NUMBER: 61  #########################
           1.52594
 1
40
 0
           1.53374
          0.710859
         -0.360947
         -0.356331
##################### ACCEPTABLE SUBNET NUMBER: 62  #########################
           2.72848
 0
 0
         -0.180793
         -0.945537
         -0.326934
##################### ACCEPTABLE SUBNET NUMBER: 63  #########################
           2.72845
 9
22
35
31
29
39
26
40
41
42
 5
34
36
28
25
18
          -1.50929
         -0.945505
           1.10285
           1.40652
          -1.28551
         -0.188875
         -0.188875
          -1.28551
         -0.188875
          -1.28551
          -1.28551
         -0.188875
          -1.28551
          -1.28551
          -1.28551
         -0.023875
         -0.188875
##################### ACCEPTABLE SUBNET NUMBER: 64  #########################
          0.626369
10
20
21
 2
47
35
23
22
45
29
33
 2
48
50
          0.422777
          0.514334
        -0.0483809
         -0.772066
         -0.205086
         -0.279308
         -0.464263
          -1.63071
        -0.0393113
          -0.35627
          -0.68487
         -0.171803
         -0.343565
       -0.00481417
         -0.325551
##################### ACCEPTABLE SUBNET NUMBER: 65  #########################
           2.72848
 3
41
26
38
 0
          -1.50927
         -0.945496
           1.63422
           2.61977
          0.763624
         -0.552132
##################### ACCEPTABLE SUBNET NUMBER: 66  #########################
          0.837646
 2
27
 7
 1
 5
           1.14268
          0.940941
         -0.192081
        -0.0969419
          -0.25663
         -0.354288
##################### ACCEPTABLE SUBNET NUMBER: 67  #########################
           1.00024
 5
46
35
22
32
49
 0
          0.630154
          0.400825
          -0.24159
         -0.219911
         -0.746633
         -0.149171
          -1.39156
          -1.83599
##################### ACCEPTABLE SUBNET NUMBER: 68  #########################
           2.38694
 1
41
 0
          -1.57932
          -1.40143
          -1.05666
          0.077234
##################### ACCEPTABLE SUBNET NUMBER: 69  #########################
          0.849094
12
29
31
20
21
30
 2
33
38
35
45
 7
42
 1
25
         -0.143098
          0.192105
        -0.0141134
        0.00683471
          -1.31392
          -1.78169
         -0.717775
          -1.72354
         -0.344188
          -1.45425
          -1.74382
          0.318137
         -0.107757
          -1.35783
          -1.64931
         0.0609725
##################### ACCEPTABLE SUBNET NUMBER: 70  #########################
           2.72848
16
31
35
33
32
38
30
39
29
27
40
26
41
24
23
42
22
 0
          -1.50926
         -0.945494
         -0.582738
           3.74068
          0.617621
          0.617621
          0.617621
           -1.3618
          0.617621
           -1.3618
          0.617621
          0.617621
           -1.3618
          0.617621
          0.617621
           -1.3618
          0.617621
           -1.3618
          0.617621
##################### ACCEPTABLE SUBNET NUMBER: 71  #########################
          0.728378
 3
22
20
23
 1
48
         -0.174922
        -0.0238056
       -0.00256916
         -0.183072
          -1.01289
        0.00771608
         0.0823448
##################### ACCEPTABLE SUBNET NUMBER: 72  #########################
           2.72848
 1
35
 0
          -1.50915
         -0.945566
          0.831054
         -0.297298
##################### ACCEPTABLE SUBNET NUMBER: 73  #########################
           2.72848
 1
35
 0
          -1.50929
         -0.945524
           1.07489
            -1.366
##################### ACCEPTABLE SUBNET NUMBER: 74  #########################
           1.08184
 5
14
41
33
47
45
 1
12
           0.76721
          0.835021
        -0.0925871
          0.114772
         -0.598024
         -0.850848
          -1.85566
          -1.85569
         -0.493106
##################### ACCEPTABLE SUBNET NUMBER: 75  #########################
           1.23015
 5
31
29
26
41
33
 2
36
11
          -0.52623
         -0.783631
         -0.563653
         -0.357495
           0.15465
          -1.07373
         -0.101983
         -0.723583
         0.0626705
          0.251813
----------Number of Acceptable Subnets found: 75 -----------
----------END FOR GENE 19 -----------
