File open successful. It contains: 
Finished reading file, will close now.
File x_dt open successful.
Finished reading file x_dt, will close now.
File sd_d open successful.
Finished reading file sd_d, will close now.
--------START FOR GENE 21 -----------
 Values arranged as error, n_ka, gene ids for ka, n_kd, gene ids for kd,
 r0, d, ea, ka_values, kd_values for each subnet. 
##################### ACCEPTABLE SUBNET NUMBER: 1  #########################
           1.35937
 7
 5
23
10
25
15
13
49
 1
 9
           1.22743
           1.04515
         -0.177645
        0.00377811
         0.0660314
         -0.457463
         -0.116731
          -2.04778
         -0.391439
         -0.325948
          0.408247
##################### ACCEPTABLE SUBNET NUMBER: 2  #########################
           2.70794
11
14
22
 7
 8
 5
10
24
23
37
25
39
 4
46
 3
 9
50
          0.652006
          0.497394
          0.961925
         -0.318686
          -1.39612
           0.11732
         0.0235971
          0.587676
           0.57147
          -1.11927
         -0.793957
          0.320222
          -2.01395
          0.337937
           1.17599
          0.572654
           1.19389
          -1.11276
##################### ACCEPTABLE SUBNET NUMBER: 3  #########################
          0.999881
 4
19
25
13
49
 1
27
           2.44338
           1.56134
         -0.410124
         0.0632011
         -0.276642
         -0.319918
         -0.306224
          0.315402
##################### ACCEPTABLE SUBNET NUMBER: 4  #########################
             2.446
 2
13
 5
 0
           2.26001
           1.75133
         -0.268244
         -0.256723
         -0.160702
##################### ACCEPTABLE SUBNET NUMBER: 5  #########################
           2.11857
10
31
43
47
35
13
42
 1
29
10
34
 1
46
           1.74631
           1.76596
          0.754614
          0.996426
           1.11617
           1.49613
          0.444943
          0.345928
          0.272241
        -0.0395542
         0.0219722
          -1.17413
          0.733709
           1.47496
##################### ACCEPTABLE SUBNET NUMBER: 6  #########################
           2.39934
 0
 1
46
           0.82676
          0.752537
          0.908837
           1.09573
##################### ACCEPTABLE SUBNET NUMBER: 7  #########################
           2.41799
 4
19
 5
34
 7
 3
38
 9
 2
           2.57969
           2.10807
         -0.258278
         -0.238875
         -0.148955
         -0.553734
          -1.75422
           -1.5581
         -0.228767
         -0.894386
##################### ACCEPTABLE SUBNET NUMBER: 8  #########################
           1.82303
 9
43
47
26
34
28
32
 6
44
39
 2
27
46
            1.6574
           1.66889
          -0.22597
           1.13356
        -0.0915411
          0.446936
          0.312893
         -0.110543
           0.41846
          -2.30467
          -1.46513
          -1.66665
         -0.840419
           1.01602
##################### ACCEPTABLE SUBNET NUMBER: 9  #########################
           2.31444
 4
25
47
49
17
 1
46
           1.13381
           1.06001
           1.28159
           1.17167
          0.608562
          0.857167
         -0.907995
           1.47915
##################### ACCEPTABLE SUBNET NUMBER: 10  #########################
           2.66596
 5
29
25
24
26
19
 0
           1.29366
           0.76046
         -0.905969
          -0.10835
         -0.307506
          -1.13539
         -0.243876
          -2.23088
##################### ACCEPTABLE SUBNET NUMBER: 11  #########################
           1.29059
 3
47
28
49
 4
 9
27
46
16
           2.07845
           1.59457
          -0.20845
        -0.0940993
          -1.45542
           -0.3076
          0.239804
         -0.993228
         0.0719109
         -0.756103
##################### ACCEPTABLE SUBNET NUMBER: 12  #########################
          0.717484
 2
 5
48
 3
 9
 2
38
            1.6755
           0.91749
         -0.302121
         -0.128337
         -0.999387
          0.297336
          0.623847
          -1.57233
##################### ACCEPTABLE SUBNET NUMBER: 13  #########################
          0.898024
15
 5
47
44
32
43
19
20
42
26
15
48
 6
25
14
49
 5
46
16
 2
 9
 3
           1.77013
           1.69709
           1.05718
           1.15418
           1.07356
          -1.32649
          0.605725
         -0.169767
         -0.470063
         -0.294943
          -1.43359
         -0.366547
         -0.163613
          0.716012
          0.328334
          0.756563
         -0.377678
          0.918967
           1.26203
           1.06281
            1.6831
          0.545673
          0.922889
##################### ACCEPTABLE SUBNET NUMBER: 14  #########################
           2.28271
11
49
44
24
28
 6
42
 8
48
17
37
34
 2
46
36
           1.05247
            1.0031
           1.00414
          0.937314
         -0.866333
         -0.959204
          0.185561
          0.326303
          -1.39107
          0.379614
         -0.500193
          -1.84593
         -0.537219
         0.0748027
           1.19105
          0.709737
##################### ACCEPTABLE SUBNET NUMBER: 15  #########################
          0.683529
10
47
29
14
49
42
25
48
12
13
 5
 3
36
 2
46
           1.62163
          0.971092
         -0.351747
         -0.175794
        0.00324081
          -1.02768
         -0.896316
          -1.71567
          -0.31001
         -0.919447
          -1.76515
          -1.37019
           -2.2102
          0.173707
          0.569201
         -0.702776
##################### ACCEPTABLE SUBNET NUMBER: 16  #########################
           1.93203
12
49
28
 6
44
33
42
22
13
10
37
31
 7
 1
30
           1.01132
          0.642631
         -0.346524
        -0.0219325
         -0.925664
         -0.492224
          -2.44806
         -0.685826
         -0.461524
         -0.822051
         -0.382206
         -0.475103
         -0.848193
         -0.875183
         -0.332211
          0.206756
##################### ACCEPTABLE SUBNET NUMBER: 17  #########################
           2.16794
 6
47
48
19
34
13
33
 0
             1.595
           1.13202
         -0.303191
         -0.235399
         -0.305135
         -0.133654
          -1.30569
          -2.22634
          -1.32863
##################### ACCEPTABLE SUBNET NUMBER: 18  #########################
          0.598698
 6
47
 5
29
39
 7
33
 2
 2
 9
           1.59323
          0.981343
         -0.290015
         -0.173011
         -0.624945
         -0.112872
         -0.681429
          -1.51321
         -0.770844
          0.659089
          0.267524
##################### ACCEPTABLE SUBNET NUMBER: 19  #########################
           2.33563
 2
 5
26
 0
           2.72656
           1.61629
         -0.426213
         -0.310751
         -0.733847
##################### ACCEPTABLE SUBNET NUMBER: 20  #########################
           1.81772
 4
47
19
 8
48
 2
11
 2
           1.51599
           1.05279
         -0.388486
         -0.123068
         0.0741175
          -1.70515
         -0.269533
          0.147156
          0.161959
##################### ACCEPTABLE SUBNET NUMBER: 21  #########################
           1.58367
 4
 5
26
23
 1
 0
           1.65244
           1.03685
         -0.534657
         -0.143684
         -0.275166
         -0.442509
          -2.82862
##################### ACCEPTABLE SUBNET NUMBER: 22  #########################
           2.92808
 1
 5
 1
 9
           1.33001
          0.945284
         -0.243466
         -0.078947
         -0.630089
##################### ACCEPTABLE SUBNET NUMBER: 23  #########################
           1.82865
13
22
43
12
15
37
 7
31
14
47
13
26
10
39
 2
46
 2
           1.79657
           1.80391
           1.09596
         0.0832279
           1.48472
         -0.565217
          0.521764
          0.107403
          0.690899
          -1.27931
        -0.0137855
         -0.483908
         -0.122301
         -0.609012
         -0.886366
         -0.670943
           1.39777
           1.19292
##################### ACCEPTABLE SUBNET NUMBER: 24  #########################
           1.57377
 5
17
47
44
 8
 6
 1
46
           1.16313
           1.15944
           0.64593
          0.269641
          0.793492
         -0.532755
        -0.0531224
         -0.513918
          0.870433
##################### ACCEPTABLE SUBNET NUMBER: 25  #########################
           2.36607
 2
22
40
 1
46
           1.01431
          0.857928
          0.103283
        -0.0257826
         -0.628708
           0.30542
##################### ACCEPTABLE SUBNET NUMBER: 26  #########################
           1.21293
10
29
49
42
25
10
 6
44
 8
 1
48
 4
30
36
 9
50
          0.928847
          0.472436
         -0.508828
          0.360105
          0.137992
         -0.465016
         0.0262096
         -0.751873
          -2.35599
         -0.299925
         -0.854699
         -0.575437
         -0.872419
            0.5544
          0.472313
          0.153463
         -0.218381
##################### ACCEPTABLE SUBNET NUMBER: 27  #########################
          0.743922
 8
19
 6
33
29
39
10
22
48
 2
 2
30
           1.58029
           1.15941
         -0.186738
         0.0299439
          -1.52718
          -1.09845
         -0.546324
         -0.546065
          -0.58031
          -1.48769
         -0.219588
          0.744235
          0.073814
##################### ACCEPTABLE SUBNET NUMBER: 28  #########################
           2.40125
 5
13
14
44
49
47
 2
46
 9
          0.951668
          0.879826
           1.12289
          -1.72836
          0.136271
        -0.0962435
          -1.05568
          -1.10737
           1.30707
           -1.2045
##################### ACCEPTABLE SUBNET NUMBER: 29  #########################
           2.39109
 5
35
43
29
 6
13
 2
46
11
          0.862275
          0.790171
          0.557985
         -0.467934
          -2.52657
          -1.59342
         0.0253281
          -1.49992
          0.742489
         -0.771198
##################### ACCEPTABLE SUBNET NUMBER: 30  #########################
          0.716525
 4
13
 5
26
 8
 2
 2
46
           1.34888
          0.966789
         -0.715492
         -0.295124
        -0.0279378
         -0.155177
          -1.09835
          0.535286
        -0.0199452
##################### ACCEPTABLE SUBNET NUMBER: 31  #########################
           1.53445
10
22
47
 5
28
48
43
19
44
49
32
 1
 9
           1.92036
           1.06134
         -0.362306
         -0.909438
         -0.535682
          -0.22137
         -0.836809
         -0.532408
          -1.30471
           -1.5559
         -0.573647
          -1.30888
         -0.812134
          0.227959
##################### ACCEPTABLE SUBNET NUMBER: 32  #########################
           2.46659
 4
19
20
 5
31
 0
           1.86409
           1.04624
         -0.351194
         -0.411297
         -0.924412
           -0.2472
          -2.08169
##################### ACCEPTABLE SUBNET NUMBER: 33  #########################
           1.41087
 7
19
47
33
42
32
 1
10
 2
46
27
           1.23819
          0.881445
         -0.963011
        -0.0847854
         -0.139897
          -0.69267
         -0.813294
         -0.224529
          -1.51221
          -1.62407
         -0.690161
         -0.415974
##################### ACCEPTABLE SUBNET NUMBER: 34  #########################
           1.31971
 4
23
26
32
31
 2
 2
50
           2.35705
           1.52449
         -0.537581
         -0.152009
         -0.804666
         -0.299161
         -0.505331
          0.649342
         -0.909363
##################### ACCEPTABLE SUBNET NUMBER: 35  #########################
           2.17805
 2
22
 5
 1
36
           2.23729
           1.40821
         -0.348586
         -0.244341
         -0.177187
         0.0646444
##################### ACCEPTABLE SUBNET NUMBER: 36  #########################
           1.39465
 6
31
 5
 6
32
44
14
 0
            1.2612
          0.658866
         -0.874348
          -1.09228
         -0.133571
         -0.828484
         -0.270461
          -1.94595
          -1.19459
##################### ACCEPTABLE SUBNET NUMBER: 37  #########################
           1.24234
 7
48
 5
32
43
44
19
15
 1
11
            2.8742
           2.19203
         -0.475588
         -0.619054
         -0.177666
         -0.313186
         -0.995167
          -1.11559
         -0.373268
          -1.15327
          -2.22662
##################### ACCEPTABLE SUBNET NUMBER: 38  #########################
            1.3968
 3
12
47
48
 3
46
30
 3
            2.7169
           1.06801
         -0.517662
          -2.21557
          -0.44668
          -1.49687
         0.0320829
         -0.177985
           -2.5433
##################### ACCEPTABLE SUBNET NUMBER: 39  #########################
           2.50442
 3
20
 5
25
 0
           2.06862
           1.42086
         -0.306199
         -0.749657
         -0.174888
          -1.94787
##################### ACCEPTABLE SUBNET NUMBER: 40  #########################
          0.918542
 6
32
19
42
48
47
44
 3
36
 2
46
           1.51132
           1.04517
         -0.858743
           -0.2873
         0.0130944
         -0.342073
          -0.31119
         -0.156725
          -0.93193
          0.108303
          0.193531
          -1.76142
##################### ACCEPTABLE SUBNET NUMBER: 41  #########################
           0.68015
 6
13
48
47
25
32
31
 3
 2
27
 3
           1.60703
          0.921643
         -0.418493
        -0.0599329
         -0.339033
         -0.385534
          -1.56176
         -0.302033
          -1.32322
          0.684634
        -0.0139148
          -0.43219
##################### ACCEPTABLE SUBNET NUMBER: 42  #########################
           1.40259
12
24
43
 5
22
23
39
35
47
37
14
33
 1
 4
30
46
16
 2
          0.712183
           0.70245
         -0.589777
          -1.75742
          0.451359
          0.218978
          -1.02825
          0.298719
         -0.816652
          -1.54121
         -0.323019
         -0.162365
         -0.722033
          -1.22408
         -0.309003
          0.441259
          0.313201
        -0.0123448
          -1.82271
##################### ACCEPTABLE SUBNET NUMBER: 43  #########################
          0.555551
 5
23
 5
47
32
15
 2
46
 2
           2.41047
           1.70052
         -0.210064
         -0.157152
          -1.68922
         -0.226772
           -2.9332
          -1.02073
          0.094984
          0.701872
##################### ACCEPTABLE SUBNET NUMBER: 44  #########################
           2.36016
 3
 5
49
42
 1
46
           2.58779
           1.39396
         -0.448116
         -0.332425
          -1.21246
          -1.19043
         -0.506309
##################### ACCEPTABLE SUBNET NUMBER: 45  #########################
           1.30377
 3
 5
32
43
 0
            1.3939
          0.821287
          -0.64406
         -0.123817
         -0.264293
            -2.018
##################### ACCEPTABLE SUBNET NUMBER: 46  #########################
           1.28822
15
47
44
 1
43
35
32
34
19
14
37
 5
39
49
33
22
 2
46
36
           1.22619
           1.22206
          -0.27075
          0.498969
          0.292021
        -0.0669199
           0.49238
          -1.35898
          0.347667
         -0.900206
          0.610639
         -0.176776
           0.09387
         -0.848139
          -1.17244
          -1.20303
         -0.951879
         -0.935172
           0.57981
          0.386218
##################### ACCEPTABLE SUBNET NUMBER: 47  #########################
          0.478571
 5
19
32
14
 6
47
 2
27
 2
           1.36682
          0.792848
          -1.03055
         -0.120726
         -0.270319
          -2.09655
          -2.16801
         -0.193582
          -0.41234
          0.582636
##################### ACCEPTABLE SUBNET NUMBER: 48  #########################
           2.41063
 8
47
13
23
22
48
31
 8
32
 0
            1.4595
           1.21628
         -0.247108
         -0.148776
        -0.0337322
          -0.34196
          -1.35209
         -0.248432
          -1.20807
          -2.18263
         -0.822032
##################### ACCEPTABLE SUBNET NUMBER: 49  #########################
           1.57418
 3
47
32
26
 1
46
            0.9772
          0.966502
          0.495115
          0.631126
         -0.198077
          0.216692
          0.721657
##################### ACCEPTABLE SUBNET NUMBER: 50  #########################
           1.51318
10
44
 8
26
47
32
 5
24
22
34
31
 6
46
 9
16
 2
 3
38
           1.03678
           1.01363
          0.721791
         -0.178077
          -1.69225
         -0.111271
          0.857155
          0.108913
         -0.128813
          -1.00296
          -1.75689
         -0.443145
           0.22533
          0.945682
          0.924944
         -0.985904
          0.868459
          -1.48299
          -1.21988
##################### ACCEPTABLE SUBNET NUMBER: 51  #########################
           1.83474
11
37
31
29
 5
20
25
42
35
44
15
47
 1
30
          0.880134
          0.867507
         -0.217618
         -0.229277
         -0.852282
          0.270233
          -1.32327
          0.363834
         -0.695321
          -1.26874
       -0.00995269
         -0.927566
          -1.44088
           -1.0998
          0.303031
##################### ACCEPTABLE SUBNET NUMBER: 52  #########################
           1.85246
 7
 8
25
43
47
 7
19
20
 3
46
16
 2
           1.38008
           1.39402
           1.00018
         -0.731488
          0.419708
           1.60009
           1.02187
          0.634284
           1.09449
          0.487895
           1.48565
          -1.33702
         -0.823691
##################### ACCEPTABLE SUBNET NUMBER: 53  #########################
           1.63968
 5
29
25
43
47
 8
 4
30
 9
 2
11
           1.05905
          0.849632
         -0.228481
         0.0159413
         -0.148614
        -0.0143501
          -0.82293
          -1.06921
          0.117501
        -0.0763647
          0.199896
          -2.21111
##################### ACCEPTABLE SUBNET NUMBER: 54  #########################
            1.8369
 5
23
25
32
 5
29
 3
27
 9
11
           1.61798
           1.06267
          -1.01048
         -0.110966
          -0.36074
         -0.248299
         -0.579111
         -0.942284
         -0.277931
         -0.275649
          -2.37983
##################### ACCEPTABLE SUBNET NUMBER: 55  #########################
          0.760207
 3
29
25
32
 2
 2
50
            1.7003
           1.16879
         -0.850849
        -0.0470161
          -0.29379
         -0.218539
          0.656906
          -2.03483
##################### ACCEPTABLE SUBNET NUMBER: 56  #########################
           1.80831
10
29
48
22
32
37
14
25
47
 5
35
 0
           1.74162
           1.20778
         -0.430198
         -0.117159
         -0.296231
         -0.834485
         -0.304337
         -0.535422
          -1.18648
          -1.52306
         -0.675746
         -0.755442
           -1.0563
##################### ACCEPTABLE SUBNET NUMBER: 57  #########################
           1.78379
 4
13
26
47
29
 0
           1.35065
          0.919178
         -0.959182
         -0.124861
         -0.243065
         -0.155371
          -1.04185
##################### ACCEPTABLE SUBNET NUMBER: 58  #########################
           2.03082
11
22
42
 5
13
35
34
37
17
44
40
48
 6
46
 9
 3
16
 4
50
           1.18443
          0.889411
          0.736204
          -1.04154
          0.730153
          0.113212
       -0.00414857
         -0.105492
         0.0606197
          0.565007
           -1.6002
         -0.342381
         -0.569633
         -0.708848
           1.00232
           1.14907
        -0.0374534
         -0.298493
         -0.434359
         -0.166105
##################### ACCEPTABLE SUBNET NUMBER: 59  #########################
          0.612733
10
44
40
15
31
47
22
24
43
29
42
 6
46
16
 3
27
 2
 9
           1.71411
           1.64549
           1.35509
         -0.323671
           1.07532
          -1.34586
          -1.90912
           1.50534
          0.157129
         -0.185802
         -0.349274
           1.04322
           -1.0039
           1.58031
           1.37026
          0.437014
         -0.641533
           2.03175
          -2.40536
##################### ACCEPTABLE SUBNET NUMBER: 60  #########################
          0.614494
 4
19
26
47
32
 4
36
 3
 2
16
           1.51005
           1.03525
         -0.499907
        -0.0924141
         -0.944289
         -0.176658
         -0.248683
         -0.388652
         -0.631637
          0.559232
          -1.45987
##################### ACCEPTABLE SUBNET NUMBER: 61  #########################
          0.656527
 5
13
32
 5
24
15
 1
 2
           1.68802
           1.37798
         -0.565899
         -0.100181
         -0.182879
        -0.0535567
         -0.936965
          -2.67732
          0.538874
##################### ACCEPTABLE SUBNET NUMBER: 62  #########################
           1.23403
 7
47
13
15
32
19
22
44
 2
46
16
            1.3704
            1.2987
         -0.155134
          0.111498
         -0.117752
            -1.037
        -0.0784487
         0.0473642
         -0.485761
         -0.986784
          0.153576
         -0.118526
##################### ACCEPTABLE SUBNET NUMBER: 63  #########################
            2.5921
 2
19
 5
 0
           1.52389
          0.983188
         -0.279938
         -0.324587
         -0.157273
##################### ACCEPTABLE SUBNET NUMBER: 64  #########################
           2.65106
 9
19
49
48
32
40
 6
25
44
43
 2
 2
27
           1.77431
           1.25146
         -0.354318
        -0.0478639
         -0.662141
          -1.50978
         -0.283308
         -0.455135
          -1.30756
          -1.01923
           -1.6348
         -0.323904
          -1.62048
          0.018467
##################### ACCEPTABLE SUBNET NUMBER: 65  #########################
           2.32773
 6
 5
37
13
43
32
31
 1
27
           2.45912
           1.41714
         -0.410629
         -0.278689
          -1.26933
          -1.59622
           -0.8285
          -1.04806
          -1.04806
         -0.215563
##################### ACCEPTABLE SUBNET NUMBER: 66  #########################
            1.5779
 4
47
34
32
 5
 3
46
27
16
          0.979329
          0.972425
          0.745245
          0.879159
            -1.582
          -1.16005
          -1.39103
          0.966659
          -1.97061
          0.400457
##################### ACCEPTABLE SUBNET NUMBER: 67  #########################
          0.560605
 5
28
32
47
25
13
 2
46
 2
           1.09873
          0.794902
         0.0563457
         -0.475372
         -0.709268
          0.108784
         -0.339656
         -0.712493
          0.329686
           0.79403
##################### ACCEPTABLE SUBNET NUMBER: 68  #########################
           1.92567
 7
15
10
33
26
43
22
23
 1
46
           1.18222
           1.18567
          0.702074
          0.371023
          0.200906
         -0.600002
          -1.11298
           1.02774
          0.506194
          0.362411
           0.96398
##################### ACCEPTABLE SUBNET NUMBER: 69  #########################
           2.35369
10
19
49
15
12
44
31
13
 1
42
37
 1
46
           1.22355
           1.22984
           1.06494
           1.15678
          0.785361
          -1.35269
           0.87263
          -2.34769
         -0.431743
          0.390421
         -0.619912
         0.0396785
          -0.43293
           1.22473
##################### ACCEPTABLE SUBNET NUMBER: 70  #########################
           2.15465
 5
23
49
42
25
19
 1
46
           1.54557
           1.10993
         -0.118546
         -0.142232
         -0.767237
         -0.676487
         -0.238973
         -0.940264
          0.143889
##################### ACCEPTABLE SUBNET NUMBER: 71  #########################
           2.39073
 1
40
 1
46
           1.11189
          0.821432
         0.0461609
         -0.936816
           0.28468
##################### ACCEPTABLE SUBNET NUMBER: 72  #########################
           2.64514
 6
32
13
14
22
20
15
 0
            1.6193
           1.56163
         -0.840552
         -0.087477
          0.163051
          -0.82987
         -0.908664
         -0.428007
         -0.935838
##################### ACCEPTABLE SUBNET NUMBER: 73  #########################
           1.40407
 6
 5
39
37
32
31
33
 1
46
           1.30399
           0.72022
         -0.574009
         -0.130893
          -2.28361
          -2.30272
         -0.268815
         -0.638115
          -1.05435
         -0.655328
##################### ACCEPTABLE SUBNET NUMBER: 74  #########################
           5.07698
 1
13
 0
           1.06071
          0.552087
          -0.26128
         -0.130049
##################### ACCEPTABLE SUBNET NUMBER: 75  #########################
           3.73703
 2
43
23
 0
           2.05553
           1.13268
         -0.367327
         -0.954047
         -0.261156
----------Number of Acceptable Subnets found: 75 -----------
----------END FOR GENE 21 -----------
