File open successful. It contains: 
Finished reading file, will close now.
File x_dt open successful.
Finished reading file x_dt, will close now.
File sd_d open successful.
Finished reading file sd_d, will close now.
--------START FOR GENE 9 -----------
 Values arranged as error, n_ka, gene ids for ka, n_kd, gene ids for kd,
 r0, d, ea, ka_values, kd_values for each subnet. 
##################### ACCEPTABLE SUBNET NUMBER: 1  #########################
           1.15755
13
43
10
11
12
28
44
22
23
35
32
25
45
29
 4
42
41
47
 4
           1.44744
           1.65769
           0.58523
           1.26756
          0.303007
         -0.276242
         0.0932912
           1.31581
          0.668893
          0.562437
          0.219666
          -1.43415
         -0.764356
         0.0127404
          -0.46084
        -0.0859228
           1.04829
           1.18845
         -0.247302
          0.046045
##################### ACCEPTABLE SUBNET NUMBER: 2  #########################
           1.71843
 1
23
 0
           1.09496
           1.41886
         -0.338811
          0.476542
##################### ACCEPTABLE SUBNET NUMBER: 3  #########################
           1.85554
14
28
27
29
25
48
36
 7
43
16
50
46
 5
19
35
 2
26
40
          0.993552
             1.333
          0.608415
          0.640445
          0.147737
         0.0954463
          0.830562
         -0.183352
         -0.284034
          -1.71512
         -0.462907
          -1.06777
          -0.84389
         -0.619926
         -0.919519
         -0.472332
         -0.658804
          0.727406
         -0.565804
##################### ACCEPTABLE SUBNET NUMBER: 4  #########################
           1.89981
 1
 2
 0
          0.391266
         -0.911139
         -0.569114
         -0.445469
##################### ACCEPTABLE SUBNET NUMBER: 5  #########################
          0.668119
10
25
11
12
13
14
 2
 3
 5
35
27
 3
26
 6
42
           1.02901
            1.2452
          0.122176
          -0.93784
           0.46949
          0.462732
          0.347568
          0.652997
         -0.659786
         -0.651147
          -1.73768
         -0.943006
          0.201773
          0.284208
          0.485396
          -2.17299
##################### ACCEPTABLE SUBNET NUMBER: 6  #########################
           1.71142
 2
39
19
 2
18
15
          -1.54512
          -1.02386
          -1.69501
         0.0231287
          -1.25399
          0.203255
          0.173594
##################### ACCEPTABLE SUBNET NUMBER: 7  #########################
          0.732294
 8
22
13
31
 2
20
19
25
 7
 1
49
          0.534509
          0.579487
          -0.16137
           -0.1601
          0.227272
         -0.274898
        -0.0194204
         0.0346157
        -0.0761726
         0.0712248
          -1.30671
          0.192859
##################### ACCEPTABLE SUBNET NUMBER: 8  #########################
          0.902088
13
31
29
 1
48
32
 5
44
16
35
19
 8
37
10
 2
26
18
           1.10974
            1.3921
           1.06612
           0.12621
          0.252973
         -0.260856
           1.39947
          0.598681
          -1.43082
           0.42843
          -1.80054
         -0.379767
          0.957138
         -0.150627
           -1.2559
          0.241509
           1.37156
         -0.281504
##################### ACCEPTABLE SUBNET NUMBER: 9  #########################
           1.86558
 0
 1
49
           1.07333
         -0.979937
         -0.763314
        -0.0598626
##################### ACCEPTABLE SUBNET NUMBER: 10  #########################
           1.78383
 1
25
 2
34
26
          0.582095
         -0.936364
          -0.65037
           -0.5934
         -0.710122
         -0.721517
##################### ACCEPTABLE SUBNET NUMBER: 11  #########################
           2.24785
17
22
20
23
25
16
 8
10
 7
12
39
 3
44
29
28
19
27
35
 1
41
            1.3049
           1.57923
           1.01787
          -1.31867
           0.33788
          -1.44614
          -1.50679
          0.452235
         -0.257371
         -0.635775
         -0.316604
         -0.359321
        -0.0511032
         -0.918933
         -0.326822
         -0.821593
          -1.32124
          -1.04657
         -0.861282
         -0.932202
           1.16585
##################### ACCEPTABLE SUBNET NUMBER: 12  #########################
           0.58061
 4
16
19
20
 2
 0
          0.906176
            1.1434
         -0.338069
         0.0486349
          0.315751
        -0.0295802
          -1.94715
##################### ACCEPTABLE SUBNET NUMBER: 13  #########################
           1.86537
 2
23
43
 0
         -0.535266
         -0.940715
         -0.348334
         -0.472204
          -1.09139
##################### ACCEPTABLE SUBNET NUMBER: 14  #########################
            1.8677
 1
25
 0
         0.0407831
         -0.959079
         -0.502663
          -2.30607
##################### ACCEPTABLE SUBNET NUMBER: 15  #########################
          0.685773
 7
12
48
 2
13
29
11
 8
 1
15
          0.953904
          0.905658
         -0.219822
         0.0873641
         -0.197126
          0.211459
         -0.351047
          -1.46289
         0.0458723
          -1.04543
          0.142546
##################### ACCEPTABLE SUBNET NUMBER: 16  #########################
           1.82746
 3
 8
46
25
 1
34
          -1.73849
         -0.961166
          0.012659
          -2.23618
          -1.00136
         0.0606189
         -0.435584
##################### ACCEPTABLE SUBNET NUMBER: 17  #########################
           2.33165
 1
48
 0
          -1.36202
          -1.05502
          -1.31917
         -0.551306
##################### ACCEPTABLE SUBNET NUMBER: 18  #########################
           1.52685
 4
19
30
44
 5
 1
 6
          -1.54627
         -0.906543
         -0.393601
          0.491565
         -0.375769
         -0.347659
          0.467452
          0.592053
##################### ACCEPTABLE SUBNET NUMBER: 19  #########################
            1.1005
11
14
16
 2
 1
10
25
23
19
 8
27
37
 5
41
34
26
15
40
           1.42942
           1.70271
          0.571737
           1.15825
           1.08681
          0.368398
         0.0118867
           1.16386
         -0.143695
          0.341222
         0.0727193
          -2.04333
         -0.858508
          0.278196
           1.07886
           1.11673
          0.535072
         -0.906235
          0.310399
##################### ACCEPTABLE SUBNET NUMBER: 20  #########################
           1.85675
 3
 7
 5
 8
 1
 4
          0.249978
         -0.974926
          -0.56586
         -0.950932
          -1.23974
          -1.25164
         -0.133516
##################### ACCEPTABLE SUBNET NUMBER: 21  #########################
           1.79655
 7
25
23
 2
35
36
32
 7
 4
 4
24
26
34
           -1.7161
         -0.974084
        -0.0129569
          0.121049
         -0.584996
          -1.07843
          -1.26668
          -1.26668
         -0.937729
         -0.307014
        -0.0396796
         0.0966252
         -0.591668
         -0.907729
##################### ACCEPTABLE SUBNET NUMBER: 22  #########################
           1.86554
 0
 1
 4
        -0.0414258
         -0.960928
         -0.482541
         -0.359246
##################### ACCEPTABLE SUBNET NUMBER: 23  #########################
          0.614886
 5
 5
48
19
22
36
 1
18
          0.340075
          0.207583
         -0.261739
        -0.0830197
          -0.20539
         -0.689835
          -1.73954
         -0.444835
           -1.7091
##################### ACCEPTABLE SUBNET NUMBER: 24  #########################
            1.8677
 1
11
 0
          -1.16187
         -0.959086
         -0.184837
          -2.82311
##################### ACCEPTABLE SUBNET NUMBER: 25  #########################
          0.695123
 3
48
29
16
 1
 4
           1.20968
           1.44098
         -0.387941
         -0.940105
          0.298924
         0.0237797
          -0.94338
##################### ACCEPTABLE SUBNET NUMBER: 26  #########################
           1.69967
14
36
37
32
39
22
27
25
28
16
11
 5
19
23
 7
 4
34
18
49
26
          -1.47253
         -0.833993
          -1.85732
          0.429687
            0.2615
         -0.360733
          0.281607
           0.61733
         -0.185727
         -0.842068
         -0.189145
         -0.843125
          -0.77989
         -0.690401
         -0.345915
         -0.700587
          -1.17201
          0.447002
        -0.0518322
          -1.54652
         -0.700587
##################### ACCEPTABLE SUBNET NUMBER: 27  #########################
           1.53321
 5
48
 5
43
11
 7
 1
 4
         -0.386696
         -0.949194
         -0.946866
         -0.932219
         -0.705464
          -0.12475
         -0.122792
         -0.912012
          0.505526
##################### ACCEPTABLE SUBNET NUMBER: 28  #########################
           1.65972
 9
22
19
20
21
16
23
 2
 3
 5
 3
40
18
 4
          -1.58565
         -0.878909
          0.581659
          -1.03097
           1.25438
          0.315116
          0.213621
          0.221362
          0.220514
          -1.67703
          0.088441
          0.088246
          0.270639
           1.01367
           -1.6775
##################### ACCEPTABLE SUBNET NUMBER: 29  #########################
          0.699704
 6
50
25
27
28
16
29
 2
49
15
          0.445096
          0.312997
         -0.680227
        -0.0410429
         -0.212178
         -0.958827
          -0.52068
         -0.159633
          -1.00295
         -0.394678
         -0.298813
##################### ACCEPTABLE SUBNET NUMBER: 30  #########################
            1.8677
 0
 1
15
          0.299876
         -0.959033
         -0.567863
          -1.25955
##################### ACCEPTABLE SUBNET NUMBER: 31  #########################
          0.738574
12
31
35
13
11
32
14
12
10
20
 7
23
 2
 1
15
          0.313603
            0.2968
         -0.246747
        -0.0856617
         -0.528296
          -0.41935
         -0.577815
          -1.07329
          0.119023
         -0.130132
         -0.686865
          0.278556
          -1.79557
         0.0521872
        -0.0727771
          0.195402
##################### ACCEPTABLE SUBNET NUMBER: 32  #########################
          0.700346
 5
29
28
25
33
31
 1
34
           1.20867
           1.11416
         -0.445909
        -0.0105133
         -0.135735
         -0.755275
         0.0220098
         -0.692252
          0.229865
##################### ACCEPTABLE SUBNET NUMBER: 33  #########################
           1.61191
20
16
 8
10
14
12
13
27
11
 3
48
21
39
32
37
45
44
50
46
 1
 2
 4
26
49
34
47
          -1.29308
          -0.74675
          0.161032
         -0.244774
         -0.479608
          -0.17161
         -0.861152
          -0.69011
         -0.495914
        -0.0217647
         -0.178651
          -1.62467
          -1.06431
          -1.76821
          -1.45903
         -0.125021
         -0.765858
          -0.47401
         -0.452873
         -0.512269
          -1.55932
           1.04076
          0.702647
         -0.459501
          -1.40691
          0.384474
         -0.760834
##################### ACCEPTABLE SUBNET NUMBER: 34  #########################
           1.86402
 1
48
 0
         -0.250387
         -0.958293
         -0.432176
         -0.660084
##################### ACCEPTABLE SUBNET NUMBER: 35  #########################
          0.932186
 9
45
16
11
 1
48
39
32
19
 2
 2
18
15
          0.186102
          0.367735
          -1.83091
         0.0663139
          -0.42157
         -0.756003
          -1.51729
         0.0982074
         -0.856166
          -1.74189
         0.0480455
         -0.315673
          0.297472
          -1.77676
##################### ACCEPTABLE SUBNET NUMBER: 36  #########################
          0.514409
 7
19
 3
10
11
16
31
43
 0
           1.09313
           1.13823
         -0.271738
        -0.0601917
        -0.0481752
         -0.129401
         -0.357115
        -0.0512173
          -0.15122
         -0.723859
##################### ACCEPTABLE SUBNET NUMBER: 37  #########################
           1.81381
 2
16
 2
 1
26
          0.150552
         -0.714421
         -0.339014
         -0.298395
         -0.998192
          0.148364
##################### ACCEPTABLE SUBNET NUMBER: 38  #########################
           1.86766
 0
 1
 4
         -0.173298
         -0.959136
          -0.44849
         -0.792873
##################### ACCEPTABLE SUBNET NUMBER: 39  #########################
          0.637094
 7
13
14
27
12
20
25
31
 3
41
49
24
           1.72285
           1.84407
            1.0943
          0.769216
          0.810907
          -1.37249
           1.20318
          0.193183
         -0.527528
          -2.16683
           1.31438
          0.439369
           1.28061
##################### ACCEPTABLE SUBNET NUMBER: 40  #########################
           1.69162
 1
 5
 3
41
34
 6
          0.519953
         -0.804072
         -0.512482
         -0.503057
         0.0434535
         -0.714682
        -0.0805785
##################### ACCEPTABLE SUBNET NUMBER: 41  #########################
            1.8297
16
44
20
35
10
31
25
14
37
 3
39
 5
 2
32
30
16
11
 2
49
 6
           1.28565
           1.56197
          0.711575
          0.351906
          0.493188
          -1.20773
         -0.224288
          0.468307
          0.225035
           1.64091
          0.875537
         -0.576047
         -0.187236
          -1.20631
          -1.15863
         -0.890015
         -0.279269
         -0.636443
         -0.166069
           1.26879
         -0.406758
##################### ACCEPTABLE SUBNET NUMBER: 42  #########################
           1.81279
 1
39
 1
 4
         -0.944213
          -1.01635
         -0.916208
         -0.214144
          0.161944
##################### ACCEPTABLE SUBNET NUMBER: 43  #########################
          0.593355
 3
19
27
16
 1
18
            0.4907
          0.507372
         -0.180752
         -0.507576
         0.0427421
        -0.0551387
          0.184312
##################### ACCEPTABLE SUBNET NUMBER: 44  #########################
           1.59113
 2
36
25
 3
34
 4
42
          -1.35234
         -0.979308
          0.150469
         -0.217531
          -0.26923
          0.465574
          0.564137
          -2.05197
##################### ACCEPTABLE SUBNET NUMBER: 45  #########################
           0.88985
 2
25
 5
 0
           1.03552
           1.20205
          -0.13773
         -0.137749
          0.118359
##################### ACCEPTABLE SUBNET NUMBER: 46  #########################
           0.74966
 6
45
44
27
23
19
 1
 2
15
41
          0.906954
          0.674223
         -0.571925
         0.0138048
          -1.49546
         -0.697621
         0.0984229
          -1.31239
         -0.208642
          0.209788
         -0.389014
##################### ACCEPTABLE SUBNET NUMBER: 47  #########################
          0.683456
 9
29
36
35
48
21
25
32
 2
 1
 2
34
40
          0.458512
          0.635593
          -1.58732
          0.337762
        -0.0842531
          -1.43008
          -1.14644
         -0.483676
          0.134329
         -0.543787
         -0.703912
         -0.402219
         0.0295156
          0.195927
##################### ACCEPTABLE SUBNET NUMBER: 48  #########################
          0.665288
 7
20
13
25
29
30
 2
48
 0
          0.470781
          0.674726
         -0.319482
         -0.478578
          0.142636
         -0.102411
        -0.0569553
         -0.478058
          0.234213
         0.0281164
##################### ACCEPTABLE SUBNET NUMBER: 49  #########################
           1.86771
 0
 0
         -0.351905
          -0.95883
         -0.402723
##################### ACCEPTABLE SUBNET NUMBER: 50  #########################
           1.78806
15
50
39
27
28
25
29
22
30
13
12
14
16
44
43
 7
 5
26
24
15
42
41
         -0.746869
          -0.93638
         -0.335829
          -1.72733
         -0.467706
         -0.839157
         -0.638694
         -0.987653
          -1.04634
          -1.02582
          -1.03127
         -0.296465
          -1.11805
          -1.11638
           -0.2976
          -1.12198
          -1.64153
         -0.992092
          -1.01366
         -0.560334
         -0.113272
          -1.64153
          -1.64153
##################### ACCEPTABLE SUBNET NUMBER: 51  #########################
          0.769819
14
45
43
20
25
14
10
39
11
19
32
27
 5
29
 8
 1
15
          0.660929
          0.660729
         -0.388016
         -0.209083
      -0.000930906
          0.309979
         -0.433221
          -1.38498
         -0.463478
         -0.419516
          -0.63281
          -1.95807
           -1.4212
         -0.823677
          -0.13673
           -1.0805
          -1.21728
          0.131761
##################### ACCEPTABLE SUBNET NUMBER: 52  #########################
           1.86499
 2
 5
43
 1
 4
          0.671532
         -0.955247
         -0.659803
         -0.951742
            -2.143
         -0.972707
##################### ACCEPTABLE SUBNET NUMBER: 53  #########################
          0.737312
 9
11
 2
13
28
25
43
20
 3
14
 1
 6
          0.922347
           1.12226
         -0.129271
          0.280459
           0.22835
         -0.786155
         -0.204155
          -0.15959
         -0.812456
         -0.460051
          -1.27581
         -0.256172
          0.135566
##################### ACCEPTABLE SUBNET NUMBER: 54  #########################
           1.86745
 1
25
 0
         -0.283262
         -0.959028
         -0.420388
          -1.07954
##################### ACCEPTABLE SUBNET NUMBER: 55  #########################
           0.72838
 6
25
27
31
20
16
30
 1
15
            1.2554
            1.2355
          -1.13971
          -0.53808
          0.267626
         -0.379826
          0.226531
         -0.462227
          -1.02132
          0.245589
##################### ACCEPTABLE SUBNET NUMBER: 56  #########################
           2.31638
 9
16
27
11
39
12
37
32
21
 2
 6
26
49
41
34
38
42
           1.58257
           1.92945
          0.726779
         -0.535113
           1.67932
         -0.771656
          0.139135
           -0.6571
         -0.219886
         -0.504372
           1.44392
          -1.15247
            1.2777
          -1.31626
         -0.947362
          0.194128
         -0.502771
        -0.0892707
##################### ACCEPTABLE SUBNET NUMBER: 57  #########################
          0.688712
14
27
29
36
 8
20
16
28
 1
45
44
 5
21
32
12
 4
34
41
15
47
          0.711836
          0.911302
           0.67933
          -1.04367
          0.891669
          -1.40251
         -0.307603
        -0.0843081
         -0.261773
         -0.804474
          -1.24044
          -1.30569
         -0.696854
         -0.340665
          -1.02975
          0.845411
         -0.148831
          0.777815
           1.03493
         -0.392059
         -0.548971
##################### ACCEPTABLE SUBNET NUMBER: 58  #########################
           1.67099
 5
25
28
29
30
45
 1
34
         -0.285898
         -0.880891
         -0.340224
         -0.366024
          -1.35395
           -1.2997
          -1.30666
         -0.912968
          0.121568
##################### ACCEPTABLE SUBNET NUMBER: 59  #########################
          0.958945
 8
11
31
23
32
 1
33
45
30
 6
42
49
47
15
34
 4
           1.55638
           1.83443
           1.00897
           1.66254
          0.580179
          0.962147
          0.102375
          0.507533
          -1.13907
          -1.32589
          0.586012
           1.41919
         -0.669872
         -0.749745
          0.260866
           1.09981
          -2.59012
##################### ACCEPTABLE SUBNET NUMBER: 60  #########################
            1.4165
 4
36
43
16
 7
 3
41
49
 6
        -0.0551675
         0.0424323
         -0.368374
         -0.243552
          0.562984
        -0.0337196
         -0.307355
          0.482365
          0.421723
         -0.076559
##################### ACCEPTABLE SUBNET NUMBER: 61  #########################
           1.79295
 0
 1
41
         0.0907648
         -0.819058
         -0.359161
          0.149787
##################### ACCEPTABLE SUBNET NUMBER: 62  #########################
           1.69594
 6
29
30
45
 1
50
36
 2
34
47
          -1.23867
         -0.733679
         -0.883198
         -0.567982
         -0.140518
          0.384746
         -0.683692
          -1.78791
         -0.448433
          0.275116
          -1.36789
##################### ACCEPTABLE SUBNET NUMBER: 63  #########################
            1.8078
 2
 2
 5
 1
47
         -0.888934
         -0.928401
         -0.271694
         -0.268687
           -0.2277
           -2.4714
##################### ACCEPTABLE SUBNET NUMBER: 64  #########################
          0.652674
 9
23
14
39
25
21
35
11
 5
29
 2
40
15
           1.05205
           1.25242
         -0.271402
           0.37095
          0.324095
          -1.76992
         -0.702231
         -0.371188
          -1.70897
         0.0195906
          0.170144
           0.15225
          0.174334
        -0.0279474
##################### ACCEPTABLE SUBNET NUMBER: 65  #########################
          0.702622
 3
19
25
 5
 1
 6
          0.662921
          0.610933
         -0.221014
        -0.0188758
        -0.0808151
          -1.09294
         -0.103142
##################### ACCEPTABLE SUBNET NUMBER: 66  #########################
            1.8677
 0
 0
          -0.29102
         -0.959117
         -0.418473
##################### ACCEPTABLE SUBNET NUMBER: 67  #########################
           1.86062
 1
48
 0
        -0.0712433
         -0.957581
         -0.479972
         -0.640997
##################### ACCEPTABLE SUBNET NUMBER: 68  #########################
           1.82933
 0
 1
34
         0.0974121
         -0.943531
         -0.489653
        -0.0319575
##################### ACCEPTABLE SUBNET NUMBER: 69  #########################
           1.85541
10
31
13
16
 5
32
35
43
27
 8
39
 4
26
18
42
34
           1.41372
           1.78216
          0.692677
           1.41043
          0.893454
          0.323323
           1.27588
         -0.525935
          0.305543
         -0.287973
          -1.02085
         0.0462221
         -0.537468
           1.03904
          0.255129
          -0.46742
          -1.05907
##################### ACCEPTABLE SUBNET NUMBER: 70  #########################
           1.84472
 2
39
25
 0
            0.7218
         -0.959114
         -0.673831
          -1.37952
          -0.80958
##################### ACCEPTABLE SUBNET NUMBER: 71  #########################
          0.656658
 3
25
43
48
 1
40
           1.98668
           1.66531
          -2.42376
         -0.691703
        -0.0203714
         -0.206096
          -2.07827
##################### ACCEPTABLE SUBNET NUMBER: 72  #########################
            1.8677
 5
 5
10
11
12
13
 2
40
 4
          -1.97415
         -0.959109
           3.52059
          0.904869
           1.37152
          0.904869
           1.37152
          0.904869
            1.8158
           1.37152
##################### ACCEPTABLE SUBNET NUMBER: 73  #########################
            1.8677
 3
33
11
12
 0
          -1.97419
         -0.959122
           2.24043
          -0.59086
          0.772161
          0.496573
##################### ACCEPTABLE SUBNET NUMBER: 74  #########################
           1.85605
 6
39
28
27
32
25
33
 0
           -1.6483
         -0.970015
        -0.0519519
         -0.119985
          -1.09387
          -1.04793
          -1.48883
          -1.23207
          -1.04921
##################### ACCEPTABLE SUBNET NUMBER: 75  #########################
            1.8677
 5
33
23
25
29
35
 0
          -1.97405
         -0.959093
         -0.634951
           2.16856
           1.36105
         -0.819217
         -0.890217
         -0.926427
----------Number of Acceptable Subnets found: 75 -----------
----------END FOR GENE 9 -----------
--------START FOR GENE 10 -----------
 Values arranged as error, n_ka, gene ids for ka, n_kd, gene ids for kd,
 r0, d, ea, ka_values, kd_values for each subnet. 
##################### ACCEPTABLE SUBNET NUMBER: 1  #########################
          0.435704
 2
41
16
 1
40
          -0.27784
         -0.305546
          0.104423
          -1.15093
         -0.439423
           0.33715
##################### ACCEPTABLE SUBNET NUMBER: 2  #########################
          0.556887
 1
 8
 5
47
46
44
40
20
         -0.292505
         -0.205426
          0.399754
         -0.305452
          0.357697
         -0.407323
          -0.63729
          0.589675
         -0.176771
##################### ACCEPTABLE SUBNET NUMBER: 3  #########################
          0.537833
 0
 1
31
         -0.704056
         -0.507061
          0.937908
             1.151
##################### ACCEPTABLE SUBNET NUMBER: 4  #########################
          0.672746
 2
16
35
10
14
13
15
17
12
18
 5
44
23
22
         -0.798938
         -0.611658
         -0.887097
          0.923707
          0.912843
          0.428246
         -0.050917
         0.0698979
          0.191327
           1.22373
         0.0247498
          0.135569
         -0.124211
          0.574961
          0.337713
##################### ACCEPTABLE SUBNET NUMBER: 5  #########################
           2.52996
 2
16
 4
 9
17
20
22
 5
14
31
40
23
21
         -0.905582
         -0.634093
           -1.0813
            1.2754
         -0.300622
          -1.17983
          -1.03453
          0.713937
          0.347977
          0.247275
          0.763384
         0.0183381
          0.634372
          0.685546
##################### ACCEPTABLE SUBNET NUMBER: 6  #########################
           1.24577
 0
 2
 5
20
         -0.252643
         -0.324989
       -0.00655647
          0.243192
         -0.779614
##################### ACCEPTABLE SUBNET NUMBER: 7  #########################
          0.709214
 2
35
27
 2
31
21
          0.875753
           1.02359
          0.735367
          0.193683
          0.987278
            1.0928
         -0.424012
##################### ACCEPTABLE SUBNET NUMBER: 8  #########################
          0.505729
 2
 8
27
 3
40
25
14
           1.14419
           1.24963
          0.973048
          -1.22767
           1.06173
           1.22136
          0.471119
          0.125188
##################### ACCEPTABLE SUBNET NUMBER: 9  #########################
          0.664679
 0
 6
36
22
18
49
14
30
         -0.551467
         -0.539043
          0.314721
          0.608084
          -1.81124
         -0.328042
         -0.277587
         -0.699887
          -1.11909
##################### ACCEPTABLE SUBNET NUMBER: 10  #########################
           2.49522
 0
 3
47
11
20
        -0.0908675
         -0.263032
         0.0522773
          0.290398
         -0.375853
          -1.22582
##################### ACCEPTABLE SUBNET NUMBER: 11  #########################
          0.723017
 2
42
41
 4
12
13
14
15
          -0.85927
         -0.666697
         -0.841992
         -0.947055
           1.10781
         -0.293026
          0.728348
           1.28704
         -0.196242
##################### ACCEPTABLE SUBNET NUMBER: 12  #########################
          0.341621
 2
35
27
 7
12
49
46
17
33
24
32
           1.60911
           1.69872
            1.2797
           1.00269
           1.77586
           1.87316
           1.33895
           1.23151
           1.68943
         -0.782488
           0.77524
           0.46441
##################### ACCEPTABLE SUBNET NUMBER: 13  #########################
          0.702509
 5
50
 3
43
 6
 8
 6
45
46
40
30
 5
49
           1.24059
           1.10814
          0.825411
          0.615956
         -0.822007
         -0.910434
         -0.926631
           1.00543
           1.05291
           0.21264
        -0.0250512
           1.22391
           1.03363
         -0.687962
##################### ACCEPTABLE SUBNET NUMBER: 14  #########################
          0.740847
 1
27
 4
31
15
 5
17
           1.27186
           1.37414
          0.277545
          0.546936
          0.660168
         -0.207757
          -1.80989
         -0.479344
##################### ACCEPTABLE SUBNET NUMBER: 15  #########################
          0.651477
 2
50
 8
10
39
20
38
40
49
47
25
33
14
45
           1.74753
            1.8986
            1.2168
           1.36395
          -1.18386
          -1.93841
           1.73152
          -1.14965
          0.898468
          0.892876
         0.0868723
           -1.0245
       -0.00772759
          0.832001
         -0.618886
##################### ACCEPTABLE SUBNET NUMBER: 16  #########################
          0.697334
 2
35
16
 6
14
15
20
21
26
30
          0.345127
          0.395338
         0.0708184
           0.36915
          -2.24067
           0.67056
          -0.27016
         -0.652018
          -1.11569
          -1.68303
           0.31869
##################### ACCEPTABLE SUBNET NUMBER: 17  #########################
          0.633507
 3
 9
 4
50
 1
14
          0.696542
          0.811876
         -0.407423
           0.44643
          0.394866
          0.393635
           0.71312
##################### ACCEPTABLE SUBNET NUMBER: 18  #########################
          0.449703
 0
 2
31
30
          -0.14789
          -0.48827
        -0.0862046
          0.271907
         -0.333705
##################### ACCEPTABLE SUBNET NUMBER: 19  #########################
          0.309596
 2
 7
 4
 9
30
37
36
32
20
18
44
17
 5
          0.365933
          0.517593
           1.10647
           1.33674
           1.23604
          0.799249
         -0.169726
           1.41518
        -0.0699554
         0.0506878
           -0.9852
        -0.0592086
            0.5811
            0.2485
##################### ACCEPTABLE SUBNET NUMBER: 20  #########################
           1.07921
 0
 4
40
32
33
 5
           1.58853
           1.69986
          0.380473
          0.603602
         -0.596868
          -1.46691
          -2.41793
##################### ACCEPTABLE SUBNET NUMBER: 21  #########################
          0.575007
 0
 3
38
 5
29
           0.28706
          -0.42611
         -0.147521
          0.189105
         0.0981776
          0.313483
##################### ACCEPTABLE SUBNET NUMBER: 22  #########################
          0.594401
 2
41
 1
 2
31
17
         -0.775988
         -0.602412
          0.744465
           1.39842
          -1.78363
         -0.169263
           1.58495
##################### ACCEPTABLE SUBNET NUMBER: 23  #########################
           2.42855
 1
16
 3
20
18
14
         -0.907999
         -0.641048
          -1.79903
            1.1803
            1.0016
         -0.443864
         -0.773315
##################### ACCEPTABLE SUBNET NUMBER: 24  #########################
          0.627264
 1
16
 4
17
20
18
21
         -0.655909
         -0.563603
           1.20201
         -0.631703
           1.44288
         -0.525385
          -0.78403
            1.6136
##################### ACCEPTABLE SUBNET NUMBER: 25  #########################
           1.26083
 0
 8
17
21
47
49
32
46
45
14
           1.31533
           0.72456
        -0.0867675
           0.28559
         -0.541449
          0.166111
          0.252284
         -0.837467
         -0.832974
          -1.81159
          -0.52899
##################### ACCEPTABLE SUBNET NUMBER: 26  #########################
          0.458127
 0
 3
31
26
21
          0.410814
         -0.493543
         0.0839934
          0.596811
          0.370271
         0.0351737
##################### ACCEPTABLE SUBNET NUMBER: 27  #########################
           1.20351
 3
 4
50
 8
10
23
15
44
46
12
37
14
24
49
28
          0.950705
            1.0126
          0.358248
          0.675641
          -0.23103
         -0.256552
          0.837116
          -0.10707
          0.354004
         -0.945257
         -0.871284
         -0.589044
         -0.652757
         -0.353846
          -1.14569
         -0.939841
##################### ACCEPTABLE SUBNET NUMBER: 28  #########################
          0.627855
 2
 6
 4
 6
49
47
24
45
34
15
          0.786457
          0.694967
          0.519238
        -0.0589689
          0.558973
          0.779161
          0.360586
         -0.787466
          0.643185
          -2.38565
         0.0951945
##################### ACCEPTABLE SUBNET NUMBER: 29  #########################
          0.721763
 1
43
 3
12
13
29
         -0.623203
         -0.414007
         -0.821894
           1.14059
           1.25825
          -1.18068
          -1.49043
##################### ACCEPTABLE SUBNET NUMBER: 30  #########################
          0.445044
 0
 5
47
13
14
22
23
        -0.0367352
         -0.608762
        -0.0906696
          0.167168
           0.54459
         -0.391205
          0.023741
         -0.900002
##################### ACCEPTABLE SUBNET NUMBER: 31  #########################
           1.53688
 0
 3
13
47
46
         -0.426382
          -0.62542
        -0.0205862
          0.546187
         -0.686904
         -0.686904
##################### ACCEPTABLE SUBNET NUMBER: 32  #########################
          0.820964
 1
 4
 7
38
21
17
20
13
40
45
          0.321755
          0.341955
           0.37426
          0.330912
          0.564109
          0.564378
          -1.06768
          0.497873
         -0.336559
          -1.22801
         0.0933784
##################### ACCEPTABLE SUBNET NUMBER: 33  #########################
           0.44634
 1
41
 3
31
33
49
          -0.61893
         -0.486688
           0.24897
         -0.404144
          0.481798
          -1.86833
          -1.52414
##################### ACCEPTABLE SUBNET NUMBER: 34  #########################
           1.59218
 2
 7
 4
13
47
21
18
 5
32
45
38
44
36
46
30
14
15
         -0.314072
        -0.0635858
           1.05964
         -0.598007
          0.643623
          0.231987
          0.420642
         -0.728182
           1.20958
         -0.781574
         -0.654972
         -0.962358
         -0.473469
          0.540993
          0.654942
          0.788801
          0.476472
         -0.760092
##################### ACCEPTABLE SUBNET NUMBER: 35  #########################
           1.22715
 1
 2
 3
 5
24
15
          -0.55001
         -0.309471
          0.568644
         -0.309843
          0.731604
          0.378524
          0.292222
##################### ACCEPTABLE SUBNET NUMBER: 36  #########################
          0.668899
 1
50
 2
12
49
         -0.404485
          -0.53208
        -0.0525463
         0.0349231
          0.381869
         -0.705244
##################### ACCEPTABLE SUBNET NUMBER: 37  #########################
          0.644609
 1
41
 2
49
40
         -0.173861
        -0.0995974
          0.714087
          -2.01323
          0.857071
          0.835019
##################### ACCEPTABLE SUBNET NUMBER: 38  #########################
          0.604963
 1
41
 3
23
22
21
         -0.760998
         -0.577264
          0.221424
           1.58605
          0.554094
           0.53168
           1.74867
##################### ACCEPTABLE SUBNET NUMBER: 39  #########################
          0.624883
 0
 3
46
45
38
         -0.101487
         -0.476225
           1.20419
           1.27327
           1.56617
          0.843578
##################### ACCEPTABLE SUBNET NUMBER: 40  #########################
           1.05083
 0
 1
40
          0.472864
          0.603259
          0.824173
           1.03563
##################### ACCEPTABLE SUBNET NUMBER: 41  #########################
          0.337064
 2
 8
50
 3
25
20
49
           1.03885
          0.858859
        -0.0720154
         -0.770486
         0.0449137
        0.00408205
          0.454022
         -0.067336
##################### ACCEPTABLE SUBNET NUMBER: 42  #########################
          0.808979
 5
35
 4
 9
42
43
12
 5
24
40
49
45
11
14
30
44
21
18
25
           1.61228
           1.65754
           1.48708
           1.50519
          0.122108
          -2.00208
          -1.93178
         -0.532839
           1.55522
          0.178777
           1.04321
           1.70225
          -1.49797
           -1.8085
          -1.76414
           1.46547
         -0.655237
           1.61167
           1.06661
           1.17666
##################### ACCEPTABLE SUBNET NUMBER: 43  #########################
          0.279087
 1
27
 6
21
38
44
17
36
20
           1.34951
           1.40249
          0.570161
          0.650084
          0.770236
          0.735817
        -0.0366435
          0.852151
         -0.477574
          0.184088
##################### ACCEPTABLE SUBNET NUMBER: 44  #########################
          0.677376
 0
 1
40
         -0.262887
         -0.186409
          0.239507
          0.455091
##################### ACCEPTABLE SUBNET NUMBER: 45  #########################
          0.570642
 0
 7
20
25
12
30
36
31
26
           1.61525
           1.61584
           1.55785
           1.89063
           1.65362
         -0.587499
           1.59391
         -0.235746
         -0.927138
           1.54575
##################### ACCEPTABLE SUBNET NUMBER: 46  #########################
          0.862643
 1
50
 5
49
40
39
21
36
           1.23194
           1.18491
          0.125243
           -1.6202
          0.256738
          0.349432
         -0.731997
          -1.32514
          -1.55269
##################### ACCEPTABLE SUBNET NUMBER: 47  #########################
          0.631044
 0
 7
30
29
31
28
21
22
47
        -0.0296987
         -0.458023
          0.121437
          0.626023
          0.156022
          0.444096
          0.440734
            0.4452
         -0.135286
         -0.549396
##################### ACCEPTABLE SUBNET NUMBER: 48  #########################
          0.524731
 0
 2
20
18
        0.00147518
         -0.504886
         -0.135446
          0.453492
         -0.892879
##################### ACCEPTABLE SUBNET NUMBER: 49  #########################
          0.491161
 1
48
 3
20
49
47
        -0.0430509
         -0.321312
      -0.000865906
         -0.429255
           -1.0812
          0.284636
         -0.184483
##################### ACCEPTABLE SUBNET NUMBER: 50  #########################
          0.508334
 0
 1
49
         -0.191642
          -0.36097
         0.0638003
          0.330815
##################### ACCEPTABLE SUBNET NUMBER: 51  #########################
          0.508334
 0
 1
49
         -0.191642
          -0.36097
         0.0638003
          0.330815
##################### ACCEPTABLE SUBNET NUMBER: 52  #########################
          0.355367
 0
 2
13
 5
         -0.340532
          -0.59567
         -0.048997
          0.456036
          0.148186
##################### ACCEPTABLE SUBNET NUMBER: 53  #########################
          0.700509
 1
 8
10
 5
21
22
24
31
29
14
17
28
26
           1.49345
           1.60902
           1.23481
           1.50976
          0.232766
           1.63469
          0.592379
          -1.22695
         -0.380708
           -1.0632
           1.46163
           1.53999
           -1.3708
          0.536632
##################### ACCEPTABLE SUBNET NUMBER: 54  #########################
           0.90709
 0
 4
38
37
47
14
          0.368684
         -0.229947
         -0.100367
          0.269673
          -0.40289
          -0.71495
         -0.472826
##################### ACCEPTABLE SUBNET NUMBER: 55  #########################
          0.696583
 1
50
 2
49
14
           0.39845
          0.154818
        -0.0463694
         0.0529546
          0.248895
          0.352172
##################### ACCEPTABLE SUBNET NUMBER: 56  #########################
           1.04192
 9
 2
16
50
 3
42
 1
 7
 8
 6
20
15
30
29
49
47
44
31
36
20
38
25
40
34
21
26
33
17
22
39
18
           1.73792
           1.85158
           1.42353
           1.69662
          -1.40628
         -0.413161
         -0.401346
           -1.1651
           0.84146
         -0.229835
          -1.04499
           1.47142
          0.726044
         -0.599619
           1.23089
          0.420108
          -1.47151
         -0.155899
          0.088444
          0.784116
        -0.0130796
         -0.957337
          0.728795
            1.6635
         -0.922543
         -0.345985
         0.0991647
          -1.14484
          0.489794
          -1.14994
          -2.20248
         -0.385346
##################### ACCEPTABLE SUBNET NUMBER: 57  #########################
          0.748128
11
43
50
16
 1
35
 4
 3
48
42
 2
 8
19
24
22
38
34
45
32
44
26
39
37
46
18
15
31
36
33
20
49
23
          0.502627
         -0.402127
           1.04125
         0.0510652
          -1.15123
          -1.28168
         -0.351987
          -1.87748
          0.534362
          -1.04547
          0.475953
           1.04476
            0.2917
          -0.08496
          0.436259
         -0.112488
           1.52277
         -0.833994
            1.4605
         -0.777319
         -0.536541
           -1.1146
         -0.921704
          -1.95272
         -0.913398
         0.0967518
          -0.24296
          0.862862
          0.111783
          -1.94391
         -0.188946
          0.492278
         -0.532386
##################### ACCEPTABLE SUBNET NUMBER: 58  #########################
           1.12251
 2
48
 9
 8
 5
22
33
31
49
25
12
13
         -0.592938
         -0.354992
          0.691768
          0.670415
         -0.351981
          0.895204
            0.4374
          -0.48184
         -0.529823
          -1.57809
          0.462339
          0.473881
           -2.2433
##################### ACCEPTABLE SUBNET NUMBER: 59  #########################
           1.27948
 0
 2
21
22
         -0.330475
         -0.630421
        -0.0499758
          -1.19724
          0.483509
##################### ACCEPTABLE SUBNET NUMBER: 60  #########################
          0.400151
 0
 4
14
23
22
24
         0.0287324
          -0.60254
         -0.185496
          0.442205
          -1.39529
         -0.284088
          -1.40948
##################### ACCEPTABLE SUBNET NUMBER: 61  #########################
           1.15006
 1
 3
 3
21
23
24
         -0.250751
         -0.628482
        -0.0432158
          -1.02701
         -0.592645
         -0.994869
          0.506841
##################### ACCEPTABLE SUBNET NUMBER: 62  #########################
           0.66612
 1
35
 2
20
47
          0.349729
          0.487675
          0.277455
          0.409542
          0.773771
         -0.127536
##################### ACCEPTABLE SUBNET NUMBER: 63  #########################
          0.616556
 0
 4
25
47
17
18
        -0.0493177
          -0.53585
         0.0581831
         -0.959757
          0.389742
          0.475564
         -0.389567
##################### ACCEPTABLE SUBNET NUMBER: 64  #########################
          0.246312
 3
 1
 8
50
 4
21
49
40
22
           1.76685
           1.81201
           1.13329
          0.430269
         -0.603757
           1.18112
          0.934992
           1.28236
           1.35911
         -0.022575
##################### ACCEPTABLE SUBNET NUMBER: 65  #########################
          0.441562
 0
 6
25
21
36
26
30
40
           1.17935
           0.95813
          0.468511
          0.553226
          0.234113
          0.557228
          0.535241
          0.439789
          0.709654
##################### ACCEPTABLE SUBNET NUMBER: 66  #########################
           1.89473
 0
 4
47
45
40
24
           1.52164
         -0.525253
          0.603211
           1.32878
           1.35545
          -1.51085
         -0.527406
##################### ACCEPTABLE SUBNET NUMBER: 67  #########################
          0.615212
 1
 8
 3
24
30
46
        -0.0242304
         -0.590788
          0.200442
          -1.90611
          0.783201
          0.684595
          0.167737
##################### ACCEPTABLE SUBNET NUMBER: 68  #########################
          0.516422
 2
 9
50
 3
31
29
49
           1.17283
          -0.45199
         -0.451096
          -1.04548
          -1.38605
          0.210341
         -0.110021
            -1.434
##################### ACCEPTABLE SUBNET NUMBER: 69  #########################
          0.618865
 0
 5
24
22
40
38
37
           1.07953
         -0.419239
         -0.372718
           0.22416
         -0.347357
          -1.31621
          0.178046
          -1.38578
##################### ACCEPTABLE SUBNET NUMBER: 70  #########################
          0.719296
 2
 3
50
 8
13
40
22
24
14
11
31
20
           1.30178
           1.05168
          0.588873
           1.00038
          0.248956
           1.23395
         -0.742674
           1.15551
          0.616454
         -0.685099
          0.677008
           0.67278
          0.547349
##################### ACCEPTABLE SUBNET NUMBER: 71  #########################
          0.610565
 0
 2
12
21
         -0.124786
         -0.578411
          -0.12412
          0.283352
          0.359399
##################### ACCEPTABLE SUBNET NUMBER: 72  #########################
          0.723005
 1
 9
 8
31
22
23
36
25
30
40
17
           1.52113
           1.74221
          0.583043
         -0.063235
          0.514829
         -0.773709
         -0.906968
         -0.580812
          0.649523
          -1.19416
          0.229958
          0.764061
##################### ACCEPTABLE SUBNET NUMBER: 73  #########################
           1.54676
 2
42
 3
 1
12
          0.065563
         -0.608793
         -0.200075
          -1.45143
         -0.592987
           0.45934
##################### ACCEPTABLE SUBNET NUMBER: 74  #########################
          0.960899
 0
14
25
49
21
46
30
14
40
38
23
36
31
34
32
44
          0.537806
          0.635513
           1.20725
           1.28583
            1.0505
          -0.17417
           1.15106
          0.881298
         -0.769308
          0.722981
          0.136434
         -0.693685
          -0.25949
           1.34358
         0.0222961
          0.172574
          0.376476
##################### ACCEPTABLE SUBNET NUMBER: 75  #########################
          0.219249
 3
 9
 3
 4
 3
28
20
47
          0.437236
          0.595244
          0.554943
          0.100146
          0.715912
          0.476739
          0.237381
           1.03308
        -0.0880594
----------Number of Acceptable Subnets found: 75 -----------
----------END FOR GENE 10 -----------
--------START FOR GENE 11 -----------
 Values arranged as error, n_ka, gene ids for ka, n_kd, gene ids for kd,
 r0, d, ea, ka_values, kd_values for each subnet. 
##################### ACCEPTABLE SUBNET NUMBER: 1  #########################
            2.3688
 6
29
13
 1
16
24
23
 3
36
42
 7
         -0.448977
         -0.475804
         -0.608654
          0.240265
        -0.0377425
          0.160686
          -1.44742
          -1.11156
           -1.1734
         -0.317108
          -1.19776
         -0.758842
##################### ACCEPTABLE SUBNET NUMBER: 2  #########################
           2.26039
 2
23
32
 1
28
         -0.490161
         -0.568605
         -0.769721
           0.16824
         -0.249276
          -1.48208
##################### ACCEPTABLE SUBNET NUMBER: 3  #########################
           1.67257
 9
22
48
31
12
46
41
39
38
37
 1
42
          -0.22239
         -0.177759
         -0.624648
          0.340823
        -0.0939212
         -0.274807
          0.285383
         -0.425712
          -1.87169
          -1.06083
          -1.86137
          -1.06476
         0.0803231
##################### ACCEPTABLE SUBNET NUMBER: 4  #########################
           2.23465
 1
 1
 1
42
          0.413118
          0.481609
         -0.160461
             0.729
          -2.90245
##################### ACCEPTABLE SUBNET NUMBER: 5  #########################
           1.58452
 6
 6
31
50
48
47
12
 0
          0.423226
          0.458099
         -0.217447
         -0.664118
          0.182239
         -0.444824
         -0.662026
         -0.767592
          0.236426
##################### ACCEPTABLE SUBNET NUMBER: 6  #########################
           1.65838
 2
12
22
 0
        -0.0665151
        -0.0229472
          -0.17314
          0.317555
         -0.691257
##################### ACCEPTABLE SUBNET NUMBER: 7  #########################
          0.839881
 7
45
12
48
47
32
14
19
 1
 3
          0.247155
        -0.0725354
         -0.785636
        -0.0372084
         -0.108944
          -0.73191
         -0.621401
         -0.403197
          0.140986
          -1.15477
          0.122615
##################### ACCEPTABLE SUBNET NUMBER: 8  #########################
           1.65606
14
25
29
19
23
32
37
 6
31
18
48
12
50
41
27
 2
10
 7
          0.204117
          0.254166
         -0.529035
          -1.49838
        -0.0628053
         -0.658716
           0.24308
          -1.19918
          0.324751
         -0.875381
         -0.134993
          -1.04848
         -0.727804
         -0.454543
          -0.49664
         -0.769005
         -0.437656
          0.447574
          -0.69695
##################### ACCEPTABLE SUBNET NUMBER: 9  #########################
           1.78723
 5
 1
50
23
24
35
 0
         0.0915329
          0.143174
         -0.606852
          0.416662
         -0.465814
          0.303501
         0.0566455
         0.0489701
##################### ACCEPTABLE SUBNET NUMBER: 10  #########################
            1.7942
 7
25
23
24
27
16
33
37
 1
26
         -0.357787
         -0.313413
          0.287137
          0.348894
         -0.410445
         -0.421057
          0.377722
         -0.435687
          -1.40148
            -1.118
          0.507575
##################### ACCEPTABLE SUBNET NUMBER: 11  #########################
            1.6959
14
37
31
38
19
47
41
24
32
33
25
30
29
34
39
 0
         0.0317611
         0.0485296
         -0.281773
         -0.160771
          0.192674
         -0.753054
         0.0910435
           -1.6885
         -0.857604
          -0.47358
           -2.2676
          -2.26578
         -0.446531
          -1.59573
         -0.146377
          -1.59667
          -1.21863
##################### ACCEPTABLE SUBNET NUMBER: 12  #########################
           1.59205
 2
24
30
 3
10
 7
 8
          -0.14104
         -0.406948
         -0.317582
          0.121055
         -0.208462
         -0.538615
          -2.02766
          -2.16349
##################### ACCEPTABLE SUBNET NUMBER: 13  #########################
           1.77979
 9
30
38
27
23
39
33
 6
34
15
 0
           0.23879
          0.236238
         -0.835961
         0.0753633
        -0.0178995
         -0.509962
          0.192509
          -1.47165
          -1.02724
         -0.771511
         -0.325545
         -0.225547
##################### ACCEPTABLE SUBNET NUMBER: 14  #########################
           1.60516
 3
29
12
 6
 1
10
          0.252944
          0.305119
         -0.356714
          0.273227
          0.338947
          -1.09469
         0.0846384
##################### ACCEPTABLE SUBNET NUMBER: 15  #########################
           1.58878
11
38
31
32
15
13
27
25
50
24
18
14
 1
10
          0.064177
         0.0690812
         -0.553566
         -0.944812
          0.112497
         -0.216305
        -0.0034353
          0.101324
        -0.0466539
         -0.107624
         -0.549583
          -1.97241
          -0.83999
       -0.00831552
         -0.882304
##################### ACCEPTABLE SUBNET NUMBER: 16  #########################
           1.62566
 4
12
18
39
33
 5
10
42
17
49
 2
          0.891935
           0.93969
          0.645892
           1.43797
           0.42996
           -1.3357
         -0.893547
          0.915035
           1.14883
         -0.685238
        -0.0528086
         -0.890478
##################### ACCEPTABLE SUBNET NUMBER: 17  #########################
           1.22983
 5
12
14
45
16
15
 1
17
          0.161325
         0.0287587
         -0.269157
         -0.790578
           0.28372
         -0.996153
         -0.167327
          -0.12401
          0.165175
##################### ACCEPTABLE SUBNET NUMBER: 18  #########################
            1.9516
 8
37
33
22
23
46
15
30
16
 1
 4
         0.0894521
          0.116549
         -0.628506
         0.0119645
         -0.651903
         -0.447194
          0.321817
          -1.49552
         -0.155132
         -0.798288
           -2.0802
        -0.0536344
##################### ACCEPTABLE SUBNET NUMBER: 19  #########################
           2.13683
 5
15
35
30
12
34
 0
         0.0264698
         0.0845846
         -0.193373
          -0.39036
         -0.413387
         -0.692343
          0.422238
         -0.603322
##################### ACCEPTABLE SUBNET NUMBER: 20  #########################
           1.75823
 4
24
29
31
30
 0
          -0.32204
         -0.443383
         -0.718943
          0.212446
          -1.63949
         -0.307403
         0.0122006
##################### ACCEPTABLE SUBNET NUMBER: 21  #########################
          0.565398
 3
14
25
12
 2
43
 5
          0.853667
           0.68849
          -0.24386
          0.271628
        -0.0713403
         -0.679605
         -0.920031
         0.0935556
##################### ACCEPTABLE SUBNET NUMBER: 22  #########################
          0.720781
 6
14
31
48
47
22
12
 2
 5
20
          0.201238
        -0.0770677
         -0.538417
          0.125316
        -0.0347113
          -0.24939
         -0.106549
         -0.447052
          -1.59849
         0.0930972
          -2.11348
##################### ACCEPTABLE SUBNET NUMBER: 23  #########################
           1.78158
 4
35
22
24
23
 2
 7
20
         -0.101679
         -0.040417
         -0.783007
         -0.375945
          0.440588
        -0.0587306
          0.106809
         0.0490549
          -0.81519
##################### ACCEPTABLE SUBNET NUMBER: 24  #########################
           2.11915
 0
 1
26
        -0.0677715
         -0.626713
         -0.105487
          0.292558
##################### ACCEPTABLE SUBNET NUMBER: 25  #########################
           1.52064
 7
31
29
35
15
14
16
37
 0
          0.350707
          0.381007
         -0.291141
          0.211212
        -0.0358464
          -1.32374
         -0.406865
          0.264248
          -1.00463
         -0.153749
##################### ACCEPTABLE SUBNET NUMBER: 26  #########################
           2.15488
 7
38
37
25
24
13
15
41
 0
        -0.0887311
          -0.29427
         -0.496694
        -0.0760342
        -0.0672509
          -1.63195
         -0.367278
         -0.107161
         -0.327461
          -1.29516
##################### ACCEPTABLE SUBNET NUMBER: 27  #########################
           1.65301
10
19
50
24
27
29
22
30
15
14
16
 0
         -0.186955
          -0.16278
         -0.356715
         -0.435772
          -1.18316
         -0.144222
          0.283069
         -0.307552
         -0.215617
          -0.29499
          -1.23468
          -1.29659
          -1.12371
##################### ACCEPTABLE SUBNET NUMBER: 28  #########################
           1.63748
12
48
37
12
39
22
33
50
14
13
47
19
18
 2
 7
49
           1.62706
           1.66368
         -0.512963
        -0.0599511
         0.0264329
          0.310674
         -0.360728
        -0.0699652
         -0.930491
          -1.63874
         -0.421109
          -1.93161
         -0.969475
         -0.635012
          -0.57686
         -0.153445
         -0.227171
##################### ACCEPTABLE SUBNET NUMBER: 29  #########################
           1.69696
17
47
30
29
13
12
25
 6
22
34
45
46
18
23
31
33
27
41
 1
42
        -0.0515672
        -0.0481025
          -0.31195
        -0.0920849
         -0.928032
          0.134212
        -0.0742676
          0.130973
        -0.0931915
         -0.543228
         -0.648739
         -0.553318
         -0.614883
          -1.32711
          -1.23005
         -0.925934
          -2.43944
          -1.57012
          -0.98589
          -1.25419
         -0.514013
##################### ACCEPTABLE SUBNET NUMBER: 30  #########################
           1.46566
 2
23
14
 0
         -0.363828
         -0.460111
         -0.221243
          -1.19113
          0.175984
##################### ACCEPTABLE SUBNET NUMBER: 31  #########################
           2.16231
 3
13
19
16
 0
         -0.589862
         -0.616839
         -0.493279
          0.161601
          0.295941
         -0.331858
##################### ACCEPTABLE SUBNET NUMBER: 32  #########################
           1.21133
 5
14
25
 1
50
32
 1
 5
           0.34608
          0.161097
         -0.251246
          0.128119
        -0.0827779
          -1.33433
         -0.528431
          -1.42654
         -0.285452
##################### ACCEPTABLE SUBNET NUMBER: 33  #########################
           1.46735
 5
31
14
16
48
18
 1
 8
          0.378802
          0.390164
         -0.233266
          0.183946
          0.227465
         -0.867838
          -1.63465
         -0.540251
         -0.229481
##################### ACCEPTABLE SUBNET NUMBER: 34  #########################
           1.44893
 1
14
 1
17
          -0.32524
         -0.462935
         -0.228213
           0.14226
         -0.390731
##################### ACCEPTABLE SUBNET NUMBER: 35  #########################
           1.99296
 2
 1
27
 0
          0.899191
          0.965563
         -0.242283
          0.665501
          0.265576
##################### ACCEPTABLE SUBNET NUMBER: 36  #########################
           1.60734
 5
12
16
13
31
23
 3
 8
28
43
         0.0612598
          0.107881
          -0.19045
          0.307747
         -0.280965
          0.209935
         -0.451846
         -0.467667
         -0.414513
          -1.42055
         -0.522382
##################### ACCEPTABLE SUBNET NUMBER: 37  #########################
           1.48432
 6
47
31
32
27
30
25
 0
          0.132558
           0.11852
         -0.249844
         -0.553883
         0.0248866
          -2.01658
          0.177801
          -1.28271
         -0.108103
##################### ACCEPTABLE SUBNET NUMBER: 38  #########################
           2.21278
 4
19
38
34
33
 0
          -0.43526
          -0.45656
          -0.35755
          0.265336
        -0.0841104
         -0.359324
          -1.48273
##################### ACCEPTABLE SUBNET NUMBER: 39  #########################
           1.63761
10
31
47
38
13
12
19
27
50
48
46
 0
        -0.0026214
         0.0354595
          -0.72001
          0.156779
         -0.301821
         -0.072563
          0.196264
         -0.112109
          0.222652
          -1.39784
         -0.968582
          -0.45987
         -0.972454
##################### ACCEPTABLE SUBNET NUMBER: 40  #########################
            1.6346
 5
13
27
 6
14
15
 0
          0.296213
          0.338517
         -0.591275
          0.194013
          0.298301
          -0.88053
          0.293859
        -0.0895292
##################### ACCEPTABLE SUBNET NUMBER: 41  #########################
           1.31065
 5
27
25
30
33
13
 0
           0.10764
         -0.311378
         -0.329824
         -0.066213
         -0.236869
         -0.253058
          -1.90357
          -1.80428
##################### ACCEPTABLE SUBNET NUMBER: 42  #########################
           2.23693
10
23
18
39
41
40
38
 1
32
47
46
 1
49
         -0.168737
         -0.574696
         0.0621858
           1.08385
         -0.632143
          0.246884
         -0.404452
         -0.659498
         -0.395109
         -0.353502
          0.299285
         -0.833056
          0.546734
           1.15253
##################### ACCEPTABLE SUBNET NUMBER: 43  #########################
           1.34907
 2
25
27
 1
49
         0.0845808
        -0.0238907
         -0.271672
        -0.0881544
          0.197619
         0.0318523
##################### ACCEPTABLE SUBNET NUMBER: 44  #########################
             2.127
12
47
46
45
39
24
22
23
25
32
50
 6
16
 2
 8
 7
          0.258498
           -0.2222
          -1.34752
          -0.21829
         -0.922309
         -0.147712
          -1.25096
          -1.49294
          -1.62766
         -0.281737
         -0.359734
         -0.443229
          -1.04267
          -1.94828
          -1.21919
         -0.397375
          -2.02983
##################### ACCEPTABLE SUBNET NUMBER: 45  #########################
           1.58331
14
12
31
23
24
39
14
22
16
30
29
48
45
46
35
 3
 8
 7
42
          0.471589
          0.513009
         -0.214563
          0.279186
          0.136479
         0.0624313
        -0.0170167
         -0.762175
          -1.80894
         -0.610213
          -1.09868
          -1.26518
         -0.329291
            -1.956
          -1.11105
         -0.965151
          -2.16331
          -1.11037
         -0.666001
          -1.17623
##################### ACCEPTABLE SUBNET NUMBER: 46  #########################
           1.40711
 3
25
27
15
 0
         -0.101236
          -0.31342
         -0.275667
         -0.173486
         0.0317669
          -1.77799
##################### ACCEPTABLE SUBNET NUMBER: 47  #########################
           2.12795
 4
23
13
33
31
 0
         -0.419631
         -0.495929
         -0.266379
          0.150024
         -0.500761
         -0.416933
         -0.217762
##################### ACCEPTABLE SUBNET NUMBER: 48  #########################
            1.5395
 5
13
12
14
15
16
 2
43
42
          0.132918
          0.181098
         -0.248766
           0.11913
          0.214431
          0.368615
          0.150135
         -0.221981
          -1.18983
          -1.19578
##################### ACCEPTABLE SUBNET NUMBER: 49  #########################
           1.81971
11
29
 1
15
16
25
27
22
18
45
12
 6
 2
 2
20
       -0.00590048
        -0.0179096
         -0.299042
             0.198
         -0.251828
         -0.931988
         -0.590596
        -0.0365345
          -0.97109
         -0.311936
          -1.62843
          -0.30924
        -0.0961207
          -1.39446
         -0.273696
          -1.62791
##################### ACCEPTABLE SUBNET NUMBER: 50  #########################
           2.92377
 2
19
29
 0
         -0.206879
         -0.408604
         -0.230599
         0.0615973
         -0.745516
##################### ACCEPTABLE SUBNET NUMBER: 51  #########################
           1.48334
 8
 6
47
14
15
34
31
41
25
 0
          0.296519
          0.331781
         -0.884574
         -0.461696
        -0.0518792
          0.412686
         -0.070691
         -0.238097
          -1.32788
         -0.782886
         -0.148074
##################### ACCEPTABLE SUBNET NUMBER: 52  #########################
           2.00845
 3
19
48
38
 0
         -0.282455
         -0.274484
         -0.356242
          0.277967
         -0.136514
         -0.142078
##################### ACCEPTABLE SUBNET NUMBER: 53  #########################
           1.68115
 1
24
 2
 3
43
         -0.160799
         -0.420394
         -0.408804
          0.206388
         0.0507037
         -0.546987
##################### ACCEPTABLE SUBNET NUMBER: 54  #########################
           1.88274
 2
13
31
 1
26
         -0.296194
         -0.289865
         -0.229997
          0.199082
          0.100272
            -1.196
##################### ACCEPTABLE SUBNET NUMBER: 55  #########################
           1.73325
 3
31
22
 1
 1
42
        -0.0327284
         0.0168274
         -0.410479
          0.191076
          0.319196
         -0.214082
          -1.29556
##################### ACCEPTABLE SUBNET NUMBER: 56  #########################
           1.75415
 3
19
22
23
 4
 8
10
 3
 4
         -0.222198
         -0.178037
         -0.498594
         0.0682426
          0.325232
          0.236985
           -1.8554
          -1.84622
         -0.153048
         -0.292567
##################### ACCEPTABLE SUBNET NUMBER: 57  #########################
           1.78306
 9
30
29
38
37
12
13
48
22
32
 4
26
42
36
49
        -0.0706095
        -0.0186497
         -0.497112
         -0.923919
           0.41235
          0.297522
         -0.880695
        -0.0659074
        -0.0602069
          -0.91321
          0.227832
          -1.75281
           0.28818
         -0.782026
         -0.914848
         -0.920801
##################### ACCEPTABLE SUBNET NUMBER: 58  #########################
           1.87787
 3
38
31
32
 0
         -0.108028
          -0.19896
         -0.471261
         -0.212385
         0.0924658
         -0.257234
##################### ACCEPTABLE SUBNET NUMBER: 59  #########################
           2.11045
 6
23
12
14
15
40
35
 0
          0.181373
          0.213435
         -0.256241
          0.319384
          -1.25204
          -1.28189
         -0.825609
           -1.4123
          -1.24009
##################### ACCEPTABLE SUBNET NUMBER: 60  #########################
           1.94671
 4
45
27
47
30
 0
          0.296852
          0.144906
         -0.644356
         0.0286631
          -0.24119
         -0.122367
         -0.927039
##################### ACCEPTABLE SUBNET NUMBER: 61  #########################
            2.0445
 2
35
33
 1
10
            1.8755
           1.52488
         -0.198126
        -0.0778455
         -0.258937
          0.353662
##################### ACCEPTABLE SUBNET NUMBER: 62  #########################
            1.2958
 5
45
24
25
12
13
 1
42
         0.0492517
         -0.332899
         -0.623546
         -0.220507
          0.121211
        -0.0532494
         -0.886211
          -1.03542
          0.176138
##################### ACCEPTABLE SUBNET NUMBER: 63  #########################
           2.07555
 5
37
38
35
24
18
 0
          0.167626
        -0.0693026
         -0.508175
         -0.241316
        -0.0629963
        -0.0861425
         -0.375867
         -0.991412
##################### ACCEPTABLE SUBNET NUMBER: 64  #########################
           1.27496
 4
38
27
46
34
 1
 4
          0.603259
          0.479594
         -0.964633
        -0.0500922
           0.19386
          -1.05868
          -2.15387
         0.0640443
##################### ACCEPTABLE SUBNET NUMBER: 65  #########################
           1.47764
 3
15
14
31
 0
          0.215369
          0.236582
         -0.224878
         -0.503145
          0.300109
          0.150565
##################### ACCEPTABLE SUBNET NUMBER: 66  #########################
           1.63985
 1
31
 1
42
          0.299508
          0.304389
         -0.242773
          0.204476
         -0.368637
##################### ACCEPTABLE SUBNET NUMBER: 67  #########################
           1.61777
 6
13
 6
16
25
37
38
 4
 4
 8
 7
 3
        -0.0935141
         -0.506141
          -0.35185
          0.160916
         -0.208163
         -0.558867
          -1.78279
         -0.439652
         -0.426407
           0.23724
         -0.161288
         -0.276137
         -0.175593
##################### ACCEPTABLE SUBNET NUMBER: 68  #########################
           1.63196
 6
25
31
30
15
23
12
 3
 7
42
 9
          0.364755
          0.422964
         -0.235373
        0.00499914
         -0.233438
         -0.674579
          0.425743
         -0.126362
         -0.200563
           0.18265
        -0.0955546
          -1.26964
##################### ACCEPTABLE SUBNET NUMBER: 69  #########################
           1.16595
 7
14
34
38
41
37
25
27
 0
         -0.182003
         -0.421262
         -0.300826
         0.0664146
         -0.529065
         -0.643093
           -0.3945
         -0.619514
         -0.177315
          -1.09974
##################### ACCEPTABLE SUBNET NUMBER: 70  #########################
           1.63726
 4
12
41
29
32
 0
        -0.0593547
       -0.00891323
         -0.340664
          0.325708
            -0.377
          0.226713
          -1.09895
##################### ACCEPTABLE SUBNET NUMBER: 71  #########################
           2.12294
 7
19
41
33
32
18
24
30
 2
 7
43
          0.250524
          0.310569
         -0.654861
          0.650133
          -0.93522
          -0.23597
          -1.75161
          0.200096
           -0.2739
         -0.769605
          0.547909
          0.166328
##################### ACCEPTABLE SUBNET NUMBER: 72  #########################
           1.56657
 7
37
24
14
16
32
48
39
 1
43
          0.687996
          0.586087
          0.847921
         -0.246685
         0.0138207
           1.51066
        -0.0240016
           0.36563
          0.671427
         -0.125845
           1.40427
##################### ACCEPTABLE SUBNET NUMBER: 73  #########################
           2.08612
 5
23
37
24
25
31
 0
          -0.45269
         -0.497015
         -0.361213
          0.177963
       -0.00987717
          -1.70918
          -1.70429
         -0.256687
##################### ACCEPTABLE SUBNET NUMBER: 74  #########################
           1.66847
 3
12
13
22
 1
 7
         -0.146259
         -0.107568
          -0.16937
          0.299728
         -0.192055
          -0.55291
         -0.172999
##################### ACCEPTABLE SUBNET NUMBER: 75  #########################
           2.78857
 5
47
37
13
14
45
 0
        -0.0358407
         -0.340946
         -0.574291
         -0.116094
        -0.0531155
         -0.746286
          -1.62259
         -0.556487
----------Number of Acceptable Subnets found: 75 -----------
----------END FOR GENE 11 -----------
