File open successful. It contains: 
Finished reading file, will close now.
File x_dt open successful.
Finished reading file x_dt, will close now.
File sd_d open successful.
Finished reading file sd_d, will close now.
--------START FOR GENE 18 -----------
 Values arranged as error, n_ka, gene ids for ka, n_kd, gene ids for kd,
 r0, d, ea, ka_values, kd_values for each subnet. 
##################### ACCEPTABLE SUBNET NUMBER: 1  #########################
           1.13406
 2
23
41
13
 8
32
19
 5
37
30
16
47
36
43
17
45
11
           1.74502
           1.37102
         0.0906143
          0.731138
         -0.306984
           1.07431
           0.30412
          0.360643
         -0.345816
          -1.11264
         -0.504709
          -1.64936
          0.536471
         -0.631278
           0.12828
          0.115233
         0.0098256
         -0.924578
##################### ACCEPTABLE SUBNET NUMBER: 2  #########################
           1.03496
10
29
 9
 4
28
32
35
15
12
45
38
 8
37
40
34
31
 8
 3
41
 6
           2.07043
          0.958333
          0.160354
          0.871636
          0.820148
         -0.115138
          0.486601
          0.393593
          -1.15205
          -1.92245
          -1.59809
          0.109342
          -1.18502
           1.22661
         -0.753442
         -0.214774
           0.43746
         -0.334304
          -0.48899
          0.560648
          -1.31003
##################### ACCEPTABLE SUBNET NUMBER: 3  #########################
            0.5967
 3
50
 1
48
13
 8
 3
39
 5
41
43
 6
46
24
42
 4
31
44
           1.61331
           1.24909
          0.572562
          0.896198
         -0.663818
           0.72416
           0.98161
          0.363137
         -0.313865
           1.03011
          0.925194
           1.01924
          0.630386
          -0.54847
          -1.23688
           -1.6981
          0.664589
          0.389318
          0.208299
##################### ACCEPTABLE SUBNET NUMBER: 4  #########################
            2.5536
 3
29
38
13
 3
 3
35
14
           1.22692
          0.898546
         -0.476467
          0.524347
         -0.320193
         0.0571949
          0.626911
          0.546872
        -0.0829404
##################### ACCEPTABLE SUBNET NUMBER: 5  #########################
          0.582651
 3
27
23
14
 2
22
43
           1.24644
           1.02363
         -0.503903
          -1.45147
          0.893717
         -0.950564
           1.03067
          0.675277
##################### ACCEPTABLE SUBNET NUMBER: 6  #########################
           2.77512
 5
12
13
 3
16
 6
 3
 1
43
47
          0.903559
           1.13286
         -0.268957
         -0.317673
          0.724804
         -0.308025
         -0.888461
         -0.490882
          0.573306
          0.228079
          -1.32754
##################### ACCEPTABLE SUBNET NUMBER: 7  #########################
           1.89024
 4
28
16
 3
 4
12
49
30
50
14
11
22
20
32
43
38
 5
 7
          0.613761
        -0.0387196
         -0.686865
          0.912978
          0.332065
         -0.400832
          -0.23187
          0.753219
           1.06031
         -0.312299
          0.107251
         -0.448785
          0.937437
         -0.202739
          -1.56868
          0.205231
          -1.00246
         -0.581942
         0.0578894
##################### ACCEPTABLE SUBNET NUMBER: 8  #########################
          0.749919
 3
34
 4
33
10
40
24
 2
46
 1
45
17
19
27
48
           1.73048
           1.35204
           1.16042
           1.30703
           1.09763
          0.172057
          0.411881
           1.52796
           0.41015
            1.4331
          0.738349
         -0.119639
        0.00067226
         -0.137376
         -0.604132
         0.0146308
##################### ACCEPTABLE SUBNET NUMBER: 9  #########################
           2.16772
 6
48
24
 7
25
36
29
 3
 6
30
22
         -0.247291
          -0.80615
           -1.1185
         -0.827034
          0.245892
        -0.0335066
          0.138811
        -0.0446379
         -0.161935
           0.80682
          0.131283
          0.116918
##################### ACCEPTABLE SUBNET NUMBER: 10  #########################
           1.76931
 5
39
41
12
15
32
12
46
40
 9
29
47
22
42
24
50
 3
37
21
           2.17384
           1.37232
          0.931732
         -0.463345
          0.869936
          -1.25757
          0.681557
          -1.06098
           1.30257
          -0.44643
          0.334724
           -1.9294
          0.809021
          0.781965
          0.558658
           1.36953
          -1.43716
          -1.06961
          0.144366
          -1.08471
##################### ACCEPTABLE SUBNET NUMBER: 11  #########################
          0.583971
 1
34
 9
46
24
 5
30
22
49
13
 3
27
           2.26216
           1.10992
         0.0992803
          0.169083
          0.558172
          0.551133
          0.415933
         0.0274321
          -0.91184
         -0.814008
        -0.0975949
        -0.0803755
          -1.04013
##################### ACCEPTABLE SUBNET NUMBER: 12  #########################
           0.99309
14
33
29
34
 1
27
 2
10
28
46
19
14
48
39
20
 5
37
24
30
11
17
           1.42984
           1.07808
          0.570374
           1.50575
           1.79783
         0.0941187
           1.57558
         -0.996118
           1.56513
         -0.400459
         -0.100981
         -0.206037
          -1.39338
         0.0537005
         -0.198336
         -0.576319
         -0.410817
           1.92895
           1.95016
          0.973205
          0.839027
          -0.68856
##################### ACCEPTABLE SUBNET NUMBER: 13  #########################
           2.02549
 9
49
32
45
48
27
 2
16
 9
26
 7
46
 1
38
33
21
47
25
           2.03005
           1.58474
           1.28401
         -0.798487
          0.209099
         -0.856762
          -1.15583
          0.205015
           1.26806
         -0.167417
         -0.357747
          -0.58848
           1.51439
           1.53475
           1.43311
          -1.24969
          0.245081
           1.00495
          -2.22634
##################### ACCEPTABLE SUBNET NUMBER: 14  #########################
           2.06543
 2
41
36
 8
46
 6
48
13
29
38
25
 5
           2.02261
           1.35065
           1.09123
           1.06251
         -0.801598
           1.44111
           1.33019
          0.205895
          0.932435
           1.25356
          0.431601
          -1.04797
         -0.326468
##################### ACCEPTABLE SUBNET NUMBER: 15  #########################
          0.745029
 3
33
10
29
 5
35
46
 3
30
31
           1.50713
          0.560881
          -1.24255
       -0.00549584
           0.12074
         -0.251776
         -0.231642
          0.301385
         -0.288734
         -0.023986
          -1.13221
##################### ACCEPTABLE SUBNET NUMBER: 16  #########################
           2.91727
 6
49
35
16
45
10
13
 0
            0.1113
         -0.308755
         -0.590722
         -0.975493
           -1.2928
         -0.119299
         -0.309615
         0.0625798
            -1.623
##################### ACCEPTABLE SUBNET NUMBER: 17  #########################
          0.654093
 4
25
 4
21
27
 4
 1
 6
 3
38
          0.301311
         0.0192743
         -0.492117
          0.174545
          0.167332
          0.424416
         0.0874432
          0.809565
         -0.470167
        -0.0681621
          0.175004
##################### ACCEPTABLE SUBNET NUMBER: 18  #########################
           1.91535
 4
33
 4
31
20
 8
46
38
14
45
16
21
34
 1
           1.86972
           1.06627
           1.22071
           1.32601
          0.824508
          0.562786
          0.434224
           1.65664
          0.212759
           1.07682
           1.48885
         -0.710028
          0.585304
          -1.15589
        -0.0630534
##################### ACCEPTABLE SUBNET NUMBER: 19  #########################
          0.745867
14
26
24
17
15
40
39
36
35
10
 1
 6
28
48
45
 4
11
41
46
49
           1.42512
          0.984736
          0.480977
          0.704812
         -0.489623
           1.04163
         -0.278287
         -0.654418
         -0.597559
           0.18407
         0.0716237
          0.163698
          0.106193
         -0.645559
          -1.03277
          0.656263
          0.519344
           1.15537
          0.996778
          0.446025
         -0.745318
##################### ACCEPTABLE SUBNET NUMBER: 20  #########################
          0.667142
 2
23
33
 4
40
30
50
22
           0.90856
           0.69379
         -0.676584
          0.470598
        -0.0665821
         0.0544243
          0.206505
          -1.71072
          0.604534
##################### ACCEPTABLE SUBNET NUMBER: 21  #########################
           1.66762
 6
14
12
36
48
 4
43
 4
35
46
 5
11
           2.22984
           1.31176
          0.647776
          0.824715
          -2.86708
         -0.638793
         0.0264797
          -0.46261
          -1.15976
           1.03596
           1.00864
           0.99977
         -0.807815
##################### ACCEPTABLE SUBNET NUMBER: 22  #########################
           2.98346
 7
40
34
29
20
 4
10
11
15
 1
26
30
44
 3
27
 2
50
47
16
22
 7
33
 5
32
          0.378083
          0.659701
         -0.257996
         -0.508246
          0.493128
          0.508448
           -2.4192
         -0.300615
          0.399795
         -0.180499
          0.438775
         -0.126268
           0.25132
          0.140899
         -0.160842
        -0.0285569
         -0.146308
         -0.334369
          -1.71196
          -1.16353
         -0.824423
          0.399341
         -0.130952
         -0.922842
         -0.597241
##################### ACCEPTABLE SUBNET NUMBER: 23  #########################
           0.82141
 6
34
15
20
11
46
12
 3
 8
41
 7
           1.54914
          0.837155
         -0.197687
         0.0768518
          0.320251
          -1.68626
         -0.631476
         -0.563159
         -0.456779
            0.7696
          0.237571
          -2.33684
##################### ACCEPTABLE SUBNET NUMBER: 24  #########################
          0.763283
12
15
 7
25
 4
29
23
41
12
35
10
49
42
 5
 8
47
 1
11
19
          0.768192
          0.289118
          0.402384
         -0.787626
          -0.83901
            0.7373
          0.497685
          0.864161
          0.155235
         -0.163048
          -0.76684
         -0.101592
         -0.571503
         -0.867114
         -0.988766
            1.1141
          0.937891
           1.14362
          0.942167
          0.743523
##################### ACCEPTABLE SUBNET NUMBER: 25  #########################
           1.51189
 8
11
33
27
28
25
38
 2
32
 5
44
 3
24
49
 7
          0.818557
         0.0700445
          0.327311
          0.697651
          0.840711
          0.344668
           1.27025
         -0.519266
         -0.863946
          0.152034
          -1.37687
            1.4045
         -0.202879
           1.26573
        -0.0108286
          0.413739
##################### ACCEPTABLE SUBNET NUMBER: 26  #########################
          0.915414
 9
50
17
48
 7
15
 2
49
29
33
16
 5
44
22
 4
35
19
25
12
26
 3
20
 6
46
34
14
28
           2.08756
           1.56636
          0.668723
           1.64085
           1.74204
           1.31855
           0.40757
         -0.782913
          0.257288
          0.137823
           1.19847
         -0.433327
          0.229176
           1.93359
           1.85414
           -1.1067
           1.03973
          0.893635
          -1.02376
          -1.11835
         -0.723137
          -1.65805
          0.150451
         -0.329118
         -0.921104
          -1.04572
           -1.6295
           1.04073
##################### ACCEPTABLE SUBNET NUMBER: 27  #########################
          0.737246
 4
23
 9
35
30
 6
46
 1
 3
27
43
38
           1.12125
          0.655123
         -0.312687
          0.276886
        -0.0142843
         -0.462841
           -1.4287
         -0.468239
          0.583076
          0.438846
         -0.234484
          -0.19663
          -0.14073
##################### ACCEPTABLE SUBNET NUMBER: 28  #########################
            1.6151
11
 4
49
34
15
28
20
39
36
40
 1
 5
20
 8
32
25
12
50
41
43
 7
47
29
 2
33
46
23
14
30
10
19
 9
11
           2.02144
           1.82793
          0.847085
          0.820981
          0.799669
           1.13866
           1.04701
           1.36797
          0.488966
          0.858903
         -0.659936
          0.812991
          0.608503
       -0.00782813
           1.35522
            1.0162
          0.852082
          0.110364
          0.174599
         0.0747831
          0.562411
         -0.362156
          0.599209
         -0.335388
           1.84142
          0.384809
           1.08837
         -0.875701
         -0.198542
        -0.0740964
          -0.85512
        -0.0396582
         0.0571711
          0.574057
##################### ACCEPTABLE SUBNET NUMBER: 29  #########################
           2.89051
 7
 4
41
50
34
 5
48
43
 3
37
45
24
          0.966635
           1.23325
          0.459771
            1.3551
          0.800638
          0.894295
           1.25699
           0.78891
        -0.0875858
         -0.603426
           1.20529
        -0.0904625
           1.16169
##################### ACCEPTABLE SUBNET NUMBER: 30  #########################
           1.83153
 2
47
 9
 2
 1
46
           1.05913
        -0.0752812
          -1.26135
          0.306819
          -1.35618
           1.12001
          0.520943
##################### ACCEPTABLE SUBNET NUMBER: 31  #########################
           2.93829
 3
11
 8
40
 3
30
 6
17
         -0.063087
         -0.518081
         -0.541442
         -0.446724
         -0.909186
          0.132686
         -0.424027
          0.633915
          -1.27413
##################### ACCEPTABLE SUBNET NUMBER: 32  #########################
          0.675005
 3
 4
 3
33
 7
35
 5
46
42
41
48
36
           1.49103
           0.79622
        -0.0720196
            0.1564
         -0.211466
         0.0998417
          0.366323
          0.331515
          0.334091
          -1.27611
         -0.850522
         -0.354415
          -1.65886
##################### ACCEPTABLE SUBNET NUMBER: 33  #########################
           2.06518
 2
28
21
 3
 6
15
12
          0.864476
         0.0552506
         -0.769868
          0.168306
          -1.33948
          0.343797
         -0.300423
         -0.840593
##################### ACCEPTABLE SUBNET NUMBER: 34  #########################
            1.4459
 3
23
 9
22
 2
 1
35
           1.07517
          0.889441
          -1.19254
          0.380988
          0.456835
          -1.15385
          0.763191
        -0.0788428
##################### ACCEPTABLE SUBNET NUMBER: 35  #########################
           1.01566
 1
33
 2
46
47
           2.24268
           1.29192
          0.610813
          0.668326
           1.04318
          0.952419
##################### ACCEPTABLE SUBNET NUMBER: 36  #########################
          0.663836
 4
42
43
10
 7
 2
 1
41
          0.854015
         -0.123078
          -1.41144
        -0.0459912
         -0.110889
         -0.102082
         -0.240821
          0.671269
          0.134147
##################### ACCEPTABLE SUBNET NUMBER: 37  #########################
           2.95835
 3
16
 2
48
 9
25
41
15
12
29
32
42
33
10
          0.888653
          0.699987
         0.0800877
          0.215986
          -0.61952
         -0.537564
           0.35065
          0.291537
         -0.299131
         -0.665148
         0.0721543
         -0.912468
        -0.0880116
         -0.950336
        0.00196228
##################### ACCEPTABLE SUBNET NUMBER: 38  #########################
            1.1026
 6
50
 9
 4
35
17
 7
 5
 8
49
40
26
29
           1.15453
          0.177573
         -0.816529
         -0.103206
          0.301919
          0.102099
         -0.361657
        -0.0491109
         -0.210334
          0.662963
          -1.46337
          0.298755
           -1.1045
          -1.19437
##################### ACCEPTABLE SUBNET NUMBER: 39  #########################
           2.12019
 5
16
26
17
29
33
 0
          0.778971
         0.0444467
         -0.905771
         -0.281427
         -0.281908
         -0.237411
          -1.09921
         -0.767873
##################### ACCEPTABLE SUBNET NUMBER: 40  #########################
          0.707042
 6
 9
26
16
12
34
40
 8
42
24
46
32
50
25
 7
30
            1.4767
           1.07775
          0.108178
          0.413361
          0.113599
          0.171257
          0.487714
          0.394421
         -0.599838
       -0.00666991
          0.818285
            0.4659
          -0.51159
       -0.00800335
        -0.0544327
         -0.329118
         -0.249803
##################### ACCEPTABLE SUBNET NUMBER: 41  #########################
           2.52261
 6
33
43
 6
14
12
 9
 1
 8
        -0.0613955
          -0.29703
           -1.3218
          0.212835
          -1.44645
         0.0397348
          -0.78202
          0.665638
         0.0502738
           1.05166
##################### ACCEPTABLE SUBNET NUMBER: 42  #########################
            1.4031
 6
12
23
 3
48
25
22
 8
 1
46
15
 6
 5
26
49
24
           1.91386
           1.35333
          0.852324
           1.48324
             1.321
          -1.07698
         0.0594935
         -0.779035
          -1.23517
            1.9945
           1.19361
           1.02984
           0.11706
          0.823011
          -0.44123
            -1.741
          0.366487
##################### ACCEPTABLE SUBNET NUMBER: 43  #########################
          0.717916
 3
50
17
34
 8
31
46
49
 9
37
47
 8
21
           1.95903
           1.37009
           1.30061
         -0.568295
          0.479222
           1.43885
           1.50292
            1.6387
           1.09881
         -0.270878
          0.493642
         -0.951584
           1.45883
          -0.90031
##################### ACCEPTABLE SUBNET NUMBER: 44  #########################
          0.677264
 3
45
31
35
 6
44
24
37
47
32
 1
           1.80477
           1.02197
         -0.257996
          0.787081
        0.00757456
          -1.38761
          0.936166
           1.17195
         -0.677111
          0.866431
          0.257481
           1.08118
##################### ACCEPTABLE SUBNET NUMBER: 45  #########################
           2.37798
 4
15
14
30
33
 4
 1
27
46
35
           1.96538
           1.34022
          0.975966
          0.899857
         -0.720019
         -0.495926
          0.196871
           1.30458
           1.26108
           1.28193
         -0.420903
##################### ACCEPTABLE SUBNET NUMBER: 46  #########################
          0.744218
 5
 9
12
25
22
39
 3
 1
37
24
          0.476263
         0.0604846
         -0.201844
         -0.237035
          0.282165
         0.0934197
          -1.97238
          -2.35083
          0.802723
          -2.11636
          0.381313
##################### ACCEPTABLE SUBNET NUMBER: 47  #########################
          0.820079
11
17
33
34
14
 7
40
38
21
19
48
 6
 3
24
32
50
           3.46382
           1.53748
         -0.385352
        -0.0650625
          0.208804
         0.0873456
          0.460242
         -0.336483
         -0.703806
         -0.223295
          -1.21537
         0.0956747
         -0.255236
         -0.054865
           1.10051
          0.654039
         -0.735195
##################### ACCEPTABLE SUBNET NUMBER: 48  #########################
          0.773761
 3
45
17
 9
 4
24
10
39
15
           1.98384
           1.45212
         0.0533807
          0.901686
           1.02922
           1.07225
           1.38945
           1.05488
        -0.0995842
         -0.946182
##################### ACCEPTABLE SUBNET NUMBER: 49  #########################
           2.24976
 4
48
14
45
26
 1
 6
         -0.109572
         -0.489523
         -0.507726
         0.0293065
          0.235723
          -1.57212
          -1.12398
          0.681053
##################### ACCEPTABLE SUBNET NUMBER: 50  #########################
          0.709435
 4
24
13
32
25
 2
 8
 7
          0.728176
          0.210592
         -0.307018
          -1.56079
            0.6172
         -0.417186
          0.105977
           1.01652
           0.45183
##################### ACCEPTABLE SUBNET NUMBER: 51  #########################
          0.723568
 2
 4
34
12
46
37
10
 9
47
13
24
11
44
 7
31
40
           2.29765
           1.08061
         0.0130651
          0.149017
         0.0935779
          0.476335
          0.547515
         -0.573806
         -0.975923
          0.329008
         -0.088139
          0.353172
         -0.293736
         -0.586122
         -0.914419
          -1.69322
         0.0413021
##################### ACCEPTABLE SUBNET NUMBER: 52  #########################
           1.44907
 2
26
17
 4
46
38
43
49
           1.17012
          0.274324
          0.282105
          0.579664
         0.0790881
           0.92873
         -0.902403
         -0.289111
         -0.861263
##################### ACCEPTABLE SUBNET NUMBER: 53  #########################
           1.59743
 7
32
 2
33
15
 3
 4
28
 5
39
34
 8
41
 6
           1.54346
         0.0906517
          -1.07539
         -0.615085
          0.120819
         -0.236717
           -0.4131
         -0.352392
         -0.555785
          -1.76377
          0.112434
          0.140163
          0.392754
          -1.77267
         -0.198106
##################### ACCEPTABLE SUBNET NUMBER: 54  #########################
          0.693601
 5
33
23
10
47
28
 2
12
30
           1.91757
             1.011
          -1.15571
         -0.269128
         0.0986273
         -0.453768
         -0.487911
         -0.116663
          0.390379
          -1.12227
##################### ACCEPTABLE SUBNET NUMBER: 55  #########################
           2.77093
 5
27
25
50
28
16
 4
 6
11
39
48
          0.162934
         -0.396878
          0.613209
           0.37834
          0.724094
         -0.177347
         -0.299236
         -0.773335
            1.1394
          0.326264
          0.939857
          0.128658
##################### ACCEPTABLE SUBNET NUMBER: 56  #########################
           1.26272
 3
50
36
16
10
43
35
 4
44
24
 5
 1
 6
26
29
           2.05902
           1.30731
         -0.522634
          0.393806
          0.257744
         -0.518718
          0.576042
          0.611645
         -0.515092
          0.634852
         -0.350041
         -0.556521
          0.276265
          0.213834
         -0.266372
         -0.224814
##################### ACCEPTABLE SUBNET NUMBER: 57  #########################
          0.680794
 3
28
19
23
 3
 8
24
 9
          0.865299
          0.211374
          -1.26794
          0.137293
          -1.15274
          0.194244
          0.639589
          -1.44387
         -0.242851
##################### ACCEPTABLE SUBNET NUMBER: 58  #########################
           2.68856
 6
32
39
16
34
22
 5
 5
 8
46
27
43
26
           1.56034
           1.15914
          0.669966
          0.369076
        -0.0878345
         -0.747503
         0.0204141
         0.0727792
         -0.102471
           1.01311
          0.922083
          0.499361
          0.351912
         -0.456511
##################### ACCEPTABLE SUBNET NUMBER: 59  #########################
           2.79818
 5
34
 4
49
35
11
 8
23
39
 6
 5
26
47
29
19
           1.46692
           1.69877
          0.296081
          0.733644
          0.708089
         -0.103081
          0.469709
          -1.01625
          -1.00392
         -0.184149
          0.669111
         -0.336798
          0.437309
         -0.613924
          -1.72864
         -0.792858
##################### ACCEPTABLE SUBNET NUMBER: 60  #########################
           0.69624
 7
45
10
20
32
 6
23
 8
 6
37
14
35
21
46
22
           1.52983
           1.33806
          0.756485
         0.0458794
           1.15844
          0.833795
         -0.562802
         -0.430726
           1.44177
           0.18994
         -0.565009
        -0.0264342
           1.37084
        -0.0893183
         -0.577083
           1.55393
##################### ACCEPTABLE SUBNET NUMBER: 61  #########################
           2.73764
 2
 2
50
 7
12
46
 5
24
33
 1
27
           1.44231
          0.961491
           1.77782
         -0.356721
          -1.59077
           1.97229
           2.04945
          0.504164
         -0.226165
          0.198761
          0.211447
         -0.181074
##################### ACCEPTABLE SUBNET NUMBER: 62  #########################
           2.44639
 3
16
 2
 9
 7
19
17
22
24
14
15
 8
         -0.182008
          -0.43925
         -0.400234
         0.0710503
          0.634085
         0.0897242
         -0.503031
          0.467418
         -0.151713
          0.350333
          0.282139
          -1.21218
       0.000208811
##################### ACCEPTABLE SUBNET NUMBER: 63  #########################
           1.55076
12
45
41
 7
11
 2
28
19
36
43
 9
34
35
 5
24
32
44
 8
 1
           1.91629
           1.03134
          0.613182
           1.47257
           1.03988
           1.05078
          -1.31113
          -1.13976
          -1.13011
          0.074398
          0.358667
          -1.24002
          0.583283
         -0.658811
         -0.532737
           1.94914
           1.45994
         -0.629198
         -0.320939
          0.703636
##################### ACCEPTABLE SUBNET NUMBER: 64  #########################
           2.69039
 5
 4
45
11
31
 5
10
24
37
47
15
27
10
20
46
 9
42
           1.83172
           1.61637
           1.40603
           1.76578
          -0.83068
          -1.21686
          0.113696
         -0.496716
            1.7967
           1.85862
           1.31562
         -0.198251
         -0.345929
          -1.12324
          0.481142
         0.0559554
          0.824245
         -0.485134
##################### ACCEPTABLE SUBNET NUMBER: 65  #########################
           1.62518
 2
25
20
 1
11
          0.520588
         -0.177803
         -0.326047
         0.0140096
          0.120575
          0.421605
##################### ACCEPTABLE SUBNET NUMBER: 66  #########################
          0.805816
 4
48
19
 6
30
 5
 1
34
 4
47
22
          0.567048
         -0.240824
         -0.640187
       -0.00936621
        -0.0141591
         -0.872141
         -0.528186
          0.730365
          0.298728
         -0.931332
         -0.893774
         -0.517305
##################### ACCEPTABLE SUBNET NUMBER: 67  #########################
          0.733983
 5
29
36
32
 9
48
15
20
35
15
44
25
27
22
31
 2
33
14
28
 7
26
11
           2.16857
           1.42477
          0.314805
           1.22626
          0.904811
         -0.121916
           1.18183
         -0.151475
           1.06303
           1.30696
           1.03144
           1.24482
         -0.747533
         -0.844373
           1.47759
           0.35844
          -1.84241
          -1.88612
         -0.567264
           0.67876
          -1.42818
          -1.62229
           1.07701
##################### ACCEPTABLE SUBNET NUMBER: 68  #########################
           2.64793
 6
48
10
35
27
25
34
 4
50
14
21
 1
          0.237288
         -0.612536
         -0.357264
          0.257669
           0.44017
         -0.599698
          -1.37979
         -0.463672
          -0.83689
          0.733651
          0.103997
         -0.506309
          -1.19043
##################### ACCEPTABLE SUBNET NUMBER: 69  #########################
           2.84585
 2
33
20
 3
31
41
 7
           1.05839
          0.422357
         -0.477714
         -0.149265
         0.0460892
          0.159424
         -0.986183
         -0.719313
##################### ACCEPTABLE SUBNET NUMBER: 70  #########################
           2.23402
 3
17
26
 9
 5
 4
41
47
39
35
          0.120709
         -0.422523
          0.061529
          0.871251
          0.722802
          -1.21981
           1.20637
           1.02261
        -0.0291484
         -0.605256
           0.69582
##################### ACCEPTABLE SUBNET NUMBER: 71  #########################
           1.38366
 2
27
43
 6
24
10
26
40
29
 3
           1.40517
             0.637
           1.37845
           1.68586
         -0.787914
           2.10075
           1.95652
          -1.94264
          -0.39681
         0.0689099
         -0.588723
##################### ACCEPTABLE SUBNET NUMBER: 72  #########################
          0.813552
 6
40
48
 3
35
 4
13
 7
12
41
10
19
15
21
36
           2.21744
           1.58219
           0.91279
          0.380911
           1.35356
           1.68169
          -1.31498
          0.714614
          -1.40868
           1.93672
           1.48934
          -0.02068
         -0.313918
         -0.336027
         -0.500637
         -0.222357
##################### ACCEPTABLE SUBNET NUMBER: 73  #########################
           0.79946
 3
35
42
22
 4
 1
34
48
30
           1.10204
         -0.110033
          -1.03077
         -0.195131
         -0.137984
          -1.31017
          0.625771
         0.0681466
            -1.199
         -0.853921
##################### ACCEPTABLE SUBNET NUMBER: 74  #########################
           2.26798
 6
35
41
40
45
37
 9
 8
 8
 2
46
43
29
13
36
 5
           1.61047
           1.24412
           1.52493
         -0.289376
           1.49229
          0.567967
         -0.855889
          0.479956
         -0.310445
           1.85812
          0.054312
           1.78566
           1.41383
           1.14922
            1.0923
          0.514572
          -1.53087
##################### ACCEPTABLE SUBNET NUMBER: 75  #########################
           2.08258
10
16
10
22
20
 9
34
 3
19
30
27
 1
24
          0.500079
         0.0228205
          -1.05557
         -0.062188
         0.0423638
          0.034302
         -0.441191
         -0.222591
         -0.669188
         -0.529088
           -0.2242
          -0.84809
         -0.662431
          0.427439
----------Number of Acceptable Subnets found: 75 -----------
----------END FOR GENE 18 -----------
--------START FOR GENE 19 -----------
 Values arranged as error, n_ka, gene ids for ka, n_kd, gene ids for kd,
 r0, d, ea, ka_values, kd_values for each subnet. 
##################### ACCEPTABLE SUBNET NUMBER: 1  #########################
           1.60104
 6
15
32
 3
16
30
46
10
 9
24
10
38
14
40
50
 1
12
13
          -1.49035
          -1.02903
          -1.65146
          0.144147
         -0.912223
          0.936179
       -0.00415084
          0.820849
         0.0329573
         0.0615981
          -1.13683
           0.11124
          -0.79098
          0.148188
         -0.829084
         -0.901453
           1.07701
       0.000692792
         -0.216728
##################### ACCEPTABLE SUBNET NUMBER: 2  #########################
          0.667279
 4
18
 9
27
 2
 2
37
41
          0.411557
          0.228463
         -0.256226
         -0.183669
          -1.12906
         -0.261803
          0.520276
          -1.97324
           -1.8851
##################### ACCEPTABLE SUBNET NUMBER: 3  #########################
           2.17552
 1
40
 2
 5
37
         -0.280917
           -1.4469
         -0.393815
          -1.25417
          0.571658
          -1.25097
##################### ACCEPTABLE SUBNET NUMBER: 4  #########################
          0.695037
 3
42
43
14
 1
25
         -0.574482
         -0.447484
        -0.0383578
        0.00713099
         -0.125233
         0.0679923
          0.175539
##################### ACCEPTABLE SUBNET NUMBER: 5  #########################
           1.07067
 5
28
24
21
 4
33
 2
16
20
          0.592048
          0.851573
        -0.0188273
         0.0403294
         0.0085034
         -0.230451
          0.216424
          -1.66202
          -0.50915
        -0.0419669
##################### ACCEPTABLE SUBNET NUMBER: 6  #########################
           1.08598
 2
 5
 4
 3
26
30
18
          0.228312
          0.285273
        -0.0937915
          -1.40107
        -0.0177093
          -1.05085
         -0.721875
         -0.791654
##################### ACCEPTABLE SUBNET NUMBER: 7  #########################
           1.63656
 3
40
35
11
 1
25
         -0.286861
          -1.28524
         -0.150355
          -1.93855
         -0.017663
         -0.957634
           0.74986
##################### ACCEPTABLE SUBNET NUMBER: 8  #########################
           1.09836
 1
27
 1
25
           1.56224
          0.818829
         -0.329461
         -0.291748
          -1.08951
##################### ACCEPTABLE SUBNET NUMBER: 9  #########################
           2.47942
 3
27
26
37
 1
39
         -0.174719
         -0.983183
         -0.380713
         -0.466572
         -0.409541
          -1.91509
          -2.33937
##################### ACCEPTABLE SUBNET NUMBER: 10  #########################
          0.672751
 3
15
10
29
 3
42
48
25
           0.33988
          0.661915
        0.00758764
         -0.904139
        -0.0977244
          0.464587
         -0.143775
         0.0845535
         -0.972397
##################### ACCEPTABLE SUBNET NUMBER: 11  #########################
           0.58304
 2
15
20
 3
46
48
32
           1.15931
           1.44527
           1.03527
           0.74021
           1.29529
          0.903991
           1.07557
           0.94852
##################### ACCEPTABLE SUBNET NUMBER: 12  #########################
           0.65259
 1
14
 5
47
16
30
39
40
           1.49326
           1.32418
         -0.138517
          0.165436
        0.00894612
         -0.857304
         -0.245838
         -0.629711
         0.0380148
##################### ACCEPTABLE SUBNET NUMBER: 13  #########################
          0.584848
 3
10
14
17
 0
          0.638707
          0.243257
         -0.250109
         -0.139369
        -0.0984441
          -1.36023
##################### ACCEPTABLE SUBNET NUMBER: 14  #########################
          0.655291
 2
10
28
 2
39
40
          0.623465
          0.124519
          -0.17603
        -0.0455453
         -0.976543
          0.114051
           -1.4425
##################### ACCEPTABLE SUBNET NUMBER: 15  #########################
           1.51982
 0
 2
27
48
          0.422212
         -0.374185
          -0.27546
          -2.97054
         0.0697298
##################### ACCEPTABLE SUBNET NUMBER: 16  #########################
           2.46292
 4
29
39
28
41
 4
14
30
48
 3
         -0.713853
          -1.49386
          -1.60424
         -0.478028
         -0.243787
          -1.07043
          -1.11386
          -1.26602
          -1.75308
         0.0691901
          -1.04149
##################### ACCEPTABLE SUBNET NUMBER: 17  #########################
           1.16335
 5
 7
40
10
27
 5
 5
 9
32
18
24
 8
          0.825267
           1.09916
           1.11229
          0.659672
        -0.0868664
         -0.848209
           0.57902
        -0.0106462
          -0.43757
            1.1421
          0.162058
           1.05241
          -1.72752
##################### ACCEPTABLE SUBNET NUMBER: 18  #########################
            2.7274
 3
 7
 3
 6
 0
           -1.5055
         -0.942464
          0.679572
           1.37517
         -0.683306
         -0.693994
##################### ACCEPTABLE SUBNET NUMBER: 19  #########################
          0.738177
 2
21
38
 3
43
25
 6
          0.471887
          0.689214
        -0.0510178
          0.237813
          0.124463
         -0.894958
          0.185766
         -0.789747
##################### ACCEPTABLE SUBNET NUMBER: 20  #########################
           0.70038
 4
13
50
43
 3
 1
42
          0.134015
          0.436551
         -0.300352
         0.0206615
          0.284578
          0.108867
          0.343719
          0.142843
##################### ACCEPTABLE SUBNET NUMBER: 21  #########################
           1.43689
 0
 4
25
 8
31
39
          -1.30991
          -0.89825
          0.572983
           0.73597
          -0.20204
         -0.456041
         -0.205791
##################### ACCEPTABLE SUBNET NUMBER: 22  #########################
          0.736303
 3
 8
 9
10
 6
25
12
39
 1
27
33
           1.09186
         -0.529093
         -0.474113
          -1.07051
          -1.50909
         -0.599996
          0.140876
         -0.489074
         0.0123969
          -1.50598
          -1.10286
           -1.5152
##################### ACCEPTABLE SUBNET NUMBER: 23  #########################
           1.96716
 3
23
34
 2
 5
12
18
25
39
 7
          -1.46172
          -1.08158
          -1.34902
           0.70925
         -0.969023
          0.709159
          0.692051
         -0.138875
         -0.159794
         -0.687142
         -0.697489
##################### ACCEPTABLE SUBNET NUMBER: 24  #########################
           1.09857
 1
22
 3
 1
23
45
           0.48807
          0.539231
        -0.0977544
        -0.0316481
         -0.654251
          -1.34903
         -0.850995
##################### ACCEPTABLE SUBNET NUMBER: 25  #########################
          0.769585
 1
50
 0
        0.00464403
          0.267576
         -0.606197
          0.223797
##################### ACCEPTABLE SUBNET NUMBER: 26  #########################
          0.726728
 1
29
 3
16
35
48
         -0.209915
         0.0924443
         0.0420573
          0.274141
         0.0599165
           -1.0402
         -0.618441
##################### ACCEPTABLE SUBNET NUMBER: 27  #########################
           1.17735
 4
36
48
34
37
 2
 2
43
          0.574169
          0.391451
         -0.203335
         -0.117365
           -1.8725
         -0.232999
         -0.455133
          -1.49806
         -0.789649
##################### ACCEPTABLE SUBNET NUMBER: 28  #########################
          0.704938
 0
 3
39
42
49
          0.459154
        -0.0974689
         -0.120913
          0.154474
          0.184427
         -0.695561
##################### ACCEPTABLE SUBNET NUMBER: 29  #########################
            1.8229
 2
50
 8
13
41
 6
15
37
44
25
22
 4
35
42
30
16
34
           1.73667
            1.9964
            1.8921
          -2.11068
         -0.185393
           1.94326
          0.457013
          0.204764
        -0.0972814
         -0.431874
           1.89989
          0.318929
         -0.502966
         0.0580527
        0.00521417
         -0.948319
          -1.61395
          -1.48236
##################### ACCEPTABLE SUBNET NUMBER: 30  #########################
           1.25845
14
11
 6
50
22
12
29
38
15
39
44
28
 4
32
 8
 3
26
49
30
           1.49899
           1.83106
           1.03448
          -1.33018
         -0.595109
          0.897358
          0.336774
          -1.23558
         0.0371018
          -1.24961
         -0.316115
          -1.97693
          0.953225
           0.54862
          0.280696
          0.756185
         -0.346423
           1.05899
         -0.630145
          0.530522
##################### ACCEPTABLE SUBNET NUMBER: 31  #########################
           2.72838
 3
42
37
46
 1
 9
          -1.50945
         -0.945726
         -0.867089
           2.44025
         -0.310719
           1.20475
           1.40575
##################### ACCEPTABLE SUBNET NUMBER: 32  #########################
           1.11145
 4
14
 4
38
17
 2
32
34
          0.833399
          0.964602
        -0.0130665
         0.0622588
         -0.502739
          -1.16389
        -0.0146966
        -0.0205173
          -1.31229
##################### ACCEPTABLE SUBNET NUMBER: 33  #########################
           1.07225
 1
46
 1
39
          0.198161
          0.123664
        -0.0338377
         -0.847641
          0.113533
##################### ACCEPTABLE SUBNET NUMBER: 34  #########################
           1.59114
 5
37
 4
 8
38
10
 7
18
46
33
 5
 6
11
27
          0.925691
           1.22676
          0.828459
          0.539391
           1.13633
          0.991929
        -0.0998386
          0.451699
          0.852356
          0.868925
         0.0894317
          0.316965
          0.278185
          0.687431
          0.887551
##################### ACCEPTABLE SUBNET NUMBER: 35  #########################
           2.46366
 7
 7
46
15
18
 5
34
16
 5
38
49
26
 6
27
         -0.376905
          -1.34282
         -0.448155
         -0.313808
          -1.00274
          -2.01529
         -0.698802
          -2.02148
          -2.02486
          -1.95441
          -1.95161
         -0.673197
          -2.02166
         -0.747021
         -0.751372
##################### ACCEPTABLE SUBNET NUMBER: 36  #########################
           1.96507
 5
33
35
15
30
25
 4
29
 7
10
48
         -0.186897
          -1.03023
          -0.29244
         -0.514504
          -1.55575
          -1.45037
          -1.45637
          -1.44037
         -0.277487
          -1.98771
          -1.46815
            0.1443
##################### ACCEPTABLE SUBNET NUMBER: 37  #########################
           2.72483
 1
35
 0
          -1.04656
         -0.925669
        -0.0615557
          -0.49628
##################### ACCEPTABLE SUBNET NUMBER: 38  #########################
          0.615441
 1
37
 3
15
 9
48
          0.763005
          0.826613
        -0.0822969
         0.0588886
        -0.0502082
       -0.00549579
        -0.0491027
##################### ACCEPTABLE SUBNET NUMBER: 39  #########################
           1.63617
 2
 4
 7
 5
46
31
16
 9
44
         -0.156154
         0.0648708
          0.219168
         -0.311468
         -0.324213
          0.307586
          -1.59831
         -0.949537
          0.244455
          -1.10431
##################### ACCEPTABLE SUBNET NUMBER: 40  #########################
          0.716628
 2
15
10
 1
 8
           2.08895
           2.38147
        -0.0515951
          0.373803
          0.192743
          0.231037
##################### ACCEPTABLE SUBNET NUMBER: 41  #########################
           2.60681
10
 9
32
 3
13
20
27
 8
23
36
46
 2
33
16
          -1.50781
         -0.977226
           0.23564
          -1.06949
         0.0592322
         -0.519089
         -0.533524
          0.337128
         -0.525202
         -0.539941
         -0.536273
         -0.015219
         0.0721079
         -0.104765
         0.0100134
##################### ACCEPTABLE SUBNET NUMBER: 42  #########################
           1.12774
 2
27
28
 0
          0.664362
          0.367562
          -0.20938
         -0.161743
         -0.338809
##################### ACCEPTABLE SUBNET NUMBER: 43  #########################
          0.925112
 3
50
14
12
 3
26
45
38
          0.657884
          0.926333
           -0.7405
          0.223261
          0.250979
         -0.723585
         -0.338107
         -0.693669
         -0.269368
##################### ACCEPTABLE SUBNET NUMBER: 44  #########################
           2.72772
 1
24
 0
         -0.306026
          -0.94142
         -0.292627
         -0.835654
##################### ACCEPTABLE SUBNET NUMBER: 45  #########################
           1.96882
 0
 1
16
         -0.184497
         -0.898331
         -0.285078
          0.101192
##################### ACCEPTABLE SUBNET NUMBER: 46  #########################
          0.683129
 5
44
 9
40
 6
10
 2
33
12
          0.835355
           1.05861
         -0.317268
          0.251057
           -0.4323
          -1.00135
           -1.2311
          0.149937
        -0.0358914
         -0.641941
##################### ACCEPTABLE SUBNET NUMBER: 47  #########################
           2.72848
 1
 8
 0
          -1.50931
         -0.945508
          -1.80386
           2.57134
##################### ACCEPTABLE SUBNET NUMBER: 48  #########################
           2.72654
 0
 1
38
         -0.246683
         -0.945311
         -0.309348
         -0.663861
##################### ACCEPTABLE SUBNET NUMBER: 49  #########################
           1.13157
 2
15
 1
 3
 2
18
38
          0.547351
          0.923905
         0.0882045
           1.29058
         -0.703077
           1.42353
          0.804502
         -0.199765
##################### ACCEPTABLE SUBNET NUMBER: 50  #########################
          0.749957
 6
50
10
35
43
41
21
 3
30
33
 1
         0.0933557
          0.348326
          -0.51851
          0.192294
         -0.511149
        -0.0617406
          -1.93131
        -0.0914981
         -0.568923
         -0.476412
         -0.690321
          -1.31536
##################### ACCEPTABLE SUBNET NUMBER: 51  #########################
           1.24889
 3
34
41
21
 3
26
 1
46
           1.57579
            1.8804
           1.59245
          0.192604
          -1.48361
           0.26837
           1.61848
           1.39623
         -0.507542
##################### ACCEPTABLE SUBNET NUMBER: 52  #########################
           1.08255
 3
 3
26
35
 1
39
          0.340191
          0.690094
         -0.202139
         0.0118028
         -0.118405
          0.473335
          0.134728
##################### ACCEPTABLE SUBNET NUMBER: 53  #########################
           1.14148
 5
50
12
13
45
41
 2
32
30
           1.67574
           1.98498
           1.34028
        -0.0947061
          -1.62289
         -0.336164
          0.391493
        -0.0835417
           1.35066
           1.17961
##################### ACCEPTABLE SUBNET NUMBER: 54  #########################
           2.85653
 5
 1
46
29
 7
41
 6
18
15
16
23
14
39
           1.26225
            1.7418
           1.50645
           1.86261
         -0.139897
          -0.94141
          -1.91429
           1.36771
           1.53366
          0.784905
         -0.112659
          -1.74131
          -1.27888
          0.292814
##################### ACCEPTABLE SUBNET NUMBER: 55  #########################
          0.764895
 2
27
10
 1
12
          0.204117
         0.0845356
          -0.18119
        -0.0751028
        -0.0243209
         -0.321933
##################### ACCEPTABLE SUBNET NUMBER: 56  #########################
           2.72848
 1
36
 1
 5
          -1.50931
         -0.945517
          -1.41679
           2.60065
         -0.324201
##################### ACCEPTABLE SUBNET NUMBER: 57  #########################
          0.672896
 2
21
 4
 2
17
12
         -0.146318
         0.0636323
       -0.00818081
        -0.0398135
          0.507155
        -0.0893694
          0.370102
##################### ACCEPTABLE SUBNET NUMBER: 58  #########################
           2.70991
 0
 2
18
25
           4.06958
         -0.955698
          -1.39615
         -0.223575
         -0.939593
##################### ACCEPTABLE SUBNET NUMBER: 59  #########################
           2.72848
 1
28
 0
          -1.50927
         -0.945571
          0.914432
           0.51689
##################### ACCEPTABLE SUBNET NUMBER: 60  #########################
           1.46839
 0
 1
25
         -0.413492
         -0.927482
         -0.216002
          0.178026
##################### ACCEPTABLE SUBNET NUMBER: 61  #########################
           2.80339
 9
36
17
44
35
48
25
18
 2
42
11
45
 3
49
26
16
22
12
50
31
32
39
           1.63657
           2.07958
           1.84992
           2.74822
          0.187801
          0.591632
          0.117013
          0.665273
          -1.35879
           -1.1503
          -1.05123
          -2.16179
           1.61692
         -0.351225
           2.24802
           2.28564
           1.02134
          0.339487
          0.769611
        -0.0448425
         0.0865933
         -0.090922
         -0.184937
##################### ACCEPTABLE SUBNET NUMBER: 62  #########################
          0.496618
 6
34
12
46
24
28
43
 3
47
38
30
          0.352005
         -0.552466
         -0.487315
           0.65169
         -0.984192
          0.701322
          0.943143
         -0.482166
          0.294247
           1.24329
          0.210841
           1.19075
##################### ACCEPTABLE SUBNET NUMBER: 63  #########################
          0.726008
 3
 4
 5
35
 2
11
48
           1.30027
           1.45045
        -0.0606037
          0.282899
         -0.440925
         0.0969643
           0.20784
         -0.220076
##################### ACCEPTABLE SUBNET NUMBER: 64  #########################
          0.667592
 3
26
44
 2
 1
22
          0.287547
          0.187231
          -0.25469
         -0.470863
        -0.0632857
          0.540838
         -0.149626
##################### ACCEPTABLE SUBNET NUMBER: 65  #########################
             2.265
14
 3
 8
36
22
43
 4
21
33
16
 5
30
49
18
11
13
40
20
27
29
12
50
 1
25
 9
 7
24
28
 6
         -0.672471
          -1.03174
         -0.308025
         -0.111358
         -0.362965
          0.253757
         -0.351664
          -1.50227
          -0.13767
         0.0318612
         -0.955163
         -0.586309
         -0.368131
         -0.798043
         -0.790539
         -0.300268
          -2.33736
          0.428206
         -0.132166
         -0.150103
         -0.577074
          0.294286
          -1.00936
         -0.152305
          -1.50604
          -1.66066
         -0.955499
         -0.368282
         -0.280749
          -0.29993
##################### ACCEPTABLE SUBNET NUMBER: 66  #########################
           2.46651
 2
26
49
 3
12
40
18
         -0.287022
          -1.42405
          -1.69764
         -0.490899
          0.530265
          0.401453
           1.05406
          0.124932
##################### ACCEPTABLE SUBNET NUMBER: 67  #########################
           0.72748
 2
31
20
 4
48
13
40
34
          0.059062
         -0.125887
         -0.117391
          -2.28045
        -0.0712094
         0.0788348
          -1.98088
          -1.24676
           -2.4879
##################### ACCEPTABLE SUBNET NUMBER: 68  #########################
          0.954695
 2
15
21
 2
48
40
          0.414605
          0.743913
         0.0485721
          0.450339
        -0.0277787
         -0.680634
          0.186969
##################### ACCEPTABLE SUBNET NUMBER: 69  #########################
          0.848678
 4
38
18
22
14
 4
48
30
33
50
           1.51285
           1.83462
           1.14046
           1.44847
           1.02818
           1.50681
          0.205616
           1.40914
          0.514775
          0.862216
         -0.371161
##################### ACCEPTABLE SUBNET NUMBER: 70  #########################
           1.29561
 1
18
 4
26
 8
39
 2
          0.788613
           1.12719
           0.78685
           0.64714
          0.798765
         -0.110015
         -0.898672
          -1.23628
##################### ACCEPTABLE SUBNET NUMBER: 71  #########################
          0.652807
 3
 4
18
 7
 1
48
         0.0338111
          0.317433
         0.0198814
          0.249116
         -0.269024
        -0.0211212
       -0.00529964
##################### ACCEPTABLE SUBNET NUMBER: 72  #########################
           1.27819
 2
21
 8
 0
          0.360653
           0.73227
         0.0205626
         -0.982618
          0.584536
##################### ACCEPTABLE SUBNET NUMBER: 73  #########################
           2.31302
 0
 3
45
23
 1
         -0.412913
          -1.52842
        -0.0930236
          0.577207
           0.57836
           1.47354
##################### ACCEPTABLE SUBNET NUMBER: 74  #########################
           2.53577
 2
13
32
 4
50
 6
 8
16
           3.14018
         -0.902221
          -1.16949
          -1.22183
          -1.81191
           -5.4306
          -1.27139
         -0.751444
          -1.19676
##################### ACCEPTABLE SUBNET NUMBER: 75  #########################
           1.67694
 0
 3
23
38
37
         -0.793398
          -1.10123
          0.560933
          -0.21178
          0.964528
         -0.240755
----------Number of Acceptable Subnets found: 75 -----------
----------END FOR GENE 19 -----------
