File open successful. It contains: 
Finished reading file, will close now.
File x_dt open successful.
Finished reading file x_dt, will close now.
File sd_d open successful.
Finished reading file sd_d, will close now.
--------START FOR GENE 21 -----------
 Values arranged as error, n_ka, gene ids for ka, n_kd, gene ids for kd,
 r0, d, ea, ka_values, kd_values for each subnet. 
##################### ACCEPTABLE SUBNET NUMBER: 1  #########################
           2.96855
 5
45
32
 4
17
50
 5
 9
25
 2
36
27
           1.69967
           1.18994
         -0.614089
        -0.0543351
         -0.283392
         -0.428938
         -0.992765
           -1.5544
          0.349246
          -1.07403
        0.00445971
          -1.41609
          -1.25735
##################### ACCEPTABLE SUBNET NUMBER: 2  #########################
            2.9734
 5
50
34
25
14
 4
 6
18
10
36
 7
35
 1
          0.512317
          0.383514
         -0.530507
          0.157537
          0.169624
         -0.135494
          -1.15298
          -1.04765
          0.460759
         0.0581198
         -0.260309
         0.0269649
          -1.13694
          -1.80906
##################### ACCEPTABLE SUBNET NUMBER: 3  #########################
           1.68796
 5
12
35
26
32
25
 9
30
 7
 5
14
41
20
10
39
 9
          0.746713
          0.680219
          -0.49114
          0.281308
         -0.463838
         -0.475555
        -0.0248947
         -0.195713
          0.402696
        -0.0216916
         -0.270381
        -0.0511882
         -0.590396
          -1.18697
         -0.915843
          -1.37195
          -1.57767
##################### ACCEPTABLE SUBNET NUMBER: 4  #########################
          0.883295
 6
 5
48
 2
33
 3
19
 5
39
17
14
 1
 9
           1.77226
           1.02418
          0.085179
          0.239017
         0.0502221
         -0.311296
         0.0538831
         -0.322759
         -0.703964
          0.526223
          0.461906
          0.440767
         -0.941812
          0.415447
##################### ACCEPTABLE SUBNET NUMBER: 5  #########################
          0.996626
 3
23
38
43
 9
39
46
44
36
41
 7
 2
25
11
            1.7426
           1.33347
          0.649275
            0.5913
          0.260768
          0.436067
           0.78103
          0.882836
           0.70666
          -1.28546
         -0.865471
         -0.525432
           1.38958
        -0.0533642
          0.372458
##################### ACCEPTABLE SUBNET NUMBER: 6  #########################
           1.27266
 3
 7
23
11
 4
18
15
19
 3
           1.59063
           1.14093
         -0.259083
         -0.203241
          0.136768
        -0.0924178
          0.168497
          0.212265
         -0.622184
         -0.307912
##################### ACCEPTABLE SUBNET NUMBER: 7  #########################
           1.22448
 5
47
 4
23
32
38
 1
46
           2.47056
           1.15562
         -0.786815
          -0.40388
         -0.734842
         -0.403634
         -0.478534
          -1.36632
         -0.335829
##################### ACCEPTABLE SUBNET NUMBER: 8  #########################
           2.91367
 6
47
15
 1
32
50
23
 1
 8
           1.02219
          0.809395
         -0.633156
        -0.0738321
         -0.827314
         -0.760667
         -0.730529
        -0.0196391
         -0.758349
          -0.41142
##################### ACCEPTABLE SUBNET NUMBER: 9  #########################
           1.56113
 4
 5
40
36
12
 4
 9
39
 8
44
           1.23811
          0.631972
         -0.278471
         -0.111947
         -0.972683
          -3.56365
          -1.52583
          0.296676
         -0.229984
        -0.0671468
          -0.68475
##################### ACCEPTABLE SUBNET NUMBER: 10  #########################
           2.02297
 7
29
31
 2
45
27
48
49
 4
35
34
36
43
           1.56844
          0.828581
         -0.270329
        -0.0367752
         -0.439639
         -0.971412
          -2.16752
         -0.746075
          -0.88712
         -0.491434
          0.119228
          0.074938
          -0.86715
          -0.64818
##################### ACCEPTABLE SUBNET NUMBER: 11  #########################
          0.431851
 4
28
13
29
38
 2
24
 2
           1.51172
           1.22787
          -1.59984
          0.222169
         -0.270798
         0.0839583
        -0.0158706
          0.128957
          0.765677
##################### ACCEPTABLE SUBNET NUMBER: 12  #########################
            1.9782
 7
 5
50
24
45
 9
48
32
11
33
46
 4
19
27
14
34
20
40
16
36
           1.62956
           1.58208
           1.59227
          0.781774
          0.677629
         -0.331537
           1.03542
         -0.420699
         -0.164773
          -2.49357
           1.61909
            1.7302
           1.06707
           1.03793
          0.670976
          0.189638
         -0.177034
         -0.822944
          0.210758
         -0.692852
          0.305927
##################### ACCEPTABLE SUBNET NUMBER: 13  #########################
           1.56835
 4
 5
47
26
11
 4
30
33
36
13
           2.46776
          0.987345
         -0.506799
         -0.404616
          -1.43634
         -0.878452
          -1.99862
        -0.0234749
          -0.28225
          -0.71527
           -1.1737
##################### ACCEPTABLE SUBNET NUMBER: 14  #########################
           2.27876
 2
32
11
 1
31
            2.1033
          0.735482
          -1.12519
         -0.451186
         -0.347418
          -1.84546
##################### ACCEPTABLE SUBNET NUMBER: 15  #########################
           1.26199
 5
47
23
38
10
 3
 4
24
 7
31
 5
           2.03126
          0.962644
          -0.43816
         -0.323584
         -0.267161
         -0.744632
           -1.7135
          -2.18948
          0.122764
         -0.261024
          -2.24081
          -1.00489
##################### ACCEPTABLE SUBNET NUMBER: 16  #########################
           2.02154
 4
23
18
33
 4
 7
34
14
37
 1
42
27
46
           2.14391
           1.24934
         -0.322612
        -0.0331441
         -0.811323
          -1.05761
         -0.398938
          0.034315
          0.295296
         -0.465679
          -0.80044
        -0.0185209
         -0.278342
          -0.41737
##################### ACCEPTABLE SUBNET NUMBER: 17  #########################
           1.31088
 4
 4
 5
 2
37
 4
34
 1
41
45
           1.32993
           1.34379
        -0.0435906
          0.593852
           0.04646
          -0.66728
          -1.40409
        -0.0423754
          0.410352
         0.0163335
         -0.564842
##################### ACCEPTABLE SUBNET NUMBER: 18  #########################
           1.65819
 8
45
23
40
38
50
16
29
25
11
32
48
 1
15
20
22
 3
39
 9
 4
11
           1.15023
           1.11726
          0.363923
          0.402938
          0.809294
       -0.00238689
           0.80091
         -0.942303
         -0.243028
          0.346409
          0.268339
          0.707086
          0.715757
          0.794253
          0.133344
          0.164893
            0.5444
         -0.506218
         -0.107863
         -0.679479
         -0.525305
          0.381247
##################### ACCEPTABLE SUBNET NUMBER: 19  #########################
           0.78977
10
47
18
37
23
27
 3
 6
32
48
49
 6
42
 8
28
35
13
15
           1.95327
           1.79962
          0.703093
           1.49647
         -0.424612
          0.916959
           1.64667
          0.499949
        -0.0416005
          0.122817
         -0.431231
          0.418598
         0.0622022
           1.46183
           1.55532
           1.89499
          0.822255
          -1.17208
          0.437346
##################### ACCEPTABLE SUBNET NUMBER: 20  #########################
           2.10655
 1
28
10
25
41
34
30
43
26
10
22
50
 6
           2.03106
           1.68475
           1.10712
          0.308455
           1.23033
           1.38828
          0.918425
            1.2448
          0.965707
          -1.73813
           1.19563
         -0.639717
        -0.0874203
          -2.08877
##################### ACCEPTABLE SUBNET NUMBER: 21  #########################
            1.4241
 9
38
32
35
28
 1
18
17
36
 4
12
39
31
22
46
16
26
29
 8
41
43
48
23
           1.06507
           1.08201
          0.583556
           1.06393
          0.689545
         0.0695829
          0.888526
          -1.02716
          0.960374
         -0.331293
        -0.0840836
          0.824006
           1.06651
         0.0784743
          0.118615
         -0.706631
          0.599176
          0.246362
         -0.340489
          0.234542
         -0.131647
          0.486208
         -0.911092
          -1.41343
##################### ACCEPTABLE SUBNET NUMBER: 22  #########################
           1.06921
 4
35
13
 5
16
 3
 8
34
49
           1.27949
           0.61467
         -0.467813
        0.00391242
         -0.392405
         -0.164472
           -1.7873
          0.352973
         -0.626538
          -1.29067
##################### ACCEPTABLE SUBNET NUMBER: 23  #########################
           1.70947
 6
15
36
11
 5
44
32
 2
46
18
          0.998919
          0.983757
          0.561916
         -0.698754
          0.179808
          0.597074
          -1.15217
          0.115543
          0.087032
          0.706614
           0.72306
##################### ACCEPTABLE SUBNET NUMBER: 24  #########################
           1.48597
10
43
12
35
19
48
31
36
33
44
14
 5
30
 2
28
17
24
          0.897697
          0.782701
         -0.690634
          0.269904
           0.25385
          -1.34739
         0.0474046
         -0.744715
         0.0471576
         -0.092837
          -1.14457
         -0.464496
         -0.333518
           0.41393
         -0.672876
          0.453323
         -0.329369
        -0.0976625
##################### ACCEPTABLE SUBNET NUMBER: 25  #########################
           1.26828
 4
47
33
26
 6
13
46
28
 4
39
14
18
25
43
32
49
17
22
31
           1.44931
           1.42828
           1.36926
           1.45408
         -0.988731
          0.458133
          0.232733
           1.55345
           1.25102
          0.263234
          0.130645
         -0.493448
           1.53021
         -0.804388
        -0.0174551
         -0.402245
          0.316977
          0.074405
         -0.775977
          0.417852
##################### ACCEPTABLE SUBNET NUMBER: 26  #########################
           2.62243
 9
14
22
42
50
29
15
44
49
35
17
32
 1
 7
26
28
24
19
 9
46
39
17
 2
36
38
34
31
 8
            1.4845
           1.45574
           1.39121
           1.91428
           1.12593
          0.814119
       -0.00462321
          -1.37767
          0.278201
          -0.57546
         -0.936153
         0.0932944
           1.49214
           1.77417
         -0.380183
            1.4754
           1.10291
           0.87149
          -0.26309
          0.223286
          -1.75781
         -0.424811
         -0.187167
         -0.229089
           1.41439
         -0.281153
         -0.360265
         -0.451653
         -0.783879
##################### ACCEPTABLE SUBNET NUMBER: 27  #########################
           1.77843
 4
42
14
 2
43
14
39
46
44
 7
33
17
34
15
 8
35
 6
41
48
47
           1.25606
            1.0063
          0.993197
          0.989322
          0.299054
           0.62396
          -1.69533
           1.20165
          0.229714
          0.210803
          0.748509
         -0.512583
         -0.512079
         -0.373203
           0.68242
           1.15518
        -0.0664168
        -0.0456908
           1.12449
          0.742211
          0.283134
##################### ACCEPTABLE SUBNET NUMBER: 28  #########################
           1.26445
 8
 4
32
44
46
47
38
 1
 5
10
49
15
24
43
41
35
26
36
28
16
          0.947537
          0.773779
         -0.305729
           0.59633
           0.04718
          -1.04941
         -0.679113
         -0.512558
         -0.969548
         -0.782873
          -1.95408
         0.0742951
            0.5387
        -0.0983218
         -0.206344
          0.201065
         -0.157425
         -0.112322
         -0.284384
          0.298906
          -1.39537
##################### ACCEPTABLE SUBNET NUMBER: 29  #########################
           1.44184
12
48
 6
37
13
 2
35
 7
11
14
38
47
23
 9
46
18
33
44
 4
29
36
32
 8
           1.67725
           1.60397
            1.1874
           1.06329
          -1.11945
          -1.08004
           1.23923
          0.827137
          0.190496
         -0.276963
          0.201965
         -0.615423
          0.110774
          0.884024
          0.815937
           1.35126
           1.39192
          0.610034
          0.885324
          0.613547
         -0.185563
           1.11035
         -0.384136
          0.257261
##################### ACCEPTABLE SUBNET NUMBER: 30  #########################
            2.5144
 1
 5
 0
           1.99928
           1.26166
         -0.330608
         -0.207449
##################### ACCEPTABLE SUBNET NUMBER: 31  #########################
           1.89546
 3
 5
26
44
 9
25
37
47
42
23
 4
38
16
11
           1.19015
          0.918175
         -0.294353
           0.09293
         -0.202427
         -0.748094
         0.0503328
         0.0187899
         -0.183999
          -1.42406
           -1.5521
          -1.40817
          -2.16445
         -0.367948
         -0.780874
##################### ACCEPTABLE SUBNET NUMBER: 32  #########################
            0.6811
 3
47
32
15
 4
25
46
28
26
            1.3238
           1.05648
         -0.100652
          0.167648
        -0.0935577
         -0.707854
         0.0687868
          0.253089
          0.431833
          -1.61495
##################### ACCEPTABLE SUBNET NUMBER: 33  #########################
           1.61374
 4
29
10
11
 7
 5
43
35
 2
39
28
           1.83522
           1.66297
        0.00358564
          0.582518
         -0.547389
          0.448334
         -0.272563
          0.346775
          0.547263
         -0.194739
          0.345396
         -0.736776
##################### ACCEPTABLE SUBNET NUMBER: 34  #########################
          0.684092
 4
 4
48
32
 7
 1
 2
           1.70302
          0.820948
         -0.569035
         -0.166345
         -0.366186
         -0.349449
         -0.523344
             0.628
##################### ACCEPTABLE SUBNET NUMBER: 35  #########################
           2.59119
 5
14
33
16
23
29
 4
18
 2
 1
42
           1.27488
          0.719662
         -0.421986
          0.123492
        -0.0573243
         -0.500727
         -0.663412
         -0.828393
          0.370737
          0.726623
          -1.70201
          -2.12988
##################### ACCEPTABLE SUBNET NUMBER: 36  #########################
           1.70923
 9
 5
17
50
48
13
 2
26
23
11
 6
41
25
18
42
44
29
           1.64697
           1.63772
           1.21976
           1.49271
        -0.0769478
          0.385928
         -0.964358
          0.395211
          0.258957
          -1.13232
         -0.354348
          -1.70689
           1.39395
           1.42619
          0.986701
          -1.00019
         -0.460412
           1.14735
##################### ACCEPTABLE SUBNET NUMBER: 37  #########################
            2.1235
 0
 7
46
39
44
 7
20
 3
48
           1.39238
           1.34521
           1.38776
           1.52455
           1.38193
          0.558706
           1.38696
          0.290072
          -1.42096
         -0.381194
##################### ACCEPTABLE SUBNET NUMBER: 38  #########################
           1.63273
 4
 5
13
36
49
 5
 9
 1
22
10
25
            1.0927
          0.743342
         -0.217305
        -0.0241032
         -0.281593
         -0.657487
         -0.351243
          0.325641
          -2.13555
         -0.475138
         -0.669184
          -0.48967
##################### ACCEPTABLE SUBNET NUMBER: 39  #########################
           1.89997
 3
 4
25
40
 5
46
 2
17
14
36
           1.23222
          0.743675
          0.522403
         -0.565341
          0.206343
        -0.0270329
          0.837072
          0.494424
          0.517908
          0.630712
          0.257596
##################### ACCEPTABLE SUBNET NUMBER: 40  #########################
           1.33478
 6
22
 4
19
24
 7
23
 2
 8
14
          0.680157
          0.577312
         -0.238743
          0.379628
           0.39672
          0.225452
         -0.399975
         -0.238769
        -0.0560319
          0.557478
        0.00963151
##################### ACCEPTABLE SUBNET NUMBER: 41  #########################
           1.90951
10
14
 3
38
31
43
25
 8
44
45
 9
 8
30
 2
46
36
 4
34
37
26
           1.53216
            1.5366
           0.97945
           1.45796
          0.295251
          0.465084
          -1.78822
          0.579558
          0.327913
          0.285774
          0.783532
         -0.545714
         -0.987508
           1.32414
         -0.502641
           1.14569
         -0.817483
          0.689548
          0.161092
          -1.29775
         -0.662298
##################### ACCEPTABLE SUBNET NUMBER: 42  #########################
           1.40662
 5
38
 7
17
39
48
 1
46
           2.15679
           1.09369
         -0.445623
         -0.285777
         -0.566608
          -1.11064
          -1.19295
          -2.33344
         -0.111095
##################### ACCEPTABLE SUBNET NUMBER: 43  #########################
           2.66146
 9
32
35
25
16
13
47
45
 5
43
 7
39
27
 3
 4
15
44
11
           1.14628
          0.947243
           1.26082
          0.519607
         0.0580615
        -0.0759777
           1.26777
           1.08223
         -0.452945
          -0.48057
          -1.40894
          -1.24059
           1.51454
           1.23552
          0.585517
         -0.157203
         -0.792672
         -0.563943
          -1.37876
##################### ACCEPTABLE SUBNET NUMBER: 44  #########################
           1.58349
 0
 5
34
31
46
36
45
           1.17837
          0.863179
         0.0650461
          0.260511
         -0.439751
          0.278956
         -0.101649
         -0.582874
##################### ACCEPTABLE SUBNET NUMBER: 45  #########################
          0.728128
 3
38
45
28
 7
 9
 1
34
46
41
12
 2
           1.92701
           1.61856
         -0.479653
         0.0268136
         0.0615058
         0.0270137
          0.458697
         -0.270531
         -0.084169
        -0.0408213
         -0.260716
          -1.20012
          0.703465
##################### ACCEPTABLE SUBNET NUMBER: 46  #########################
           2.49464
 2
50
27
 1
24
           1.62246
           1.15492
         -0.260722
         -0.501504
          0.135962
          0.324576
##################### ACCEPTABLE SUBNET NUMBER: 47  #########################
           1.96051
 0
 9
33
26
46
42
 9
41
47
14
25
           1.62574
           1.58002
          0.949198
          0.975225
          0.643814
           1.08265
         -0.937608
         -0.158306
          -1.36154
          0.164515
          0.613484
         -0.102555
##################### ACCEPTABLE SUBNET NUMBER: 48  #########################
           2.33027
13
11
 9
47
27
24
 6
19
34
18
13
12
29
31
 5
46
28
33
 7
43
          0.909341
          0.846091
          0.889829
         -0.548678
         0.0618538
         -0.406977
          -1.33958
         -0.792927
          0.451785
         -0.537869
         -0.311109
          -1.42361
          0.466604
          0.546623
         -0.032043
         0.0146581
           1.06983
           -1.2614
          0.436925
          0.723713
         0.0487452
##################### ACCEPTABLE SUBNET NUMBER: 49  #########################
          0.757237
 2
13
37
 7
41
20
 9
 3
33
 7
32
           2.03171
           1.35072
           1.02633
           1.29865
         -0.299998
           1.37515
           1.63914
         -0.242726
          -2.11566
           1.21052
           1.07431
         -0.836497
##################### ACCEPTABLE SUBNET NUMBER: 50  #########################
           2.52846
 2
32
13
 3
 7
12
28
           3.62727
           1.46289
         -0.736708
         -0.709137
         -0.568512
        -0.0876735
          -1.31634
           -1.7618
##################### ACCEPTABLE SUBNET NUMBER: 51  #########################
            1.9683
 5
15
31
37
38
34
 1
 2
           1.45846
          0.938583
         -0.405396
          -0.48683
          -1.22681
         -0.822413
         -0.118415
         -0.373033
           -3.3829
##################### ACCEPTABLE SUBNET NUMBER: 52  #########################
           0.72413
 2
11
38
 4
 7
 8
 2
44
           1.37324
          0.732079
         -0.287654
        -0.0592308
          -2.31994
         -0.635129
          0.179191
            0.5532
        -0.0904643
##################### ACCEPTABLE SUBNET NUMBER: 53  #########################
           1.12257
10
50
19
42
 3
49
 8
36
30
38
 5
10
46
 2
 6
26
20
 9
45
22
23
 7
            1.5376
           0.93324
        0.00549476
          0.651933
           0.40276
           0.56674
         -0.747892
          0.141445
        -0.0673102
         -0.293575
         0.0508704
         -0.916042
        -0.0478233
          0.691848
           1.40375
          0.720357
          0.616178
            -1.584
           1.05838
         -0.792307
           -1.7884
           0.27327
       -0.00163304
##################### ACCEPTABLE SUBNET NUMBER: 54  #########################
           1.35529
 8
29
47
38
40
26
44
17
33
 1
45
           1.29543
          0.773261
         -0.602351
         -0.197671
          -0.39133
         -0.169191
         -0.687072
         -0.298127
          -1.26317
          -1.17848
          -1.54326
         -0.376015
##################### ACCEPTABLE SUBNET NUMBER: 55  #########################
            1.5591
 5
49
50
35
24
36
 6
 8
48
 9
 2
44
15
           1.37978
          0.809179
          -1.17167
         -0.068204
         -0.168592
          -1.08544
         -0.760503
         -0.637116
          0.216801
         -0.128845
           -1.0126
         -0.313356
         -0.840946
          -1.06384
##################### ACCEPTABLE SUBNET NUMBER: 56  #########################
           1.63977
13
19
16
18
 5
33
10
27
35
 9
24
49
47
 8
17
41
37
32
34
 3
 2
 1
40
13
20
28
46
26
43
22
14
50
            1.2974
           1.07011
          0.962368
           1.46063
          0.979643
          0.368978
          0.669123
         -0.628559
          0.850015
          0.398607
          -1.76874
          0.318466
          -0.67369
          -0.22072
         -0.371671
          0.608749
          0.773746
           1.42636
           1.02599
           1.23471
             -1.18
           1.78518
           0.92493
         -0.706293
         0.0898419
          0.684672
         -0.482728
         -0.762741
         -0.912352
         -0.286927
          0.187598
         -0.290999
           1.07399
##################### ACCEPTABLE SUBNET NUMBER: 57  #########################
           2.05924
 3
47
18
 9
 6
39
26
 1
 5
38
19
            1.3921
           1.41149
          0.786798
           1.25466
           1.15517
           0.54517
           1.25128
          0.709462
          -1.24188
         -0.703227
         -0.793635
          0.255428
##################### ACCEPTABLE SUBNET NUMBER: 58  #########################
           1.47695
 6
47
 6
 5
37
12
16
 1
 8
           1.35214
          0.805284
         -0.274788
         -0.592562
         -0.857236
         -0.141209
         -0.630319
         -0.245651
          -1.81971
         0.0690196
##################### ACCEPTABLE SUBNET NUMBER: 59  #########################
           1.67697
 5
45
47
27
38
 6
 5
25
10
42
28
48
           1.88944
           1.32301
         -0.333673
         -0.278725
         -0.492236
          -1.31816
         -0.132974
         -0.991596
         -0.296165
          -0.06498
      -5.15873e-05
         -0.292279
         -0.656676
##################### ACCEPTABLE SUBNET NUMBER: 60  #########################
           1.68935
 9
20
43
27
11
38
47
35
31
45
 7
42
26
13
10
12
 7
 1
           1.09899
           1.05658
        -0.0838016
            0.6261
         -0.123353
         -0.441669
          0.410567
          0.628199
         -0.450889
         -0.849501
         -0.951558
          -1.35005
          0.633897
          0.529092
          -1.16643
          -1.94204
         -0.963201
          -2.84355
          -1.13266
##################### ACCEPTABLE SUBNET NUMBER: 61  #########################
             2.148
 5
28
45
 4
22
11
 4
18
46
24
15
          0.916663
          0.697333
         -0.416526
          0.316799
         -0.682471
          0.154426
          -0.75729
          -1.06563
          0.173875
          -1.07709
          0.237435
       -0.00586025
##################### ACCEPTABLE SUBNET NUMBER: 62  #########################
           2.10239
 1
26
 8
41
46
44
47
18
48
25
31
          0.994727
           0.85439
          0.964695
          0.418287
           1.06507
           1.14385
          0.770981
             -1.49
          0.552987
         -0.271248
          -1.14371
          -0.68572
##################### ACCEPTABLE SUBNET NUMBER: 63  #########################
           1.62412
 4
 5
16
32
14
 7
42
28
20
36
43
33
 4
           2.15064
           1.56599
         -0.282589
        -0.0955484
           -0.4627
         -0.559826
          -1.01313
        -0.0214427
         -0.155857
         -0.299637
        -0.0906801
         -0.347829
         -0.524439
         -0.827757
##################### ACCEPTABLE SUBNET NUMBER: 64  #########################
           1.68501
12
47
39
32
14
49
29
48
19
 7
15
 2
11
12
26
 9
35
16
42
34
10
13
33
20
 8
 1
           1.88789
           1.80964
           1.42391
            1.6961
          0.957874
           -0.4641
          -1.05178
          -1.29259
          -1.67126
          0.971873
        -0.0327398
         -0.762641
         -0.696676
        -0.0494056
           0.33154
           1.66422
           1.96237
         -0.798736
         -0.140673
           -0.4627
         -0.609638
         -0.545749
          0.539185
           1.55287
          0.210622
         -0.793057
         0.0385123
##################### ACCEPTABLE SUBNET NUMBER: 65  #########################
           2.01286
 5
14
46
22
 5
42
 5
 1
18
 4
20
41
          0.857244
           0.69504
         -0.266358
          0.429477
         -0.140636
          0.442439
         -0.575245
         -0.161681
           0.54748
         -0.384764
        -0.0246558
          0.489978
           0.12395
##################### ACCEPTABLE SUBNET NUMBER: 66  #########################
           2.68551
 7
28
48
32
13
25
 4
 5
 3
30
31
 1
          0.729641
          0.749371
          0.279377
           1.10126
         -0.879315
         -0.131732
           1.34593
          -1.25251
         -0.709893
           -0.1224
           1.28085
         -0.711563
          0.476684
##################### ACCEPTABLE SUBNET NUMBER: 67  #########################
           1.76202
 3
11
33
29
 8
26
44
22
30
18
 2
 5
17
           1.69383
           1.69698
          0.924969
           1.17288
         -0.961888
         -0.261984
           1.05359
        -0.0642082
         0.0188873
           1.19089
          -1.12568
         -0.216488
          -1.07289
         -0.400062
##################### ACCEPTABLE SUBNET NUMBER: 68  #########################
           2.01667
 6
19
16
31
23
20
45
 3
35
50
29
           1.14271
          0.587745
          -0.25348
          0.204345
         -0.266806
         -0.129691
         -0.169921
         -0.915117
          -2.93813
          0.320877
         -0.112973
          -1.41997
##################### ACCEPTABLE SUBNET NUMBER: 69  #########################
           1.34581
 6
 4
23
17
33
25
11
 4
24
34
14
27
           1.55888
          0.947578
         -0.265232
        -0.0722519
         -0.413788
         -0.895917
          -1.79406
         -0.276214
          -1.34915
          0.167698
        -0.0310009
         -0.360132
          -1.59283
##################### ACCEPTABLE SUBNET NUMBER: 70  #########################
           2.25146
 5
29
16
13
43
 9
 2
 3
46
           2.37193
           1.51804
         -0.366529
         -0.418979
         -0.385595
          -0.25649
          -1.05503
          -1.18428
          -1.40744
         -0.397181
##################### ACCEPTABLE SUBNET NUMBER: 71  #########################
           1.09571
 5
22
40
 4
37
 5
 7
 8
42
24
26
14
 2
10
           1.80801
           1.73104
          0.510979
           1.40748
           -1.3148
         -0.771498
           0.35582
          0.357132
           1.41843
           0.81063
           1.29785
          0.947208
            1.1115
          0.292022
          0.146589
##################### ACCEPTABLE SUBNET NUMBER: 72  #########################
            1.9621
 7
16
 7
 1
11
24
10
32
 5
26
 8
 3
50
 4
           2.07872
           1.77509
           1.64302
           1.56813
            -1.108
         -0.837034
          -1.01564
         -0.338286
          -0.90675
          0.553718
            1.8803
           1.85555
         0.0841993
           1.21449
          -0.28459
##################### ACCEPTABLE SUBNET NUMBER: 73  #########################
           1.28985
 3
11
13
 3
 3
24
17
49
           1.01749
          0.550391
         -0.231263
         0.0272568
         0.0553193
          -2.00529
          0.345196
           -1.3361
         -0.456954
##################### ACCEPTABLE SUBNET NUMBER: 74  #########################
           2.53786
 7
42
38
33
16
11
22
 4
 7
39
27
20
41
34
18
 5
           1.92466
           1.90934
           1.10849
           1.02141
          0.805572
            1.0431
           1.15039
           1.08867
          0.155382
         -0.591806
            1.3358
          0.576137
          0.778873
           0.80815
          0.553928
          0.270107
         -0.440785
##################### ACCEPTABLE SUBNET NUMBER: 75  #########################
           1.40042
14
38
41
29
46
18
23
42
19
25
17
13
35
39
20
17
 8
16
 7
24
34
 2
44
27
48
22
15
32
 6
10
12
33
 5
           1.55418
            1.4216
          0.840774
           1.37496
          0.474394
         -0.917074
         -0.855521
           1.50847
         -0.569679
        -0.0283292
          -1.07589
          -1.04008
         0.0900878
          -0.82436
          0.783323
          -1.00214
          0.563131
           1.46288
           1.37449
           1.47517
          -1.81217
           1.56191
         -0.315751
         -0.372851
          0.230183
         -0.842884
         -0.127637
        -0.0259193
         -0.486772
          -1.36389
           1.01453
          0.499561
          0.462522
         -0.439828
----------Number of Acceptable Subnets found: 75 -----------
----------END FOR GENE 21 -----------
