File open successful. It contains: 
Finished reading file, will close now.
File x_dt open successful.
Finished reading file x_dt, will close now.
File sd_d open successful.
Finished reading file sd_d, will close now.
--------START FOR GENE 38 -----------
 Values arranged as error, n_ka, gene ids for ka, n_kd, gene ids for kd,
 r0, d, ea, ka_values, kd_values for each subnet. 
##################### ACCEPTABLE SUBNET NUMBER: 1  #########################
           1.38072
 2
31
12
 3
33
36
 9
          0.256328
          0.351821
          0.152348
          0.400159
          0.592288
         0.0572331
          -2.24853
          -2.29601
##################### ACCEPTABLE SUBNET NUMBER: 2  #########################
           1.39635
 2
12
48
 2
45
37
          0.398221
          0.482136
          0.167144
          0.734514
         -0.235486
          0.326958
         -0.390663
##################### ACCEPTABLE SUBNET NUMBER: 3  #########################
           1.21871
 2
 8
25
 0
          0.651783
           0.15868
         -0.157581
         -0.105289
          -1.37311
##################### ACCEPTABLE SUBNET NUMBER: 4  #########################
          0.712698
 5
 6
47
31
30
 1
 2
 4
24
          0.749218
          0.730601
        -0.0730025
          0.329854
          0.184736
         -0.753238
         -0.324939
         -0.189784
           0.23181
          0.119058
##################### ACCEPTABLE SUBNET NUMBER: 5  #########################
           1.08967
12
41
31
19
 5
12
35
32
26
 3
13
15
44
11
37
49
48
20
30
16
29
40
 8
39
33
            1.5262
            1.5921
           1.32654
           0.95633
            1.9163
          0.508307
          0.158069
         -0.637192
          0.199308
         -0.411113
         -0.760107
         -0.769938
          0.174063
         -0.710785
          -1.07262
           1.43429
           1.08408
          0.229864
        0.00541339
          -1.06295
           -0.9735
           1.80436
          0.856836
         -0.142464
          -1.06999
         -0.369712
##################### ACCEPTABLE SUBNET NUMBER: 6  #########################
           2.35718
 1
 3
 1
13
         0.0344704
        -0.0858996
        -0.0183491
        -0.0269928
          -1.45444
##################### ACCEPTABLE SUBNET NUMBER: 7  #########################
           2.16196
 0
 1
18
         -0.393393
         -0.271083
          0.489327
          0.563144
##################### ACCEPTABLE SUBNET NUMBER: 8  #########################
           2.13131
 4
25
 3
 9
12
 1
10
          0.631136
           0.72544
          0.109115
         -0.316233
          0.615137
        -0.0155219
        -0.0361999
         -0.435195
##################### ACCEPTABLE SUBNET NUMBER: 9  #########################
          0.937771
 8
 1
25
19
27
49
34
16
40
 7
44
26
12
24
35
33
14
           1.94697
           1.83561
          0.911148
           1.28934
          0.406678
           1.06034
          0.447835
        -0.0183309
         -0.675571
         -0.280856
         -0.677945
           0.37713
          0.893763
          0.769659
           1.18992
           1.12316
         -0.241754
           0.10061
##################### ACCEPTABLE SUBNET NUMBER: 10  #########################
           1.37566
 4
35
12
30
34
 0
            1.5021
           1.59674
         -0.463408
          0.321152
          0.594263
          0.428494
          -1.40814
##################### ACCEPTABLE SUBNET NUMBER: 11  #########################
          0.749651
 3
 9
30
 1
 2
33
24
          0.458057
          0.124427
        -0.0981895
          0.213643
         -0.156173
          -1.01093
         -0.115653
        -0.0741142
##################### ACCEPTABLE SUBNET NUMBER: 12  #########################
           1.71164
 0
 1
33
         -0.920277
          -1.93007
          0.939683
            1.5994
##################### ACCEPTABLE SUBNET NUMBER: 13  #########################
          0.985783
 5
22
49
25
39
 4
 4
28
 1
44
35
         -0.301941
         -0.509149
         0.0697408
          0.362935
         -0.135177
         -0.650018
         -0.238528
         -0.220971
          0.560703
          -1.72339
          -1.28429
         0.0203375
##################### ACCEPTABLE SUBNET NUMBER: 14  #########################
           2.12382
 0
 2
28
32
          0.558575
          0.492614
          0.324165
          0.559992
          0.307187
##################### ACCEPTABLE SUBNET NUMBER: 15  #########################
          0.843702
 3
42
12
15
 1
28
          0.288858
        -0.0670651
        -0.0551163
        0.00931266
          -1.98064
         0.0597772
          0.446581
##################### ACCEPTABLE SUBNET NUMBER: 16  #########################
           1.13193
 6
12
24
 8
39
 3
30
 3
41
17
43
           1.47499
           1.49499
          0.935847
         -0.531727
          -1.38558
          0.520424
          -1.76913
          0.458747
          0.690698
          0.973607
          0.914306
         -0.786795
##################### ACCEPTABLE SUBNET NUMBER: 17  #########################
           1.73425
 1
 4
11
21
10
44
23
34
42
40
 5
39
31
11
         -0.844482
          -1.91936
           1.01451
           1.60563
          0.214351
           2.21279
          0.112121
         0.0553966
         -0.174498
           0.48499
          0.352146
          -1.32163
         -0.264527
         -0.282851
          0.186466
##################### ACCEPTABLE SUBNET NUMBER: 18  #########################
          0.712854
 1
 8
 4
 5
10
 7
17
          0.320409
        -0.0448219
         -0.102666
        -0.0303199
          -2.05505
           -2.1701
        -0.0765943
         -0.188956
##################### ACCEPTABLE SUBNET NUMBER: 19  #########################
           1.25816
 3
 1
 6
37
 2
24
39
          0.550203
          0.640126
          0.134289
          0.907983
         -0.143011
          -0.72621
          0.375752
         -0.607572
##################### ACCEPTABLE SUBNET NUMBER: 20  #########################
           1.38528
 8
14
39
 4
 1
33
15
36
35
 3
48
 2
11
          0.496908
          0.589016
         -0.163647
          0.790158
       -0.00769517
          -0.82635
         -0.403231
         -0.809692
          0.455436
           -0.8046
        -0.0233728
         0.0554981
          0.533828
         -0.635167
##################### ACCEPTABLE SUBNET NUMBER: 21  #########################
          0.900222
 9
27
42
26
22
36
 9
13
47
37
 7
32
40
 3
18
20
 7
44
           0.98048
          0.953461
          0.883779
          0.698814
            1.1483
           0.99204
          0.100379
          0.701408
          0.786342
          -1.06594
          -1.02695
        -0.0473817
           1.02513
          0.985252
          -2.51935
         -0.816843
          0.119631
          0.624517
          0.565231
##################### ACCEPTABLE SUBNET NUMBER: 22  #########################
          0.714466
 1
 2
 7
41
50
32
 4
10
28
33
           1.55508
           1.53698
          0.455176
          -1.02285
          0.462919
         -0.904684
          -1.10676
          0.376081
          0.232708
         -0.720455
          0.369625
##################### ACCEPTABLE SUBNET NUMBER: 23  #########################
           1.56541
 1
24
 3
 7
46
49
          0.191835
          0.293995
          0.593839
          0.962886
          0.573917
          0.494337
         -0.246676
##################### ACCEPTABLE SUBNET NUMBER: 24  #########################
          0.749279
14
36
40
13
30
20
24
15
14
 4
28
 1
11
49
27
11
18
41
46
 5
48
33
50
19
42
34
21
          0.684376
          0.705262
            1.5321
           1.17786
          -1.09992
          0.097172
         -0.113867
          -1.08973
          0.749426
          0.293413
            1.5263
            1.2174
         -0.052441
           1.72724
         -0.318007
           0.47764
           0.32372
         -0.744993
           1.53883
          0.341925
          0.815908
         -0.322019
          0.999746
           1.53536
          -1.13111
          0.788697
           1.15609
          0.303314
##################### ACCEPTABLE SUBNET NUMBER: 25  #########################
           1.26345
 3
21
36
46
 9
32
33
 7
 5
29
44
43
49
19
           1.82427
           1.90029
           1.17915
           1.85095
           1.81603
          0.841698
          0.348949
           1.45079
         -0.194262
          -0.99624
          0.563021
           0.43143
         -0.807842
           1.49014
          0.847588
##################### ACCEPTABLE SUBNET NUMBER: 26  #########################
           1.65747
 8
47
42
32
25
37
14
28
41
10
26
 4
10
17
33
 3
43
 7
36
29
         -0.120457
        -0.0295427
          -1.00092
            1.1139
          0.896799
           1.02349
          0.807151
          0.550303
           1.34679
         -0.869764
            0.2806
          0.977572
         -0.746451
          0.377946
         -0.448371
          -1.14985
          0.410745
         -0.280829
          0.584955
         -0.999963
         0.0821619
##################### ACCEPTABLE SUBNET NUMBER: 27  #########################
           1.53175
 6
14
40
10
15
30
24
 2
18
43
          0.607234
          0.697322
        -0.0766553
          -0.13025
          0.423022
          0.252681
         -0.519367
           -1.1162
           -1.5238
          0.168911
         -0.994419
##################### ACCEPTABLE SUBNET NUMBER: 28  #########################
           1.74016
 3
30
44
23
12
 8
13
42
48
 2
10
45
50
17
15
16
49
          0.515867
          0.638778
          0.999598
         -0.664281
           1.15473
          0.912646
          0.146019
          0.212569
           0.24304
         0.0363516
         -0.355327
           1.14186
         -0.127556
         -0.482192
          0.634438
         0.0518258
         -0.939791
         -0.318691
##################### ACCEPTABLE SUBNET NUMBER: 29  #########################
            1.0761
 4
 8
25
12
32
11
43
26
20
17
41
18
11
 7
 5
39
30
           1.71872
           1.70035
           1.58315
           1.63899
          0.118446
         -0.968892
          0.348363
           1.63935
            1.4478
          0.350669
          -1.28504
           1.58202
           1.18288
         -0.624151
           1.10818
          0.476391
         -0.346212
           -1.4256
##################### ACCEPTABLE SUBNET NUMBER: 30  #########################
            1.4387
 2
16
14
 0
          0.182398
          0.277475
         0.0634728
         -0.707915
          0.685293
##################### ACCEPTABLE SUBNET NUMBER: 31  #########################
           1.58088
 5
 5
16
 4
22
24
 5
17
10
14
 3
49
          0.637934
          0.754721
         0.0682994
            0.9443
        -0.0657687
          -1.04254
          -1.13434
          -1.75837
          0.427893
         -0.345747
          -2.26922
          -1.78159
         -0.463308
##################### ACCEPTABLE SUBNET NUMBER: 32  #########################
          0.600315
 1
31
 2
12
19
          0.342403
          0.124402
        -0.0782844
          0.123787
         -0.233763
          0.156079
##################### ACCEPTABLE SUBNET NUMBER: 33  #########################
          0.703307
 1
42
 2
44
14
           1.16043
          0.645693
         -0.177548
         -0.147083
         -0.237223
          -2.34931
##################### ACCEPTABLE SUBNET NUMBER: 34  #########################
          0.955375
 5
42
 9
26
49
 8
 3
44
 3
 2
          0.314089
          0.108883
        -0.0767169
        -0.0483544
          0.203095
         -0.745985
         -0.901451
         -0.369873
         -0.432961
          -0.97201
         -0.972284
##################### ACCEPTABLE SUBNET NUMBER: 35  #########################
           1.42948
 4
44
33
19
42
 7
39
16
13
47
43
48
15
         -0.517864
           -1.3876
         -0.844924
          0.127107
         -0.484991
           -0.2955
           -1.5113
        -0.0985188
         -0.479228
         -0.225663
          0.271056
          -1.37514
          0.215014
          -0.87243
##################### ACCEPTABLE SUBNET NUMBER: 36  #########################
          0.818678
11
50
48
12
 4
30
 2
 5
35
24
 9
21
10
33
16
14
46
27
28
 3
17
29
22
          0.749282
          0.695362
         -0.209944
        -0.0340208
         0.0031466
          0.495976
         -0.377781
          0.385249
          -1.67658
         -0.621611
          -1.35501
           -1.1766
          -1.04715
          -1.01606
          -1.20566
         -0.233398
          0.566123
          -1.91125
          -1.19288
         -0.447683
          -1.55519
          -1.39658
         -0.284182
         -0.839982
##################### ACCEPTABLE SUBNET NUMBER: 37  #########################
           1.40397
 9
13
47
25
31
 3
21
16
14
23
 3
18
39
12
           1.16775
            1.2668
          0.734676
          0.270942
          0.841246
            1.5336
          0.314752
           -0.9871
           1.03182
          -2.02736
         -0.774731
          0.584554
           1.11234
           0.90908
           1.06588
##################### ACCEPTABLE SUBNET NUMBER: 38  #########################
           1.74388
 4
22
44
24
29
 0
          -1.13369
          -1.66516
          -1.53295
          0.112877
         -0.248005
         0.0610339
          0.131719
##################### ACCEPTABLE SUBNET NUMBER: 39  #########################
           1.43011
 3
12
14
24
 4
 9
29
27
 5
          -0.18636
        -0.0960797
          0.254311
           1.69107
          0.655361
          0.230111
           1.48067
         -0.195618
           1.08433
           1.17093
##################### ACCEPTABLE SUBNET NUMBER: 40  #########################
          0.565274
 8
26
42
34
11
16
48
 5
17
 4
23
46
47
50
           1.40668
           1.36084
           1.20759
          0.127101
           1.24911
          -1.26415
           1.42577
          -1.23784
         -0.683019
         -0.975024
          -0.68482
         -0.758709
         -0.450849
          -0.94694
           1.42593
##################### ACCEPTABLE SUBNET NUMBER: 41  #########################
          0.542072
 3
 8
50
37
 2
 7
15
           0.32482
          0.237172
          0.016542
          0.425421
         -0.235974
          -2.73299
       -0.00691698
          0.212609
##################### ACCEPTABLE SUBNET NUMBER: 42  #########################
           1.74358
 3
44
 8
13
 7
27
48
29
41
49
 2
10
            1.1553
           1.24104
           1.41685
          0.173325
         -0.747154
          -1.22643
          0.878734
         -0.981118
          -1.06695
           1.39913
          0.037142
         -0.452606
         -0.747154
##################### ACCEPTABLE SUBNET NUMBER: 43  #########################
          0.879899
 2
21
 2
 7
 6
33
20
10
43
 8
13
          0.891004
          0.791987
      -0.000592126
          0.163524
           0.58986
         -0.539306
        -0.0478664
          0.162397
         -0.406866
         -0.918597
          -1.06488
          -1.61614
##################### ACCEPTABLE SUBNET NUMBER: 44  #########################
          0.643961
 3
 8
48
42
 4
 7
45
30
50
          0.467959
          0.331423
        -0.0376295
           0.10652
         -0.301736
        -0.0493563
         -0.198778
          -0.12995
         -0.338849
         -0.969256
##################### ACCEPTABLE SUBNET NUMBER: 45  #########################
          0.901448
 3
 1
 2
14
 0
          0.961703
         -0.123271
         -0.323736
         -0.256425
          -1.50434
          -1.38798
##################### ACCEPTABLE SUBNET NUMBER: 46  #########################
          0.785037
 4
43
12
32
35
 5
25
13
14
10
31
        0.00314235
         -0.123169
        -0.0804537
         -0.414508
          0.267943
         -0.112687
          0.126851
         -0.370142
          0.278587
         -0.798646
         0.0932579
         -0.487072
##################### ACCEPTABLE SUBNET NUMBER: 47  #########################
          0.694313
 9
47
 1
29
 7
36
39
44
35
27
 4
37
30
19
43
           1.11545
           1.11555
          0.178532
          0.582774
          0.884104
         -0.740476
         -0.760424
           -1.0617
         -0.519812
         -0.570521
          0.702354
          0.245551
          0.688328
          0.500694
         -0.348922
          0.549682
##################### ACCEPTABLE SUBNET NUMBER: 48  #########################
           1.30457
 7
14
11
32
24
46
 6
 3
 4
42
35
 5
30
         -0.998601
          -1.11517
        -0.0932877
           0.18227
         -0.687222
          -1.70607
          -1.71505
          -1.71454
           -1.7159
          0.609876
         -0.126198
          -1.44655
         -0.608581
          -1.71158
##################### ACCEPTABLE SUBNET NUMBER: 49  #########################
          0.784062
 2
 9
33
 2
18
 5
           0.43829
          0.180912
        -0.0749182
           0.23598
         -0.779868
      -0.000661901
         -0.766835
##################### ACCEPTABLE SUBNET NUMBER: 50  #########################
           1.95053
 4
44
13
18
41
 3
34
 4
47
           1.53505
           1.65501
            1.1118
          0.182864
          0.634367
          -1.18436
         -0.663457
           1.06033
          0.883802
          0.334882
##################### ACCEPTABLE SUBNET NUMBER: 51  #########################
           1.13384
 9
 9
39
11
 1
12
 8
 7
48
15
 3
32
17
41
          0.725503
          0.727127
          0.782591
          0.865539
         -0.970549
          0.142173
          -1.38614
          -1.56277
          -0.52057
         -0.894431
          0.776441
          -1.19555
          0.779633
          0.810534
          0.269691
##################### ACCEPTABLE SUBNET NUMBER: 52  #########################
           1.32643
 1
12
 5
44
45
42
 7
36
         -0.387847
          -1.19045
        -0.0855447
          0.336183
         -0.961941
           0.48319
         -0.275117
          -1.77373
         -0.365785
##################### ACCEPTABLE SUBNET NUMBER: 53  #########################
           1.54214
 5
11
32
49
 6
50
 7
27
48
 5
35
20
24
42
          0.039807
          0.126915
          -1.25899
           1.23505
          0.576385
          0.177558
         -0.553526
          -1.49096
          0.916506
          0.672773
           0.23147
        -0.0403262
         -0.343133
          -1.05044
           -1.1876
##################### ACCEPTABLE SUBNET NUMBER: 54  #########################
             1.399
12
27
42
 2
34
20
16
11
50
24
17
31
29
 5
30
45
41
48
 8
           1.60141
            1.6911
           1.07245
          -1.50946
          0.863748
          0.654276
         -0.709801
           1.19981
         -0.426471
           1.63656
         -0.689555
          0.143803
         -0.354878
          -1.13712
          -1.33301
          0.942331
            1.3021
          0.368365
         -0.238974
         -0.537825
##################### ACCEPTABLE SUBNET NUMBER: 55  #########################
           1.43809
 2
14
 6
 1
10
          0.388119
          0.485073
         0.0620384
          0.701573
          0.032223
          -1.15327
##################### ACCEPTABLE SUBNET NUMBER: 56  #########################
          0.748005
 2
30
39
 3
32
36
18
         -0.134795
         -0.365435
         -0.080748
          0.222748
          -1.47565
          -1.61156
          -1.55337
         0.0963173
##################### ACCEPTABLE SUBNET NUMBER: 57  #########################
           1.64901
 9
48
40
26
31
42
47
15
13
 4
 4
41
23
34
 7
           1.38786
           1.48916
           1.53705
           1.70315
          0.622799
          0.865083
          -1.53438
          0.625434
          -1.80103
         -0.912291
         -0.510354
        -0.0338278
           1.55912
          -1.17554
           1.08275
        -0.0828961
##################### ACCEPTABLE SUBNET NUMBER: 58  #########################
           1.36588
 3
44
14
 6
 3
20
16
 2
         0.0744714
          0.165445
         -0.645151
          0.323492
          0.776106
          -1.95943
          -2.11726
         0.0593515
          0.623949
##################### ACCEPTABLE SUBNET NUMBER: 59  #########################
           1.59584
 3
36
44
21
 1
25
         -0.768574
          -1.76998
         -0.578045
        -0.0298665
         -0.650343
         -0.674361
          0.199496
##################### ACCEPTABLE SUBNET NUMBER: 60  #########################
          0.924562
 4
42
36
28
23
 0
          0.543662
          0.207976
         -0.124813
        -0.0563404
         -0.534899
         -0.470883
           -1.5654
##################### ACCEPTABLE SUBNET NUMBER: 61  #########################
          0.736072
10
31
32
 6
 5
 9
35
39
43
47
15
 2
33
48
           0.74774
          0.737656
         -0.198306
         -0.145505
          0.054132
           -0.1949
          -1.75875
          0.442002
          -1.58482
         -0.795359
         -0.651932
         -0.129345
         -0.261422
          -0.06413
         -0.377716
##################### ACCEPTABLE SUBNET NUMBER: 62  #########################
           1.34917
 3
45
49
40
 3
10
 9
26
         -0.399525
          -0.48245
         0.0611576
         0.0873272
          -1.36614
         -0.118325
          0.141536
          0.269047
        0.00879416
##################### ACCEPTABLE SUBNET NUMBER: 63  #########################
           1.21751
 3
11
30
31
 8
32
37
14
41
40
17
20
35
        -0.0173632
         0.0418303
           0.49296
          0.981416
            1.1517
         -0.512592
          0.700012
           0.13004
        -0.0706976
         -0.549922
         -0.133959
         -0.412202
          0.850422
          0.606659
##################### ACCEPTABLE SUBNET NUMBER: 64  #########################
          0.572592
 1
 9
11
39
32
28
41
10
 5
35
30
 4
29
21
           1.08724
           1.03853
             1.265
           1.70901
           1.32526
         -0.614237
            1.2244
        0.00281814
           1.05643
           1.20164
        -0.0909003
          0.714582
        -0.0863361
           1.28732
           0.47955
##################### ACCEPTABLE SUBNET NUMBER: 65  #########################
           1.82167
 6
49
44
13
16
 7
46
 0
         -0.875317
           -1.6193
         -0.816086
         -0.100868
          -1.34094
       -0.00998863
          -1.11103
          -0.86764
         -0.908388
##################### ACCEPTABLE SUBNET NUMBER: 66  #########################
          0.738533
 3
45
36
 1
 4
26
39
17
15
          0.712051
         -0.270554
         -0.297755
          -1.25608
         -0.973186
          -0.19537
          -1.00876
         -0.917939
         -0.778151
         -0.630786
##################### ACCEPTABLE SUBNET NUMBER: 67  #########################
           1.17667
 5
27
11
31
26
35
 6
23
 9
19
18
42
28
         -0.491611
         -0.556111
         0.0396197
          0.368335
         -0.987261
         -0.416509
         -0.299457
         -0.704969
          -1.33414
          0.165328
          -1.29668
          -0.75523
         -0.983552
          0.437609
##################### ACCEPTABLE SUBNET NUMBER: 68  #########################
           1.38899
 1
 4
 2
39
 5
          0.379948
          0.475068
         -0.422566
           1.28452
           0.27145
          -1.16595
##################### ACCEPTABLE SUBNET NUMBER: 69  #########################
           0.74031
 5
42
13
15
 9
21
 1
49
          0.691005
          0.290167
         -0.140417
         -0.145259
         -0.637918
         -0.586442
         -0.589679
         -0.155002
          -1.20406
##################### ACCEPTABLE SUBNET NUMBER: 70  #########################
           1.34439
 1
14
 2
16
 7
         -0.285863
         -0.194571
         0.0575801
          0.761712
           0.10672
         -0.411159
##################### ACCEPTABLE SUBNET NUMBER: 71  #########################
          0.662754
 7
36
 3
45
 9
30
35
19
 4
50
46
48
24
          0.334648
          0.209209
          0.489982
          -0.62778
          0.747132
         -0.435421
         -0.800676
          0.193595
          0.251631
         -0.156379
           0.73584
         -0.219322
         -0.213879
           0.18382
##################### ACCEPTABLE SUBNET NUMBER: 72  #########################
           1.74681
 8
14
40
47
44
18
21
30
25
 5
34
46
 7
22
 6
           1.62683
           1.73905
            1.3691
         -0.121726
            1.7089
            1.1359
         -0.601661
           1.22361
         -0.208362
          -1.22118
           1.02444
           1.35614
           1.29667
             0.598
          0.951555
          0.252989
##################### ACCEPTABLE SUBNET NUMBER: 73  #########################
          0.840404
 3
25
28
14
 4
32
11
48
 5
            1.4404
            1.1789
        -0.0990697
         -0.082992
         0.0982962
         -0.265067
          -0.46462
         -0.476229
         -0.718749
          -2.97567
##################### ACCEPTABLE SUBNET NUMBER: 74  #########################
           1.68769
 4
20
40
36
26
 7
31
41
35
44
 6
37
 2
          0.842692
          0.951555
           1.35152
           1.07904
           1.72465
          -1.29045
         -0.661094
         -0.216561
           1.40571
          0.881783
         -0.437578
         -0.875253
          -1.30045
          -0.15281
##################### ACCEPTABLE SUBNET NUMBER: 75  #########################
          0.748818
 7
46
14
21
11
 5
42
 6
 2
44
29
          0.133399
         0.0731651
         -0.166635
         0.0120835
          -0.10172
          0.264387
         -0.980403
         -0.713584
         0.0200429
         0.0214079
         -0.571576
        0.00136238
----------Number of Acceptable Subnets found: 75 -----------
----------END FOR GENE 38 -----------
--------START FOR GENE 39 -----------
 Values arranged as error, n_ka, gene ids for ka, n_kd, gene ids for kd,
 r0, d, ea, ka_values, kd_values for each subnet. 
##################### ACCEPTABLE SUBNET NUMBER: 1  #########################
            2.8718
 8
48
35
13
 6
42
50
32
17
 6
44
36
20
31
 3
18
          0.567565
           0.44755
          0.128691
          0.133965
         0.0910082
         -0.389508
          0.376696
         0.0475081
          -1.53623
          -1.56312
          -1.09387
          0.313739
         -0.723798
          0.410122
          -1.02951
         -0.560124
         -0.761351
##################### ACCEPTABLE SUBNET NUMBER: 2  #########################
           1.55774
 7
 1
20
18
12
 7
 3
40
 6
 2
 4
36
23
38
46
           1.09258
           0.90596
           1.19423
         -0.896124
           1.40209
           1.35458
         -0.080606
          0.271114
         -0.617318
         -0.170781
           1.98687
         -0.870427
         -0.790332
          -1.38863
          -1.23988
           0.89267
##################### ACCEPTABLE SUBNET NUMBER: 3  #########################
           2.34419
 7
 7
 9
 1
13
15
19
28
 7
22
23
47
33
20
34
29
          0.538863
          0.494437
          0.341202
          0.539963
          0.926522
           1.10485
          0.261922
          -0.65081
         -0.504949
          0.173216
          0.814149
           -1.1348
          0.401293
         -0.374318
        -0.0699031
          0.219028
         -0.135004
##################### ACCEPTABLE SUBNET NUMBER: 4  #########################
           1.41489
 4
13
 1
48
12
 1
 2
           1.08448
          0.787548
          0.539739
          0.603471
         -0.190905
          0.447023
         0.0392375
           1.37525
##################### ACCEPTABLE SUBNET NUMBER: 5  #########################
            1.0373
 2
42
13
 4
 2
46
 4
48
          0.755363
          0.471585
          0.474694
          0.403729
          -1.99105
            1.1798
          0.531969
         -0.636202
          -0.20083
##################### ACCEPTABLE SUBNET NUMBER: 6  #########################
           2.47026
 6
14
34
33
27
 3
38
 6
 2
40
30
32
25
31
           1.59726
             1.414
           1.23432
            1.3256
          0.656064
          0.697368
          0.485293
         -0.225291
         -0.363312
           1.99046
        -0.0843159
          -0.52676
          -1.08189
          -1.84334
          -1.03721
##################### ACCEPTABLE SUBNET NUMBER: 7  #########################
           2.67695
 3
 1
45
48
10
11
 4
 3
41
19
47
28
 8
35
31
           1.37631
           1.35617
          0.246286
           1.00665
         -0.587297
          0.347328
          0.455158
          0.710797
          0.272279
          0.170049
          -1.54353
        -0.0690045
          -0.78282
          0.490211
           -1.5526
          -1.15435
##################### ACCEPTABLE SUBNET NUMBER: 8  #########################
           1.86935
 4
18
 1
48
 6
 4
17
 4
11
 8
           1.55587
           1.53334
          0.110227
          0.540405
           0.68541
          -1.26494
         -0.472823
          0.475189
           -1.8909
         -0.656668
          -1.80269
##################### ACCEPTABLE SUBNET NUMBER: 9  #########################
            2.3429
 3
34
25
11
 1
 2
          0.496914
          0.502533
          0.407761
        -0.0985313
            0.7931
           -1.3847
           1.07272
##################### ACCEPTABLE SUBNET NUMBER: 10  #########################
           1.80186
 6
 9
30
 1
18
11
27
 2
14
 8
          0.644549
          0.605036
         0.0612017
          0.704044
          0.421165
          0.764525
          0.110289
          -1.59519
         -0.547649
          0.592565
          -2.88786
##################### ACCEPTABLE SUBNET NUMBER: 11  #########################
           2.75077
 4
 9
 6
38
49
 3
20
27
30
           0.42576
          0.343891
          0.490747
           1.22812
           1.01947
          -1.75926
         -0.302397
           1.09541
         -0.732559
         -0.525372
##################### ACCEPTABLE SUBNET NUMBER: 12  #########################
           2.70357
 2
29
23
 0
         -0.363583
          -1.88578
         -0.369376
         -0.140765
           -1.1255
##################### ACCEPTABLE SUBNET NUMBER: 13  #########################
           1.37723
 2
16
23
 5
 2
40
32
10
 5
           1.02343
          0.664577
          0.530377
          0.426905
          0.609669
           1.39376
         -0.183197
        -0.0820565
          -0.50919
         -0.312583
##################### ACCEPTABLE SUBNET NUMBER: 14  #########################
           2.54627
12
 5
47
45
 8
19
36
24
27
 1
46
25
40
 1
 2
          0.658277
          0.659229
          0.334931
         -0.168051
          0.176834
         -0.202056
          -1.46104
           -0.4225
         0.0861413
          0.187139
         -0.232806
          0.188113
         -0.664107
          0.641081
          -1.31343
          0.986661
##################### ACCEPTABLE SUBNET NUMBER: 15  #########################
           2.67069
 6
21
 1
 7
16
25
 2
 8
15
48
28
14
20
27
11
46
          0.686577
          0.617438
         0.0947565
          0.518913
          0.799723
          0.221951
         -0.467119
         0.0696104
          -1.00302
          0.517105
         -0.920169
          -0.79357
         -0.485346
          -1.27279
         -0.720102
          0.355086
          -0.53793
##################### ACCEPTABLE SUBNET NUMBER: 16  #########################
           2.60921
 2
33
 7
 4
32
 2
26
38
          0.647059
          0.495933
          0.228491
         -0.707155
         -0.344981
          -1.11342
          0.861946
          0.118178
         -0.720031
##################### ACCEPTABLE SUBNET NUMBER: 17  #########################
           2.40252
 6
32
 6
25
44
 4
49
 2
20
 1
          0.263127
        -0.0665661
         -0.807088
        -0.0291566
         0.0438522
         -0.139283
          -1.37463
         -0.899226
         -0.925009
        -0.0561964
         -0.308602
##################### ACCEPTABLE SUBNET NUMBER: 18  #########################
           2.57441
 7
18
25
27
36
 6
 7
30
 6
20
46
35
26
41
31
           1.46843
           1.46018
          0.523323
           1.27937
          0.891284
         -0.227041
        -0.0133342
          -1.62092
          0.753788
         -0.135226
          0.938226
            0.7841
          0.139147
          0.408028
          0.483975
         -0.940669
##################### ACCEPTABLE SUBNET NUMBER: 19  #########################
          0.748686
 9
 1
22
34
32
11
10
13
18
28
11
29
 2
41
 8
46
 5
47
50
 7
 9
12
            1.5245
           1.37667
           1.04534
           1.49241
         -0.151271
           1.19116
          0.216155
          -1.23804
           1.11641
       -0.00195151
          0.217726
          0.305571
           1.11728
           1.78963
           1.03834
           1.40551
         -0.389859
           0.85484
          -0.26489
          0.627419
          0.267616
          0.858546
         -0.311337
##################### ACCEPTABLE SUBNET NUMBER: 20  #########################
           2.60109
 6
 1
12
48
15
43
 8
 7
22
41
47
 9
26
 4
31
           1.94632
           1.92478
           1.41447
           2.02995
           1.17204
           1.38141
          0.587403
           1.15485
           -1.6189
           1.75606
            1.3095
         -0.224402
           1.10114
         -0.507235
          0.970047
          -1.00315
##################### ACCEPTABLE SUBNET NUMBER: 21  #########################
           2.40446
 4
30
34
 6
 7
 1
 2
           0.89763
          0.876636
          0.635916
           1.10927
         0.0533471
          -1.08272
         -0.378313
           1.38558
##################### ACCEPTABLE SUBNET NUMBER: 22  #########################
           2.03727
 8
16
17
30
38
49
47
23
31
 5
 2
14
43
13
26
           1.35094
           1.20098
           1.24605
         -0.422916
         -0.867679
         -0.654396
         -0.305296
           1.14953
         -0.274208
           1.17607
        -0.0153215
           1.98985
          -0.79205
          0.667304
          0.103827
          0.695606
##################### ACCEPTABLE SUBNET NUMBER: 23  #########################
          0.661998
 9
33
 5
21
12
26
 7
30
43
13
 6
 2
14
44
20
46
17
           1.60205
           1.35076
          0.855771
          0.783878
           0.56038
          -1.04314
          0.838849
          0.109189
           0.34952
             -1.45
          -1.58001
          0.240587
           1.64156
         0.0861302
          -0.53788
         -0.201219
           0.80323
          0.037431
##################### ACCEPTABLE SUBNET NUMBER: 24  #########################
           2.39362
 4
25
13
38
 3
 3
26
 2
31
          0.800312
           0.62797
          0.207935
          -1.04768
          -1.04766
          -1.11224
          -1.09283
          0.104959
          0.858836
          -1.09252
##################### ACCEPTABLE SUBNET NUMBER: 25  #########################
          0.958695
 5
31
48
30
32
 9
 3
 2
41
25
          0.720203
          0.191508
         0.0683179
         -0.117198
        -0.0194775
          -2.11364
          -2.12687
         -0.198868
          0.819461
          0.216965
          0.179394
##################### ACCEPTABLE SUBNET NUMBER: 26  #########################
           2.84511
 2
35
18
 2
 2
10
           1.59254
           1.53666
           1.27499
         -0.867312
           1.10714
           1.91637
         -0.138365
##################### ACCEPTABLE SUBNET NUMBER: 27  #########################
           5.88528
 2
 6
 1
 3
50
10
 5
          0.710987
          0.673025
          0.403092
          0.572372
          0.235696
          0.483227
         -0.276407
          0.225403
##################### ACCEPTABLE SUBNET NUMBER: 28  #########################
           5.09211
 6
14
22
 6
12
29
16
12
13
36
 8
 4
 1
28
35
34
19
43
23
18
           1.72855
           1.71806
          0.855319
        -0.0470876
          0.694256
           1.45536
          0.215207
          0.456114
          0.472996
           0.74531
         -0.365902
         -0.331958
           1.32586
           -1.9672
           1.12396
          -1.31791
           0.68248
          0.966332
          -0.12749
          0.390272
         -0.213076
##################### ACCEPTABLE SUBNET NUMBER: 29  #########################
           3.08818
 7
30
32
18
14
43
20
21
 2
27
41
          0.429203
          0.377627
        0.00573222
          0.701073
        -0.0264184
          0.534389
          -1.41191
         -0.583037
          -0.95231
         -0.801574
          0.354391
          0.319428
##################### ACCEPTABLE SUBNET NUMBER: 30  #########################
           5.08125
 7
26
23
14
13
47
41
44
 6
15
38
21
 1
45
31
           1.24823
            1.2943
          0.993818
           2.18133
         -0.753515
         -0.757814
         -0.133817
         0.0814541
         0.0317512
         -0.735444
           1.25744
          0.915901
          0.111206
         -0.930381
         -0.142072
           1.02375
##################### ACCEPTABLE SUBNET NUMBER: 31  #########################
           2.33206
 5
 9
 3
 5
34
33
 2
 2
32
          0.448186
          0.389644
          0.315633
          0.749664
         -0.079805
         0.0938552
         -0.166362
        -0.0583146
           1.00144
          -2.04965
##################### ACCEPTABLE SUBNET NUMBER: 32  #########################
           3.45738
 2
25
19
 5
34
41
14
 8
46
           1.53798
             1.556
          0.480211
           1.24541
          -1.27425
          0.662807
          0.490379
          0.982615
          0.467453
         -0.902122
##################### ACCEPTABLE SUBNET NUMBER: 33  #########################
           5.14619
11
21
15
10
25
32
34
 9
49
41
16
33
 4
28
40
 4
30
           1.77501
           1.72216
           1.51566
           1.61354
         -0.707596
           1.12691
          0.115114
          -1.16434
           -1.3524
           1.84538
           1.36033
       -0.00986275
           1.44455
           1.28813
           1.86984
          0.337524
         -0.874731
          0.685648
##################### ACCEPTABLE SUBNET NUMBER: 34  #########################
              5.92
 6
 1
42
16
41
48
22
 0
         -0.199102
         -0.906209
         -0.200775
          0.052693
          -1.32345
          -1.32743
          -1.31914
          -1.31469
          -1.32864
##################### ACCEPTABLE SUBNET NUMBER: 35  #########################
           3.82875
 9
33
38
18
15
 8
40
10
50
16
 1
32
           1.00417
           1.00141
         -0.455741
           0.26372
          -1.27543
          0.513386
         -0.520923
         -0.950621
          -1.13503
        0.00769788
          -1.25945
          -1.35668
         -0.116255
##################### ACCEPTABLE SUBNET NUMBER: 36  #########################
           3.87402
12
46
33
30
21
 6
42
49
47
22
45
16
35
 3
20
34
 8
           1.41529
           1.42815
          0.902995
           1.14876
           1.59262
            1.6765
          0.194435
        -0.0691897
          0.613781
          -1.06784
         0.0384109
          -1.26662
          -1.23457
          0.602844
         -0.807663
           1.43853
           1.44728
          0.249562
##################### ACCEPTABLE SUBNET NUMBER: 37  #########################
           5.85204
 7
18
 5
45
19
 1
34
22
 5
 2
48
 9
38
13
         -0.751192
         -0.906976
          0.140225
        -0.0358607
          0.630662
          0.161037
         0.0469087
          0.701496
         -0.380141
          -1.01478
          0.123059
          0.265958
          0.707002
         -0.845063
         -0.854975
##################### ACCEPTABLE SUBNET NUMBER: 38  #########################
           3.17849
 2
18
26
 5
20
 7
38
24
40
            1.4977
            1.5088
           1.18599
           1.85068
         -0.916394
           1.49874
           1.55363
           0.92679
         -0.461804
          -1.68415
##################### ACCEPTABLE SUBNET NUMBER: 39  #########################
           5.63943
 3
 5
 1
 3
 5
16
30
27
23
 7
         -0.691343
         -0.904842
         0.0595764
          0.146874
          0.770354
         0.0369558
          0.155499
          0.072769
          0.194835
          0.147625
        -0.0898797
##################### ACCEPTABLE SUBNET NUMBER: 40  #########################
           5.40094
 5
 6
 1
46
 3
32
15
43
 8
25
14
10
44
16
37
31
47
17
24
 5
20
 2
         0.0831782
         -0.787631
         -0.227146
         -0.165398
          -0.51149
         -0.592214
         -0.960925
          -2.46884
          -1.24332
          -1.37464
          -1.38577
          -1.33823
         0.0648609
         -0.645879
          -0.62482
         -0.622862
           -2.0354
          -1.32622
          -1.24349
         -0.482715
         -0.602927
         -0.598167
          0.103219
##################### ACCEPTABLE SUBNET NUMBER: 41  #########################
           4.46314
 6
 9
45
22
37
10
29
 3
20
13
30
          0.769758
          0.757972
          0.281021
           1.25264
          0.290331
           0.62793
          -0.83624
         -0.121439
          -1.86414
          0.966955
          0.141552
          0.433673
##################### ACCEPTABLE SUBNET NUMBER: 42  #########################
           5.87169
 1
 1
 4
14
46
 2
42
         -0.161149
         -0.791057
          -0.17259
         0.0400185
          -1.15701
         -0.504586
          -0.33587
         -0.520751
##################### ACCEPTABLE SUBNET NUMBER: 43  #########################
           1.63426
 7
44
 1
 6
41
42
14
22
 5
 2
30
17
20
36
          0.899129
           0.69358
          0.150231
         -0.778432
          0.263151
          0.141855
          -1.38423
         0.0439869
          -0.41068
          -0.44842
          0.879877
          0.252254
          -2.23756
        -0.0257417
          -1.63672
##################### ACCEPTABLE SUBNET NUMBER: 44  #########################
           2.00345
 4
22
40
24
30
 3
37
 2
31
           2.02064
           1.87126
           1.39081
          0.288191
           1.38576
        -0.0246979
          0.250839
         -0.612177
           2.14041
          0.676423
##################### ACCEPTABLE SUBNET NUMBER: 45  #########################
           2.68751
 2
18
32
 8
20
34
 3
 2
40
31
27
 1
          0.497234
          0.421771
           1.04286
           1.56153
         -0.209748
           1.24144
           1.34565
          -1.86474
          0.208829
         -0.811062
         -0.811062
         -0.198191
         -0.054176
##################### ACCEPTABLE SUBNET NUMBER: 46  #########################
           5.52303
 6
18
31
47
50
32
 1
 6
12
20
33
38
25
10
          -0.10955
         -0.914316
         -0.179273
          -1.44701
        -0.0942075
         -0.535346
          -2.32785
          -2.49737
          -2.50802
          -1.07205
          0.146016
        0.00822437
          -2.50921
          -2.51108
         -0.608378
##################### ACCEPTABLE SUBNET NUMBER: 47  #########################
           5.38244
 7
45
50
14
47
11
30
 5
 9
27
46
10
40
17
31
35
23
42
           1.90317
           1.86063
            1.0288
           1.29991
           1.08425
           1.09457
           0.22884
        -0.0447898
           1.46471
         -0.506948
           1.31588
           1.03308
          0.618805
         0.0585547
           1.22495
         -0.845032
          0.184634
          0.690707
         -0.160068
##################### ACCEPTABLE SUBNET NUMBER: 48  #########################
           2.07375
 2
49
25
 6
 2
10
32
 3
 9
26
           1.97521
           1.81505
          0.548456
          0.563365
          0.386376
           1.31119
          0.317735
          -1.11693
         -0.176464
          0.633351
         -0.857444
##################### ACCEPTABLE SUBNET NUMBER: 49  #########################
           4.66637
 3
46
25
30
 5
 5
13
34
40
 2
          0.715134
          0.729459
        -0.0291294
          0.129343
           0.60592
          -1.14246
          0.216923
         -0.770399
         -0.332385
          -1.00666
          0.469741
##################### ACCEPTABLE SUBNET NUMBER: 50  #########################
           5.71401
 3
 1
25
27
 9
37
31
41
 9
12
15
22
16
 2
          0.246973
          0.261729
          0.124028
         -0.486491
          0.618959
          -1.55112
          0.219678
         -0.313035
          -0.30876
         -0.931923
         -0.448847
         -0.918489
         -0.498009
          -1.55212
           -1.1995
##################### ACCEPTABLE SUBNET NUMBER: 51  #########################
            4.9548
 5
25
40
 9
 4
 7
 5
37
11
 8
16
33
          0.689009
          0.695539
          0.132732
            0.6347
          -1.25606
        0.00345846
         -0.364036
         0.0685263
          0.260782
           -0.6908
          -1.76217
         0.0817695
          -1.32101
##################### ACCEPTABLE SUBNET NUMBER: 52  #########################
           5.13401
 6
33
21
41
42
 7
43
 7
 2
15
44
26
25
 6
35
           1.86369
           1.83513
          0.794459
          -0.47141
           1.07659
          0.315163
          0.699389
          0.856045
         -0.337797
          0.640813
          -1.26348
          0.947645
          0.426962
         -0.853762
          -1.00724
         -0.632952
##################### ACCEPTABLE SUBNET NUMBER: 53  #########################
           3.79319
 6
18
17
24
 1
 9
16
 5
49
34
30
14
41
           0.83377
          0.667705
          0.707553
           1.18278
          0.241544
          0.165272
         -0.410948
           0.10115
         -0.740329
          0.774822
           1.03259
          0.816326
           0.40117
          0.328183
##################### ACCEPTABLE SUBNET NUMBER: 54  #########################
           5.22197
 2
 7
25
 2
43
38
           1.25009
           1.29134
         -0.220603
            1.9239
           1.50143
            1.2556
          0.230979
##################### ACCEPTABLE SUBNET NUMBER: 55  #########################
           4.25804
 5
44
35
42
23
 1
 5
17
11
34
16
 2
           1.25609
           1.26629
         0.0230777
          -1.75231
         -0.774422
           0.49956
        0.00978274
         -0.480289
          0.333479
         -0.096275
         -0.896116
         -0.761867
          -0.73023
##################### ACCEPTABLE SUBNET NUMBER: 56  #########################
           4.76736
 2
31
 1
 4
44
47
18
32
           1.29075
           1.12827
          0.396568
          0.466636
          -1.30105
           0.60516
         -0.390179
           -1.3411
          0.239371
##################### ACCEPTABLE SUBNET NUMBER: 57  #########################
           4.87128
 3
33
42
 5
 2
38
24
          0.651021
          0.604321
         -0.247718
          0.177743
          0.223005
           -1.7558
         -0.164502
           -1.7558
##################### ACCEPTABLE SUBNET NUMBER: 58  #########################
           3.30433
 6
22
47
 1
33
 2
23
 6
10
40
37
19
24
34
           1.68978
           1.66531
           1.01466
          -1.18687
         -0.125512
           1.63898
           1.42906
          0.928605
          -2.25777
          -1.19193
           1.36092
          0.869265
           -1.5826
          -0.26832
           1.26008
##################### ACCEPTABLE SUBNET NUMBER: 59  #########################
           7.24673
 4
17
37
47
 5
 1
18
          -1.04418
          -1.19603
           0.28105
        -0.0239208
          -1.44397
          0.215647
           0.50124
          0.540778
##################### ACCEPTABLE SUBNET NUMBER: 60  #########################
            7.9927
10
45
 6
18
 9
30
11
22
 7
28
 5
 8
33
 2
43
42
26
46
14
21
          -1.09082
          -1.30765
         -0.535121
          0.644953
          -1.17888
         -0.689759
           0.27397
          0.216246
         -0.542761
          -0.57105
         -0.641502
          0.222961
          -0.66865
          0.462851
          0.121793
         -0.544398
         0.0742178
          -1.52801
          -1.52801
          -1.52801
           -1.3629
##################### ACCEPTABLE SUBNET NUMBER: 61  #########################
           8.54921
 2
36
24
 3
31
34
48
         -0.867089
         -0.860677
         -0.305886
           0.46334
          0.658961
        -0.0546085
         -0.418852
         -0.375375
##################### ACCEPTABLE SUBNET NUMBER: 62  #########################
           4.62111
 9
31
46
33
30
23
 6
24
17
 4
 1
44
           1.93305
           1.83437
           1.32693
           1.51386
         -0.478365
           1.38779
         -0.485789
          0.917597
            1.0238
         -0.148571
          0.918511
         -0.167072
           1.59567
##################### ACCEPTABLE SUBNET NUMBER: 63  #########################
           2.99726
 6
 6
32
 2
35
33
36
 8
28
 1
14
10
 8
43
46
13
          0.446623
          0.271896
         0.0529885
          0.262968
         -0.604274
          0.173203
         -0.224054
          0.104073
          -2.42162
         -0.558247
         -0.231734
          0.307856
       -0.00140219
         -0.405728
         0.0282794
         0.0612048
          -1.40357
##################### ACCEPTABLE SUBNET NUMBER: 64  #########################
           8.18688
 7
35
27
25
11
16
49
30
 6
19
46
 9
48
24
 8
         -0.944957
          -1.01821
         -0.231022
          0.382896
          0.403204
         -0.592632
         -0.649341
         -0.596237
           -0.6729
          -1.42498
         -0.634315
         -0.651801
          -0.66792
         -0.667332
          -0.67184
          -1.42542
##################### ACCEPTABLE SUBNET NUMBER: 65  #########################
           7.56641
 2
49
 6
 0
         -0.430971
         -0.810076
         -0.063377
          -1.59383
        -0.0288043
##################### ACCEPTABLE SUBNET NUMBER: 66  #########################
           7.70071
 3
 4
44
20
 1
18
         -0.928321
         -0.966393
         -0.242165
         -0.292101
          0.769623
          0.681569
          0.597496
##################### ACCEPTABLE SUBNET NUMBER: 67  #########################
           6.53904
 4
 7
36
22
 5
 8
29
 1
31
24
44
25
23
34
           1.36374
           1.40689
          0.908613
           1.78919
         -0.245524
          -1.17929
          -1.82727
           0.46191
         -0.890764
          -1.56837
         0.0867736
            1.0151
         -0.757627
         -0.432811
         -0.920563
##################### ACCEPTABLE SUBNET NUMBER: 68  #########################
           4.78564
 2
43
35
 1
44
           1.01105
          0.836949
          0.205082
         -0.231425
          0.313963
          0.440569
##################### ACCEPTABLE SUBNET NUMBER: 69  #########################
           8.01969
 2
12
47
 3
33
18
41
         -0.729679
         -0.849202
         0.0844208
          -0.26095
         0.0529074
         -0.057024
       -0.00870642
         -0.929624
##################### ACCEPTABLE SUBNET NUMBER: 70  #########################
           7.02744
 0
 4
20
10
18
 6
          0.102889
          0.107073
          0.340669
          0.376697
          0.403238
          -2.28366
          -2.26048
##################### ACCEPTABLE SUBNET NUMBER: 71  #########################
             8.896
 4
19
21
 7
30
 2
22
47
         -0.656525
          -0.79202
         0.0745273
           -1.2818
         -0.401639
          -1.72705
         -0.581021
          -1.74353
         -0.975952
##################### ACCEPTABLE SUBNET NUMBER: 72  #########################
           7.86128
 6
23
41
27
18
 1
 4
 2
 7
 9
          -1.13487
          -4.31112
         -0.898257
         -0.174454
          -1.83045
          0.100401
          -1.06791
          -0.19326
          -1.46986
         -0.416455
         -0.230166
##################### ACCEPTABLE SUBNET NUMBER: 73  #########################
           8.91801
 1
47
 0
         0.0416516
         -0.780188
         -0.200334
          -1.05112
##################### ACCEPTABLE SUBNET NUMBER: 74  #########################
           6.49865
 4
 1
31
 4
22
 4
34
17
26
11
         -0.831671
          -1.17185
          0.757338
            1.1457
          0.316015
         -0.181058
           -1.0274
           1.00416
          0.773209
           0.72881
         -0.173304
##################### ACCEPTABLE SUBNET NUMBER: 75  #########################
           6.90707
 0
 6
19
26
21
37
 5
42
           1.75547
           1.74157
            1.7559
           1.69897
           1.61213
          0.681514
          0.166161
          0.853497
         -0.160788
----------Number of Acceptable Subnets found: 75 -----------
----------END FOR GENE 39 -----------
--------START FOR GENE 40 -----------
 Values arranged as error, n_ka, gene ids for ka, n_kd, gene ids for kd,
 r0, d, ea, ka_values, kd_values for each subnet. 
##################### ACCEPTABLE SUBNET NUMBER: 1  #########################
           1.56285
 2
13
17
 1
 7
           1.40804
           1.43451
         0.0121932
           0.41902
          0.260796
        -0.0328377
##################### ACCEPTABLE SUBNET NUMBER: 2  #########################
          0.924472
 5
 5
50
25
13
19
 0
          0.594279
          0.491165
         -0.110184
        -0.0342246
         0.0409636
        -0.0653957
         -0.238141
           -1.3252
##################### ACCEPTABLE SUBNET NUMBER: 3  #########################
          0.902557
 4
42
37
38
31
 6
28
33
17
46
10
27
          0.955296
          0.974981
          0.687962
          0.845764
          0.218632
          0.591063
          -1.63759
         -0.546403
          0.671879
         -0.491822
          0.745298
         -0.589009
          -1.63759
##################### ACCEPTABLE SUBNET NUMBER: 4  #########################
          0.847761
 2
14
13
 2
49
11
           1.25004
           1.25494
         0.0418554
          0.766495
          0.513401
          0.369311
          0.283794
##################### ACCEPTABLE SUBNET NUMBER: 5  #########################
           1.75369
 5
21
31
29
36
19
 3
46
33
42
         -0.304575
         -0.260122
        0.00100675
          0.412033
         0.0891606
          -1.78876
         -0.392828
          0.260805
        -0.0413358
         -0.394704
          -1.30306
##################### ACCEPTABLE SUBNET NUMBER: 6  #########################
          0.895388
 1
20
 0
           1.78526
           1.81049
        -0.0259569
          0.444684
##################### ACCEPTABLE SUBNET NUMBER: 7  #########################
           2.26433
 9
47
23
 9
 1
 6
15
27
50
25
 2
 2
26
           1.18747
           1.25787
           0.91064
          0.784384
           1.26254
          -0.49549
         -0.683045
           1.68768
         -0.876179
          -1.45504
          -2.00102
         -0.219711
           1.75472
          0.198918
##################### ACCEPTABLE SUBNET NUMBER: 8  #########################
          0.730385
 4
17
36
 6
47
 1
42
           1.17724
           1.18941
        -0.0996532
          0.347547
          0.211962
         -0.615009
         0.0136515
        -0.0935753
##################### ACCEPTABLE SUBNET NUMBER: 9  #########################
          0.977466
 3
 9
 7
50
 5
32
29
42
 5
49
        -0.0274537
          -1.19899
         -0.492888
         -0.181511
         -0.351071
         -0.850958
         -0.897596
          -2.51122
          -2.41536
         -0.363176
         -0.830025
##################### ACCEPTABLE SUBNET NUMBER: 10  #########################
           0.62447
 2
43
16
 5
 4
30
23
 9
35
         -0.128475
         -0.844471
         -0.290346
         -0.116561
          -1.25246
         -0.624811
          0.163983
         -0.832903
         -0.034223
         -0.108059
##################### ACCEPTABLE SUBNET NUMBER: 11  #########################
           1.79376
 4
26
50
42
23
 2
12
47
         0.0313707
         -0.967281
         -0.393943
          -1.68882
         -0.273028
           -0.4888
          -0.62718
         -0.495887
         -0.762688
##################### ACCEPTABLE SUBNET NUMBER: 12  #########################
           1.51257
 2
31
34
 3
39
19
 9
          0.375707
          0.429164
          0.240781
          0.597949
         -0.679106
          0.326142
         -0.752867
         -0.396199
##################### ACCEPTABLE SUBNET NUMBER: 13  #########################
           1.15722
 9
13
28
 1
19
18
44
24
23
17
 5
11
25
26
12
35
         -0.246546
         -0.299349
         -0.323712
          0.383042
          0.425353
           0.31645
         -0.676091
          -0.78447
         -0.676771
         -0.610236
         -0.500992
        -0.0215227
         -0.710965
         -0.758419
         -0.642274
         -0.502258
          0.269586
##################### ACCEPTABLE SUBNET NUMBER: 14  #########################
           2.88804
 1
 3
 2
21
10
           1.11437
           1.12832
         0.0251868
          0.291078
         -0.123944
          -1.16186
##################### ACCEPTABLE SUBNET NUMBER: 15  #########################
            2.2376
 5
21
14
27
33
 9
 6
39
13
24
31
38
23
           1.80659
           1.86218
           1.18661
           1.62079
           1.22379
         -0.283704
          -1.12798
          -1.78324
           1.27002
         -0.406875
          -1.02109
          -1.07297
         -0.571236
         -0.410808
##################### ACCEPTABLE SUBNET NUMBER: 16  #########################
           1.83039
 0
 3
10
33
 2
          0.996669
            1.0368
          0.908323
            1.1308
          0.875884
          0.386322
##################### ACCEPTABLE SUBNET NUMBER: 17  #########################
          0.684562
 3
27
30
45
 5
31
48
25
24
16
          0.452197
          0.434455
        -0.0551219
          0.379714
         -0.228628
         -0.923639
         -0.886988
         -0.548784
          -1.38868
          0.235487
         -0.645213
##################### ACCEPTABLE SUBNET NUMBER: 18  #########################
          0.735171
 9
 9
15
50
28
20
27
 1
49
47
 4
10
42
30
43
           1.29711
           1.24888
         0.0555847
          0.750084
          0.178236
          -1.55224
          -1.54716
           0.50942
         -0.579306
           -0.5079
         -0.671451
          -1.70215
         -0.884476
          0.392047
          0.372246
         -0.833474
##################### ACCEPTABLE SUBNET NUMBER: 19  #########################
          0.604105
 2
 7
 2
 3
44
35
47
          -0.92313
          -1.15415
         -0.138543
          0.316433
          0.940113
          0.645214
          0.359882
          0.339909
##################### ACCEPTABLE SUBNET NUMBER: 20  #########################
           1.60811
 5
20
 1
 6
 5
32
 3
16
25
43
          0.870532
          0.934895
         -0.188533
          0.554127
          0.772508
          0.744434
         -0.934587
          -1.31169
          0.107771
         -0.948238
         -0.968238
##################### ACCEPTABLE SUBNET NUMBER: 21  #########################
           1.49997
 5
27
25
26
38
20
11
16
39
24
22
48
 6
 1
31
12
18
 4
          -1.43964
          -1.28402
          -1.34686
          0.385777
          -1.81789
          0.291246
          -1.02322
          -1.02502
          0.740978
         -0.079126
          -1.19242
         -0.133658
          -1.04873
          -1.33638
          -1.27303
         -0.562318
         -0.564286
          -1.02336
         -0.566007
##################### ACCEPTABLE SUBNET NUMBER: 22  #########################
          0.479596
 6
12
20
23
 8
41
18
 1
 1
          0.217774
          0.224227
        -0.0346001
          0.374639
         -0.576574
          0.277007
         -0.274715
         -0.775458
         -0.884429
          0.296111
##################### ACCEPTABLE SUBNET NUMBER: 23  #########################
          0.466614
 7
 3
45
31
14
48
36
13
 2
 2
42
          0.686638
          0.643407
        -0.0808193
          0.121013
         -0.329215
         0.0310955
         -0.462214
          0.034869
        -0.0205507
         -0.762878
         -0.215541
       -0.00732242
##################### ACCEPTABLE SUBNET NUMBER: 24  #########################
           2.34133
 1
29
 0
         0.0687461
           -0.4442
         -0.192761
          -0.14207
##################### ACCEPTABLE SUBNET NUMBER: 25  #########################
           2.21797
 1
35
11
24
45
 6
 5
 4
48
41
31
33
25
28
           1.89129
           1.85616
           1.53887
           1.16886
            -1.025
          0.214061
         -0.191918
         -0.725787
          -1.15829
         -0.699505
           1.64284
         -0.691535
         -0.219352
           1.43731
          -0.71844
##################### ACCEPTABLE SUBNET NUMBER: 26  #########################
           2.45076
 2
43
49
 0
         -0.935987
           -1.0103
        -0.0741739
        0.00963306
         -0.544627
##################### ACCEPTABLE SUBNET NUMBER: 27  #########################
          0.533722
 3
48
44
16
 6
33
 7
26
 3
 6
35
         -0.607147
         -0.820126
           0.65895
          -0.68249
         -0.623365
          0.147886
          0.807602
         -0.176781
          0.718541
          0.475964
          0.846014
          0.459644
##################### ACCEPTABLE SUBNET NUMBER: 28  #########################
           2.57739
 4
 4
16
44
49
 9
41
38
18
39
25
36
21
42
33
           1.15281
           1.20672
            1.4163
           1.63423
          0.352117
         -0.188605
          0.434022
           1.48639
           0.42917
          0.989293
         -0.530332
          0.905542
          0.178549
          0.793898
           1.04405
          0.337772
##################### ACCEPTABLE SUBNET NUMBER: 29  #########################
           2.29603
 1
 4
 0
          0.906911
           0.97929
         -0.115059
          0.943609
##################### ACCEPTABLE SUBNET NUMBER: 30  #########################
          0.749461
 3
14
 9
25
 4
46
39
 8
21
          0.906962
          0.922277
          0.158345
          0.481347
          0.646005
         0.0477881
         0.0124084
          0.218737
        -0.0617939
          0.205504
##################### ACCEPTABLE SUBNET NUMBER: 31  #########################
          0.733087
 4
14
46
39
29
 4
31
49
47
30
          0.443082
          0.409484
        -0.0549846
           0.55419
         -0.426091
         -0.436029
         -0.567244
           0.24376
         -0.475486
         -0.277251
         -0.167506
##################### ACCEPTABLE SUBNET NUMBER: 32  #########################
           2.01845
 1
25
 8
34
26
15
 3
19
14
46
48
           1.03341
           1.06941
           1.36343
          0.121899
           1.29492
           1.34411
          0.484439
          0.541001
          0.497462
          0.789042
          0.130899
         -0.709901
##################### ACCEPTABLE SUBNET NUMBER: 33  #########################
           1.45159
 3
36
41
28
 2
37
 2
         -0.303243
         -0.290719
        -0.0828705
          0.245569
          -1.06813
        -0.0592743
         -0.397112
         -0.182956
##################### ACCEPTABLE SUBNET NUMBER: 34  #########################
           1.91607
 4
 9
 6
 5
24
 0
           1.21286
           1.27508
        -0.0177432
          0.490003
          0.554685
         -0.282639
          0.134093
##################### ACCEPTABLE SUBNET NUMBER: 35  #########################
          0.596745
 3
48
13
42
 6
10
18
 6
 7
26
46
          0.996497
           1.02198
            1.1597
          0.594727
         -0.746384
          0.903785
           1.32762
           1.01509
          0.364879
         -0.643148
           1.10477
          0.992382
##################### ACCEPTABLE SUBNET NUMBER: 36  #########################
          0.807691
 6
48
 2
41
32
 3
19
12
13
31
 1
33
26
23
30
 4
16
39
46
20
          0.965749
           0.97419
          0.247748
          0.327626
          -1.64549
         -0.675202
          -1.60823
         0.0460732
         -0.736516
         -0.787759
         -0.484118
         -0.680326
         -0.607695
           0.32023
         -0.797303
         -0.967664
         -0.590897
        -0.0269914
         -0.434549
         -0.202725
         -0.826789
##################### ACCEPTABLE SUBNET NUMBER: 37  #########################
           1.74731
 3
 2
31
16
 0
         -0.285457
         -0.264073
        -0.0347416
         -0.240499
          0.238088
         -0.848068
##################### ACCEPTABLE SUBNET NUMBER: 38  #########################
           2.45934
 2
44
45
 1
46
          0.352541
       -0.00767832
         -0.155343
        -0.0390673
         -0.959416
         -0.538455
##################### ACCEPTABLE SUBNET NUMBER: 39  #########################
           2.79851
 1
22
 1
48
         -0.269153
          -1.38172
         -0.208699
         -0.910621
          0.355445
##################### ACCEPTABLE SUBNET NUMBER: 40  #########################
           2.41737
 2
45
50
 2
26
 6
           1.24313
           1.27901
          0.676187
          0.165045
          -1.53214
          0.678798
          0.105303
##################### ACCEPTABLE SUBNET NUMBER: 41  #########################
          0.611171
 9
13
 1
17
20
 5
 2
45
30
34
 4
22
18
10
37
           1.79248
           1.80572
        -0.0788866
          0.461937
          -1.72849
          -1.08991
         0.0551222
          -2.00231
          0.185008
          0.207548
          -1.17908
         -0.832611
         0.0504014
        -0.0553142
         -0.195331
         0.0771289
##################### ACCEPTABLE SUBNET NUMBER: 42  #########################
          0.733652
 7
17
25
 6
18
38
33
49
 1
 1
            0.5959
          0.619222
        -0.0587352
          0.295255
         0.0444109
           0.34322
         -0.655166
         -0.565779
         -0.279529
        -0.0819024
          0.219485
##################### ACCEPTABLE SUBNET NUMBER: 43  #########################
          0.812592
10
24
33
 4
10
 7
46
36
34
27
41
 3
 1
35
 9
         -0.957273
          -1.20935
         -0.325873
         0.0171004
         -0.367694
         0.0289131
         -0.363478
        -0.0651626
         -0.564294
         -0.913431
         -0.946917
         -0.929372
         -0.935257
          0.440249
         -0.432326
         -0.939002
##################### ACCEPTABLE SUBNET NUMBER: 44  #########################
           1.74684
 1
 5
 1
36
            1.4495
           1.41602
        -0.0258472
          0.171999
         -0.516848
##################### ACCEPTABLE SUBNET NUMBER: 45  #########################
           2.41068
16
30
18
21
 6
48
35
22
37
45
29
 3
44
10
41
15
32
 7
34
 7
28
 1
43
16
12
          -1.86795
            -1.467
           1.57303
          0.538777
           1.14088
           1.24576
           1.40128
         -0.560939
           1.71802
           1.53079
           1.71673
         -0.552968
           1.68967
          0.148756
         -0.436382
          0.986816
          0.455019
           2.07687
          -0.16129
         -0.383839
          0.151115
         -0.433261
           1.02951
          -0.54748
           2.06899
          0.454921
##################### ACCEPTABLE SUBNET NUMBER: 46  #########################
          0.748124
12
50
33
49
20
23
15
48
17
42
31
 5
46
 6
14
25
16
 6
 1
 7
          0.829766
          0.792366
        -0.0423423
         -0.197885
          -1.83632
          -1.98758
          0.347115
          -1.30234
        -0.0830313
         -0.643464
          -1.40819
          -1.34259
          -1.33158
          -1.74451
         -0.438166
          -1.36377
          -1.31387
         -0.610022
         -0.116225
         -0.470268
         -0.740291
##################### ACCEPTABLE SUBNET NUMBER: 47  #########################
           1.61648
 4
23
32
 5
33
 2
22
16
          0.405102
          -1.12913
         -0.487126
         -0.456182
          -1.40811
          -1.53256
          -1.73379
         -0.276685
         0.0323671
##################### ACCEPTABLE SUBNET NUMBER: 48  #########################
          0.718508
 4
49
 5
12
15
 4
10
 1
17
34
           1.36837
           1.13564
         -0.104498
        -0.0142713
         -0.621694
         -0.763607
         -0.478776
         0.0941304
         -0.111065
         -0.300891
         -0.507683
##################### ACCEPTABLE SUBNET NUMBER: 49  #########################
           1.44393
 1
41
 2
26
16
         -0.333822
          -1.26703
         -0.254537
         -0.364916
          -1.94996
           0.58331
##################### ACCEPTABLE SUBNET NUMBER: 50  #########################
           1.26561
13
14
39
27
31
50
34
 3
 2
26
23
11
41
10
 5
33
19
42
43
46
           1.57499
           1.58774
           1.42229
           2.01747
          0.493536
         -0.703894
         -0.191503
           0.36047
          0.333846
          -1.20357
         -0.418744
         -0.374435
         -0.876047
         -0.317259
          0.882182
         -0.359237
          0.408979
         -0.192229
          0.459103
           1.75859
          -1.29247
##################### ACCEPTABLE SUBNET NUMBER: 51  #########################
          0.688841
 7
44
14
48
49
35
41
43
 0
          0.613098
          0.207775
          -0.19579
         -0.153778
          -0.76256
         -0.241296
         -0.156968
         -0.890186
          -1.01204
         -0.800141
##################### ACCEPTABLE SUBNET NUMBER: 52  #########################
           1.75143
 3
14
24
46
 5
41
37
32
 7
49
           1.70846
           1.74894
          0.926043
          0.583271
          -1.45255
         -0.935588
          0.837931
         -0.439135
          0.860886
          0.878108
          -0.75549
##################### ACCEPTABLE SUBNET NUMBER: 53  #########################
          0.875527
 2
17
42
 8
39
 2
 9
28
21
35
25
22
           1.86192
           1.88486
           1.56428
         -0.222756
           1.79595
           1.69095
           1.37574
          0.342935
         0.0987414
          -1.10682
       -0.00726544
         -0.926008
          -1.08266
##################### ACCEPTABLE SUBNET NUMBER: 54  #########################
           2.73185
 1
 4
 2
41
46
          0.370285
          0.354543
        0.00819551
           0.21545
          -1.48282
         -0.405633
##################### ACCEPTABLE SUBNET NUMBER: 55  #########################
           1.53122
 1
48
 2
26
 7
          0.895374
          0.910135
          0.291859
          -1.26373
          0.278467
          0.261447
##################### ACCEPTABLE SUBNET NUMBER: 56  #########################
           2.44961
 0
 1
26
            1.1468
           1.18779
          0.924729
          0.924251
##################### ACCEPTABLE SUBNET NUMBER: 57  #########################
           1.22767
 2
29
48
 6
33
38
41
10
49
31
           1.66997
           1.70501
            1.0685
           1.27421
         -0.204993
           1.01225
          -0.14147
           1.01564
           1.26307
          0.748427
          0.664814
##################### ACCEPTABLE SUBNET NUMBER: 58  #########################
           1.53141
 0
 2
16
 2
           1.47623
          -1.25185
         -0.712062
          0.561527
          -3.21203
##################### ACCEPTABLE SUBNET NUMBER: 59  #########################
           1.98067
 2
31
22
 1
39
         -0.140695
         -0.455076
         -0.142121
        -0.0742339
         -0.500805
          -2.01267
##################### ACCEPTABLE SUBNET NUMBER: 60  #########################
           2.40834
 2
11
 6
 0
          0.806595
         -0.661974
          -0.46889
         -0.402461
          -1.29366
##################### ACCEPTABLE SUBNET NUMBER: 61  #########################
          0.686688
 1
28
 2
18
30
           0.60054
         -0.848459
         -0.475603
         -0.299274
         -0.928745
          -1.77129
##################### ACCEPTABLE SUBNET NUMBER: 62  #########################
           1.36078
 6
49
47
38
17
43
25
 2
26
 8
        -0.0147606
        -0.0503247
        -0.0664308
         0.0741395
         -0.902024
          -1.91145
          0.145499
          -1.50478
         -0.768087
         -0.758697
         -0.610754
##################### ACCEPTABLE SUBNET NUMBER: 63  #########################
           1.02078
 3
50
17
38
 7
10
33
35
 6
42
 7
20
           1.76936
           1.80544
         0.0628481
           1.27502
         -0.395418
        -0.0712076
            1.2892
          0.997054
          0.148398
          0.316479
         -0.437592
          -1.55424
          -2.01795
##################### ACCEPTABLE SUBNET NUMBER: 64  #########################
           1.10524
 4
36
10
 7
14
 4
16
19
11
31
           -1.2024
          -1.25556
           0.11181
         -0.956618
        -0.0515936
         0.0728894
          0.168096
          0.745479
        -0.0155961
         0.0919769
        -0.0247401
##################### ACCEPTABLE SUBNET NUMBER: 65  #########################
             1.344
 6
35
22
36
20
28
31
 5
45
34
42
15
50
          -1.17539
          -1.19602
          -1.43556
          0.907387
          0.170939
          0.381656
          -1.18991
          -1.36271
            0.5606
          0.649157
          0.565447
          0.967709
          -1.39762
          0.512968
##################### ACCEPTABLE SUBNET NUMBER: 66  #########################
           1.41529
 2
17
20
 0
          0.618079
          -1.01715
          -0.51962
         -0.482678
         -0.800325
##################### ACCEPTABLE SUBNET NUMBER: 67  #########################
          0.695834
 2
28
 8
 0
          0.598163
         -0.800488
         -0.446525
         -0.290583
          -2.33305
##################### ACCEPTABLE SUBNET NUMBER: 68  #########################
           2.77332
 2
 3
22
 3
 2
19
 5
         -0.326056
           -0.3133
        -0.0480774
           1.10565
          0.318359
          0.989983
          0.796473
         -0.547051
##################### ACCEPTABLE SUBNET NUMBER: 69  #########################
           1.08503
 4
 5
12
31
36
 2
33
25
          0.939601
          0.882731
        -0.0547016
         0.0529608
          -0.28158
         -0.842576
         0.0909969
         -0.715464
         -0.705238
##################### ACCEPTABLE SUBNET NUMBER: 70  #########################
           2.21545
 3
47
11
29
 1
 7
          0.556982
          0.592374
         -0.537153
          0.226645
          0.213184
         -0.954288
        -0.0757605
##################### ACCEPTABLE SUBNET NUMBER: 71  #########################
          0.727453
 6
47
49
37
27
 1
17
 2
30
38
          0.569226
          0.594841
          -0.59454
         0.0676766
         -0.515338
         -0.348486
          0.449389
          -2.06475
           0.27806
          0.228004
         -0.293375
##################### ACCEPTABLE SUBNET NUMBER: 72  #########################
          0.597623
 6
12
16
50
36
34
17
 2
24
11
          0.881542
          0.880245
        -0.0913569
          0.424014
         -0.224018
          0.137879
        -0.0616495
          -1.34661
          0.264382
          0.326244
         -0.298895
##################### ACCEPTABLE SUBNET NUMBER: 73  #########################
            1.3086
 3
 5
37
41
 1
 2
          0.586234
          0.517841
         -0.044183
          0.119653
          -1.08017
           -1.4248
         -0.390577
##################### ACCEPTABLE SUBNET NUMBER: 74  #########################
           1.46326
 3
29
22
17
 4
 9
39
25
 4
         -0.797805
          -1.19894
          -0.13146
          -1.18466
         -0.312035
         -0.058534
        -0.0665521
          0.038103
          0.224331
         0.0141984
##################### ACCEPTABLE SUBNET NUMBER: 75  #########################
           1.22838
 9
12
23
38
45
 7
10
17
22
16
 6
39
46
 3
 4
36
41
           1.72195
            1.7608
           1.17307
           1.44983
           1.62967
         0.0957681
         -0.852976
           0.42062
           1.22834
         -0.815632
         -0.558729
          0.666673
           1.28657
          0.797314
         -0.806073
           -0.2512
            0.3486
          -2.29707
----------Number of Acceptable Subnets found: 75 -----------
----------END FOR GENE 40 -----------
--------START FOR GENE 41 -----------
 Values arranged as error, n_ka, gene ids for ka, n_kd, gene ids for kd,
 r0, d, ea, ka_values, kd_values for each subnet. 
##################### ACCEPTABLE SUBNET NUMBER: 1  #########################
          0.659016
 0
 1
50
          0.248296
          -1.92508
           0.94435
            1.6229
##################### ACCEPTABLE SUBNET NUMBER: 2  #########################
          0.734437
 2
 1
21
 4
45
48
29
 4
        -0.0845745
         -0.146746
         0.0705935
          -1.25991
         -0.238529
          0.020611
          -0.60134
         -0.254568
        -0.0712375
##################### ACCEPTABLE SUBNET NUMBER: 3  #########################
           1.31911
 1
 8
 1
48
         -0.817458
          -4.32324
         -0.262645
           -2.0671
         -0.419078
##################### ACCEPTABLE SUBNET NUMBER: 4  #########################
           1.31226
 0
 1
42
          -1.13365
          -2.40318
         -0.149497
         -0.269634
##################### ACCEPTABLE SUBNET NUMBER: 5  #########################
           1.31662
 1
12
 0
          -1.84228
          -2.47724
          -1.33035
           1.91126
##################### ACCEPTABLE SUBNET NUMBER: 6  #########################
           1.31467
 2
20
30
 1
39
         -0.391599
          -2.46464
         -0.356889
          -1.42056
          -1.38218
         -0.299184
##################### ACCEPTABLE SUBNET NUMBER: 7  #########################
          0.403966
 2
32
16
 0
         -0.932467
          -0.84549
         -0.114492
          0.698909
         -0.908006
##################### ACCEPTABLE SUBNET NUMBER: 8  #########################
           1.21621
 4
23
22
 3
32
 3
37
48
 6
          0.862568
          0.991034
          0.686833
         -0.994395
           0.24707
          0.656794
          0.167912
          0.658003
          0.080638
          0.484551
##################### ACCEPTABLE SUBNET NUMBER: 9  #########################
           1.31665
 0
 1
22
          -1.79816
          -2.47634
           0.24288
          -2.81129
##################### ACCEPTABLE SUBNET NUMBER: 10  #########################
          0.774959
 6
47
23
31
39
 7
13
 1
27
           1.29617
           1.40602
          0.978084
         -0.193771
           1.11152
         -0.547446
          0.445931
         -0.917798
          -2.59243
           1.10583
##################### ACCEPTABLE SUBNET NUMBER: 11  #########################
          0.975483
 0
 2
44
31
           1.15307
          -2.13166
         -0.692036
         0.0200102
          -1.36834
##################### ACCEPTABLE SUBNET NUMBER: 12  #########################
           1.31661
 0
 1
43
          0.738453
          -2.53198
         -0.646652
         -0.858462
##################### ACCEPTABLE SUBNET NUMBER: 13  #########################
           1.12956
 1
15
 0
           1.19597
          -2.45284
          -0.76581
          -0.86697
##################### ACCEPTABLE SUBNET NUMBER: 14  #########################
          0.941603
 1
26
 2
27
44
           -1.6633
          -2.21548
          0.381838
           1.34155
          0.467165
        -0.0609738
##################### ACCEPTABLE SUBNET NUMBER: 15  #########################
          0.731387
 3
19
 4
22
 0
         -0.562808
           -2.0971
         -0.333204
         -0.231215
         -0.698453
         -0.748808
##################### ACCEPTABLE SUBNET NUMBER: 16  #########################
          0.680271
 5
32
43
 8
14
46
 6
45
20
16
 7
25
48
          0.926027
          0.850759
        -0.0269744
         0.0128882
          -1.79628
         -0.568666
          -1.24237
          -0.28113
         -0.248418
         -0.164719
         -0.142101
         -0.398064
          -1.60738
          -1.75592
##################### ACCEPTABLE SUBNET NUMBER: 17  #########################
          0.742986
 4
 7
17
15
46
 4
31
19
14
 9
          0.652484
           0.77249
          0.580403
          0.913872
          0.542665
         -0.153769
          -0.73687
          0.544818
         0.0120576
         -0.334738
          -1.23618
##################### ACCEPTABLE SUBNET NUMBER: 18  #########################
           0.96278
11
34
19
 9
 3
24
37
43
47
10
21
42
 8
27
11
45
 1
40
16
20
39
           1.54649
           1.66897
           1.65868
           1.35553
           1.07501
          -1.22615
         -0.830341
           1.62206
          -1.38974
          -1.33822
          0.988867
           0.27713
            1.4106
           0.39702
           1.62803
          0.909936
         -0.549691
            1.5743
        -0.0535685
          0.381414
           1.32359
           1.33457
##################### ACCEPTABLE SUBNET NUMBER: 19  #########################
           1.17909
 0
 1
36
           1.44284
          -2.78422
         -0.789003
         0.0159751
##################### ACCEPTABLE SUBNET NUMBER: 20  #########################
          0.674612
 2
42
26
 1
49
          0.788759
          0.828669
          0.270173
         -0.870362
         -0.941298
          0.253621
##################### ACCEPTABLE SUBNET NUMBER: 21  #########################
          0.599355
 1
 1
 6
42
20
26
29
 5
30
           1.34672
           1.45591
          0.691516
         -0.267581
          0.115541
          0.234617
          -0.66307
          0.310015
          0.625338
          0.608354
##################### ACCEPTABLE SUBNET NUMBER: 22  #########################
           1.53417
 0
 2
30
11
           1.17176
           1.30729
          0.452318
          -1.42558
          0.389773
##################### ACCEPTABLE SUBNET NUMBER: 23  #########################
           1.54313
 0
 2
20
39
           1.93115
          0.594008
         -0.365795
         0.0877676
          -1.06738
##################### ACCEPTABLE SUBNET NUMBER: 24  #########################
          0.836172
 0
 2
36
 6
          0.371453
          0.487129
           1.15025
           1.12666
       0.000555121
##################### ACCEPTABLE SUBNET NUMBER: 25  #########################
           1.04178
 6
47
49
17
 7
34
31
 4
 2
20
40
43
           1.01223
           1.11311
          0.664428
         -0.608798
         -0.296177
         -0.323859
           1.08424
          0.105516
          0.809922
          0.350801
          0.960011
         -0.570902
         0.0346962
##################### ACCEPTABLE SUBNET NUMBER: 26  #########################
          0.826832
 5
44
 7
46
42
48
 6
21
 8
20
36
39
16
           1.01278
           1.12693
          0.962152
           0.57121
         0.0399587
         -0.462859
         -0.454715
          -1.76963
           0.39568
         -0.165481
       -0.00818332
          0.945351
         -0.999829
         -0.766642
##################### ACCEPTABLE SUBNET NUMBER: 27  #########################
          0.424735
 1
34
 6
14
22
45
15
31
48
          0.896923
          0.963962
           1.04028
           1.12475
           0.84212
          -1.29825
          0.997905
           -1.3434
          0.559717
          0.930809
##################### ACCEPTABLE SUBNET NUMBER: 28  #########################
           1.76095
 2
45
16
 3
47
42
14
           1.14675
            1.2174
           0.29881
         -0.634696
         -0.262294
          0.273979
          -1.14309
          -1.90735
##################### ACCEPTABLE SUBNET NUMBER: 29  #########################
            1.3183
 3
50
26
13
 1
40
         -0.908663
          -4.32862
         -0.237743
          -1.78279
          -2.72686
          -2.71086
          -2.69386
##################### ACCEPTABLE SUBNET NUMBER: 30  #########################
           1.16499
 2
17
32
 0
           -1.0216
          -1.93173
         -0.967884
         -0.150627
         -0.084725
##################### ACCEPTABLE SUBNET NUMBER: 31  #########################
           1.21271
 1
32
 4
 6
45
27
38
           0.35139
          0.494996
          0.339769
          0.675836
           0.31375
         -0.477557
        -0.0609391
         -0.897255
##################### ACCEPTABLE SUBNET NUMBER: 32  #########################
           1.31665
 1
34
 0
          -1.84199
          -2.47645
           2.28791
         -0.429588
##################### ACCEPTABLE SUBNET NUMBER: 33  #########################
          0.832066
 8
 3
37
28
26
 4
11
13
17
 4
27
32
 6
46
          0.282612
          0.393452
          0.375468
          -1.31564
           0.20395
          0.970199
         -0.424137
          0.166482
          0.428141
         -0.694049
          -1.43205
          0.668742
          -1.16586
          -2.42268
         -0.743152
##################### ACCEPTABLE SUBNET NUMBER: 34  #########################
          0.727434
 3
26
13
21
 2
47
 1
         0.0272648
         0.0257828
       -0.00440583
         0.0991013
          -1.77474
         -0.645961
         -0.976276
         -0.551175
##################### ACCEPTABLE SUBNET NUMBER: 35  #########################
           1.04427
 0
 2
 2
42
         -0.813326
          -4.05595
          -0.23118
           0.29789
          -1.90647
##################### ACCEPTABLE SUBNET NUMBER: 36  #########################
           0.63002
 1
 9
 1
49
          0.485642
          0.552929
          0.484122
         -0.682747
          0.460029
##################### ACCEPTABLE SUBNET NUMBER: 37  #########################
          0.785095
 0
 1
50
          0.443246
          -2.24717
          -0.51095
         0.0925478
##################### ACCEPTABLE SUBNET NUMBER: 38  #########################
          0.326487
 0
 4
 1
15
 8
38
          0.787315
          0.789897
          0.216647
         0.0874952
          -1.20769
          0.119989
          0.190056
##################### ACCEPTABLE SUBNET NUMBER: 39  #########################
           1.04387
 0
 1
29
          0.845023
          -3.18932
         -0.668712
        -0.0602778
##################### ACCEPTABLE SUBNET NUMBER: 40  #########################
          0.996748
 0
 1
23
          -0.18391
           -2.1798
         -0.369805
        -0.0101412
##################### ACCEPTABLE SUBNET NUMBER: 41  #########################
          0.746297
 2
 6
28
 5
24
45
17
36
39
          0.892314
          0.990274
          0.583236
         -0.332825
          0.451125
          0.399675
         -0.762889
        -0.0558437
          0.558795
           0.29059
##################### ACCEPTABLE SUBNET NUMBER: 42  #########################
            1.3166
 1
 5
 0
           -1.3246
          -2.57185
        -0.0943663
          -0.71769
##################### ACCEPTABLE SUBNET NUMBER: 43  #########################
          0.834313
 6
24
17
44
49
28
50
 1
36
           1.53857
            1.6529
           1.28603
          -0.25861
         -0.285266
          0.704695
          0.813342
        -0.0768881
         -0.498461
           1.27048
##################### ACCEPTABLE SUBNET NUMBER: 44  #########################
           1.31674
 2
40
 1
 1
 7
         -0.670864
          -2.58414
         -0.288845
          -3.04395
          -1.17599
          -1.15235
##################### ACCEPTABLE SUBNET NUMBER: 45  #########################
           1.31655
 0
 1
 1
         -0.123315
          -2.45785
         -0.426944
        -0.0725091
##################### ACCEPTABLE SUBNET NUMBER: 46  #########################
           1.30443
 2
50
15
 0
          -1.07032
          -5.27346
         -0.193687
         -0.489835
         -0.574039
##################### ACCEPTABLE SUBNET NUMBER: 47  #########################
           1.31662
 2
32
31
 1
29
         -0.184719
          -2.48533
         -0.412235
          -1.74537
          -1.82465
          -1.82565
##################### ACCEPTABLE SUBNET NUMBER: 48  #########################
          0.699992
 3
 2
20
35
 4
47
12
24
45
          0.546904
          0.355338
        0.00393905
         -0.834882
          -0.51351
          -0.21262
         -0.962379
         -0.285409
         0.0104837
         0.0274022
##################### ACCEPTABLE SUBNET NUMBER: 49  #########################
           1.31661
 1
39
 0
         -0.239945
          -2.47997
         -0.397966
          -1.05527
##################### ACCEPTABLE SUBNET NUMBER: 50  #########################
           0.71954
 8
45
24
46
43
27
10
37
22
 3
14
12
44
          0.864042
          0.921566
          0.294331
         -0.887436
         -0.695594
         -0.829219
          0.605298
          0.333334
          0.816309
          -1.18003
         -0.443709
         -0.862566
         -0.795049
          0.586292
##################### ACCEPTABLE SUBNET NUMBER: 51  #########################
          0.714501
 3
29
25
36
 2
42
43
          0.021242
         -0.260475
        -0.0270566
          -1.93592
          -1.82997
          -1.78842
         -0.173029
         0.0895103
##################### ACCEPTABLE SUBNET NUMBER: 52  #########################
           1.07153
 0
 3
25
20
 4
           -1.6621
          -2.71581
          0.175428
         -0.876259
          0.229169
        -0.0030201
##################### ACCEPTABLE SUBNET NUMBER: 53  #########################
           1.12175
 1
49
 0
         -0.449159
          -2.42332
         -0.350934
         -0.416211
##################### ACCEPTABLE SUBNET NUMBER: 54  #########################
           1.15338
 0
 3
 1
35
 9
          0.647025
          0.476254
       -0.00227502
          -0.21335
        -0.0103849
         -0.206165
##################### ACCEPTABLE SUBNET NUMBER: 55  #########################
           1.31665
 0
 0
         -0.450406
          -2.47629
         -0.343434
##################### ACCEPTABLE SUBNET NUMBER: 56  #########################
           0.87027
 1
34
 4
38
 3
40
16
        0.00921287
        -0.0440815
         0.0571499
         0.0566095
          -1.54506
         0.0405784
         -0.361338
         -0.990489
##################### ACCEPTABLE SUBNET NUMBER: 57  #########################
          0.629183
 0
 3
 2
42
49
          0.492415
          0.538584
           0.30422
          0.166046
          -1.98511
          0.283989
##################### ACCEPTABLE SUBNET NUMBER: 58  #########################
           1.31675
 0
 0
         -0.673523
          -2.60401
         -0.288725
##################### ACCEPTABLE SUBNET NUMBER: 59  #########################
           1.01322
 2
32
13
 0
          0.419936
          0.464655
         0.0197605
          0.127173
          -1.09438
##################### ACCEPTABLE SUBNET NUMBER: 60  #########################
           0.48027
 0
 1
20
          0.699088
          -1.24234
         -0.480093
         0.0299988
##################### ACCEPTABLE SUBNET NUMBER: 61  #########################
          0.895676
 0
 3
47
21
30
          0.606306
          0.262328
        -0.0446308
         0.0468947
          -0.82625
         -0.509148
##################### ACCEPTABLE SUBNET NUMBER: 62  #########################
          0.556593
 1
18
 1
45
         -0.770631
          -1.29608
         -0.160331
          0.120802
         -0.967942
##################### ACCEPTABLE SUBNET NUMBER: 63  #########################
           1.07644
 0
 2
14
23
         -0.746606
          -2.77913
         -0.243031
         0.0142449
          -2.50745
##################### ACCEPTABLE SUBNET NUMBER: 64  #########################
           1.09814
 1
16
 0
           1.16263
          -1.86063
         -0.718553
         -0.847051
##################### ACCEPTABLE SUBNET NUMBER: 65  #########################
          0.510175
 1
17
 4
43
22
45
32
          0.648772
          0.650026
          0.307071
          0.367718
          0.278311
         -0.230865
           0.34933
         0.0547661
##################### ACCEPTABLE SUBNET NUMBER: 66  #########################
          0.347698
 2
12
34
 4
40
 3
46
 6
         -0.173284
         -0.122577
         -0.227128
          -1.38241
          0.507239
         0.0465148
          -1.43654
          -1.00417
          -1.12539
##################### ACCEPTABLE SUBNET NUMBER: 67  #########################
           1.12244
 0
 1
23
          -1.30195
          -5.29946
        -0.0731892
         0.0676015
##################### ACCEPTABLE SUBNET NUMBER: 68  #########################
           1.29744
 0
 1
 3
          -1.03057
          -1.76302
         -0.119148
         -0.246855
##################### ACCEPTABLE SUBNET NUMBER: 69  #########################
           1.31674
 0
 1
19
           2.46777
          -2.58035
          -1.08073
          -1.26846
##################### ACCEPTABLE SUBNET NUMBER: 70  #########################
          0.676284
 3
21
31
26
 6
44
35
 4
45
42
 2
          0.222307
          0.102134
         0.0394722
         -0.794054
          -2.64096
          -1.93537
          -1.26541
         0.0114022
          -1.49702
         -0.446127
        -0.0204069
         -0.358375
##################### ACCEPTABLE SUBNET NUMBER: 71  #########################
           1.31179
 1
27
 0
         -0.472451
          -2.47668
         -0.337677
         -0.763741
##################### ACCEPTABLE SUBNET NUMBER: 72  #########################
          0.715866
 4
13
37
29
30
 1
36
          0.969753
           1.07883
           0.70043
          0.556995
           -1.9455
         -0.939002
         -0.276983
           0.70579
##################### ACCEPTABLE SUBNET NUMBER: 73  #########################
           1.08601
 3
35
47
13
 8
 6
11
20
46
17
36
16
38
           1.02102
           1.15314
          0.435162
          -1.37626
          -1.27911
          -1.20586
          0.341509
         -0.206249
         0.0256316
          -2.22388
          0.347571
          -1.15121
         -0.715321
         0.0139265
##################### ACCEPTABLE SUBNET NUMBER: 74  #########################
           1.03435
 2
13
15
 2
 1
20
            2.3267
          -2.02743
          -1.03411
          -1.35047
           -1.0993
          -0.76147
         -0.765899
##################### ACCEPTABLE SUBNET NUMBER: 75  #########################
          0.721171
 3
26
50
47
 8
 1
 9
37
19
17
10
35
39
          0.408341
          0.492342
          0.265834
         -0.737924
         0.0516073
         0.0304034
        -0.0520745
          0.462173
         0.0158501
           0.17985
          -1.05341
         -0.310549
          -0.32895
         -0.939414
----------Number of Acceptable Subnets found: 75 -----------
----------END FOR GENE 41 -----------
