File open successful. It contains: 
Finished reading file, will close now.
File x_dt open successful.
Finished reading file x_dt, will close now.
File sd_d open successful.
Finished reading file sd_d, will close now.
--------START FOR GENE 9 -----------
 Values arranged as error, n_ka, gene ids for ka, n_kd, gene ids for kd,
 r0, d, ea, ka_values, kd_values for each subnet. 
##################### ACCEPTABLE SUBNET NUMBER: 1  #########################
           1.65068
10
17
 8
45
11
13
12
49
18
 7
 2
 6
10
34
39
19
38
21
           1.20304
           1.50556
           1.29551
           1.77026
         -0.624461
           1.91779
           2.00727
            0.2282
         -0.569865
           0.34461
           1.06786
          0.414375
         -0.946375
         -0.288833
          -1.33749
           1.79708
          0.629238
        -0.0162012
          0.614874
##################### ACCEPTABLE SUBNET NUMBER: 2  #########################
          0.702645
 3
40
35
28
 4
 2
21
36
23
          0.375699
          0.423192
         -0.345745
          0.132318
          -0.54988
         -0.813488
          0.490083
          0.190544
           -1.1139
         -0.551218
##################### ACCEPTABLE SUBNET NUMBER: 3  #########################
           1.86547
 0
 1
23
          0.604502
         -0.959733
         -0.643962
         -0.399198
##################### ACCEPTABLE SUBNET NUMBER: 4  #########################
           1.86654
 5
11
40
13
48
 3
10
33
21
49
24
26
27
 6
28
14
43
          -1.95631
         -0.957697
           -1.6315
           1.32867
         -0.425341
         -0.614586
          0.376047
          0.373788
        -0.0383541
         -0.610411
         -0.612615
          0.373054
          -0.61657
         -0.618611
          0.377278
         -0.618844
          -1.11473
          -1.98648
##################### ACCEPTABLE SUBNET NUMBER: 5  #########################
          0.657989
 4
13
28
20
30
 6
10
12
 8
35
21
44
           1.85355
           1.96837
       -0.00774266
          0.132473
         -0.875789
          -1.26074
         -0.972321
          0.396639
         -0.967484
          -1.60741
          -1.93184
         -0.189819
          0.054506
##################### ACCEPTABLE SUBNET NUMBER: 6  #########################
           1.86768
 1
 8
 1
20
          -1.97362
          -0.95903
         -0.782176
           1.55898
          0.384589
##################### ACCEPTABLE SUBNET NUMBER: 7  #########################
          0.703781
 2
15
16
 2
13
 1
           1.91793
           1.64965
         -0.306626
         -0.110511
         -0.172081
          -2.83755
        -0.0951059
##################### ACCEPTABLE SUBNET NUMBER: 8  #########################
           1.80183
 5
11
26
39
 5
20
 5
33
31
13
 3
40
         0.0594561
         -0.996462
         -0.495245
          -1.07386
           -1.4817
         -0.829491
          -1.48416
         -0.931677
         -0.060198
         -0.385364
         0.0661393
           0.07643
          -1.47892
##################### ACCEPTABLE SUBNET NUMBER: 9  #########################
            1.8677
 0
 2
 1
 7
          -1.97415
          -0.95911
            2.5209
           1.75636
          -1.71051
##################### ACCEPTABLE SUBNET NUMBER: 10  #########################
           1.91025
 2
18
26
 0
          -1.18056
          -1.02919
         -0.684462
         -0.203437
         -0.206627
##################### ACCEPTABLE SUBNET NUMBER: 11  #########################
           1.84926
 0
 2
21
50
           0.21994
         -0.991012
          -0.53808
          0.225734
         -0.192275
##################### ACCEPTABLE SUBNET NUMBER: 12  #########################
           1.66813
 4
25
38
 1
15
 4
41
 6
14
45
         -0.585673
          -0.99427
        -0.0243961
          -0.29795
         -0.626492
         -0.800216
         -0.801395
          0.404764
           0.80532
         -0.801206
         -0.800452
##################### ACCEPTABLE SUBNET NUMBER: 13  #########################
           1.25543
 1
50
 2
 7
38
          0.504191
            0.7668
          -0.85213
           0.31387
          0.439983
          -1.75466
##################### ACCEPTABLE SUBNET NUMBER: 14  #########################
           1.85176
 6
37
38
 3
 6
26
 8
 1
41
         -0.433061
         -0.937507
         -0.385458
         -0.479239
          -1.17837
         -0.551958
          -1.16719
         -0.402777
          -2.01483
        -0.0159228
##################### ACCEPTABLE SUBNET NUMBER: 15  #########################
           1.18314
 6
34
47
41
16
 1
22
 2
10
24
          0.665926
          0.804313
           0.44685
          0.738783
         -0.939662
            0.7072
         -0.586487
        -0.0753893
         -0.863835
           1.23914
          0.473472
##################### ACCEPTABLE SUBNET NUMBER: 16  #########################
           1.90658
 4
37
29
50
 3
 4
47
10
18
41
          0.935337
            1.2249
           1.04956
        -0.0669897
         -0.558311
         -0.304474
           1.09242
         -0.239943
         0.0527967
           0.64519
           1.20086
##################### ACCEPTABLE SUBNET NUMBER: 17  #########################
            1.8677
17
20
30
14
36
34
16
17
10
28
 7
49
47
45
23
44
 1
 4
 3
 6
38
32
          -1.97409
         -0.959103
          -1.70676
            2.4704
          -2.14249
         -0.293885
          0.994609
          0.994609
          0.994609
         -0.293885
         -0.293885
         -0.293885
          0.994609
          0.621123
         -0.679887
          0.621123
         -0.679887
         -0.152746
           2.26773
         -0.152746
          0.849123
         -0.152746
         -0.152746
##################### ACCEPTABLE SUBNET NUMBER: 18  #########################
          0.701669
 4
13
 4
25
15
 1
 1
           1.17834
             1.415
         -0.137962
          0.298206
          -1.18857
          0.018045
         -0.337871
        -0.0444263
##################### ACCEPTABLE SUBNET NUMBER: 19  #########################
          0.678775
 5
29
12
11
19
38
 8
39
 1
46
22
27
21
32
41
           1.56227
           1.79801
           0.54036
         -0.200529
           1.14015
          0.828702
          0.406097
        -0.0134858
          0.623056
         0.0241734
          0.187477
         -0.813758
          -1.06193
           1.02437
          0.143511
          0.637699
##################### ACCEPTABLE SUBNET NUMBER: 20  #########################
          0.719606
 2
24
47
 3
46
34
12
           1.45996
           1.68127
           1.31111
           1.53975
           1.61889
            1.5769
           1.44074
           1.30642
##################### ACCEPTABLE SUBNET NUMBER: 21  #########################
            1.8677
 0
 1
 3
          -1.07828
         -0.959003
         -0.209076
          -2.22368
##################### ACCEPTABLE SUBNET NUMBER: 22  #########################
          0.389054
 2
38
22
 1
 1
          0.545246
          0.699966
         -0.495634
         0.0991923
        -0.0199562
         -0.199991
##################### ACCEPTABLE SUBNET NUMBER: 23  #########################
          0.732774
 6
50
13
 8
21
49
11
 6
 7
34
 5
48
 1
36
          0.603382
          0.873259
           0.37564
          0.817027
          0.184378
         -0.360937
          -0.82337
         -0.535985
        -0.0588707
          0.941512
          0.718452
         -0.982887
         -0.610721
          0.584312
          0.345998
##################### ACCEPTABLE SUBNET NUMBER: 24  #########################
           1.86668
 0
 1
45
         -0.516404
         -0.959406
         -0.360512
         -0.497024
##################### ACCEPTABLE SUBNET NUMBER: 25  #########################
           1.86434
 0
 1
 8
         -0.184577
         -0.963532
         -0.447073
        -0.0994674
##################### ACCEPTABLE SUBNET NUMBER: 26  #########################
           1.82089
 1
42
 0
        -0.0877509
         -0.941683
         -0.484763
         -0.405542
##################### ACCEPTABLE SUBNET NUMBER: 27  #########################
           1.86221
 2
16
46
 0
         -0.634024
         -0.957295
         -0.335635
         -0.456365
          -1.01431
##################### ACCEPTABLE SUBNET NUMBER: 28  #########################
          0.620703
 5
29
40
28
22
 4
 4
13
26
37
50
          0.744549
           0.55003
         -0.276718
          0.373326
          0.198953
         -0.336135
          -1.03785
         -0.722806
         -0.176336
         -0.952953
           0.39675
          0.397219
##################### ACCEPTABLE SUBNET NUMBER: 29  #########################
           1.80263
11
46
20
37
35
 1
22
32
36
19
40
38
 6
30
33
12
11
43
 6
          -1.72098
         -0.911491
          -1.63351
         -0.287325
           1.39431
           1.09288
          0.968932
          0.573121
         -0.745543
         -0.741327
         -0.754241
           1.35156
           1.07971
        0.00843223
           1.28209
          0.495573
          0.496232
          0.522361
          0.521256
           1.09739
##################### ACCEPTABLE SUBNET NUMBER: 30  #########################
           1.84783
 5
16
42
39
10
35
 2
 8
30
          -2.00359
         -0.991379
          -1.17409
           0.84079
         -0.837648
         0.0140332
         -0.193144
         -0.203129
         -0.409109
         -0.184366
##################### ACCEPTABLE SUBNET NUMBER: 31  #########################
          0.474697
 3
38
20
36
 3
30
50
22
          0.645278
          0.730505
         -0.296235
         0.0439525
           0.10533
          -0.63549
         -0.298593
          -0.55655
         -0.235273
##################### ACCEPTABLE SUBNET NUMBER: 32  #########################
           1.83598
 7
11
 7
40
12
29
48
38
 6
26
10
 2
 5
27
17
          -1.03686
          -1.00776
         -0.222819
         -0.707166
         -0.429068
         -0.567356
          -1.11671
           -1.1189
         -0.658318
         -0.680854
          -0.21016
         -0.155561
       -0.00870894
         -0.679377
          0.180677
          -1.26298
##################### ACCEPTABLE SUBNET NUMBER: 33  #########################
           1.74938
 4
 1
15
13
19
 0
          -1.40876
         -0.823683
         -0.065868
          0.790502
         0.0441081
          -1.71902
          -1.33989
##################### ACCEPTABLE SUBNET NUMBER: 34  #########################
          0.637279
 1
 5
 1
46
           1.01938
           1.28693
          0.143148
          0.433774
          0.285215
##################### ACCEPTABLE SUBNET NUMBER: 35  #########################
          0.703941
 9
47
48
13
27
22
16
18
41
15
 3
14
26
29
           0.56612
          0.618648
         -0.168007
         -0.371955
         -0.673726
         -0.503593
         -0.515691
        0.00926213
       -0.00740947
         -0.305482
         -0.551865
         -0.731932
          -1.07349
       -0.00657187
         -0.716714
##################### ACCEPTABLE SUBNET NUMBER: 36  #########################
           1.83032
 6
47
37
36
23
17
24
 4
27
 4
31
41
          -1.91492
         -0.965085
          -1.41688
          0.446136
         -0.752426
         -0.509357
          -0.76026
         -0.762372
         -0.762372
          0.259622
          -1.09699
         -0.438837
         -0.761914
##################### ACCEPTABLE SUBNET NUMBER: 37  #########################
           1.81978
 2
39
26
 3
28
17
24
         -0.867609
          -1.01035
         -0.884488
         -0.251389
          -0.44034
         -0.831641
         -0.117674
          -0.98853
##################### ACCEPTABLE SUBNET NUMBER: 38  #########################
          0.405493
 5
40
11
26
21
19
 3
25
24
17
           0.65348
          0.800773
         -0.166633
         0.0436664
          0.228832
          -1.66473
         -0.397429
         -0.429039
          -0.83296
          0.246971
           -1.5818
##################### ACCEPTABLE SUBNET NUMBER: 39  #########################
          0.772672
12
45
11
28
17
 3
42
32
20
15
40
23
 1
18
35
30
44
33
47
14
25
37
41
16
36
 5
 2
21
50
46
 7
48
           1.75134
           1.84364
           1.21898
           1.79609
           1.87186
           1.24295
         -0.305622
           1.63899
          0.652401
           1.29417
           1.23424
          0.497176
          0.974092
         -0.348108
          -1.99149
           1.85813
           1.40522
          0.139265
           1.72193
           1.42887
         0.0389806
            1.5823
         -0.364157
            1.2049
          0.642222
          0.603475
          0.893448
         -0.650201
          -0.37027
          0.979044
         -0.826345
           0.55463
           0.37908
##################### ACCEPTABLE SUBNET NUMBER: 40  #########################
           1.04277
 6
13
 4
45
24
48
49
 6
37
29
14
33
30
 2
           1.64021
           1.44598
             1.248
           1.92199
           0.66962
          0.980714
         -0.435057
          0.344863
         -0.476032
            1.7636
           1.98617
         -0.304357
          0.237933
        -0.0136401
           0.16831
##################### ACCEPTABLE SUBNET NUMBER: 41  #########################
           1.83352
 9
21
25
14
13
41
 4
31
 2
32
 3
10
39
19
          0.809568
           1.17796
          0.113037
           1.04758
          0.915659
          0.194188
          0.584333
         -0.188134
          -0.27185
          0.328999
         -0.928906
           -1.3619
         -0.419452
          0.686315
          -1.04271
##################### ACCEPTABLE SUBNET NUMBER: 42  #########################
          0.555456
 2
23
49
 8
39
46
 6
37
19
36
28
27
           1.24132
           1.42891
         -0.104348
          0.538585
          0.351492
         -0.700735
          0.291683
         -0.500237
          -1.35439
         -0.979587
          0.252615
          0.342662
          0.407832
##################### ACCEPTABLE SUBNET NUMBER: 43  #########################
          0.748976
 3
 5
21
16
 5
29
46
39
34
20
          0.729422
           1.00332
          0.442729
          0.813913
         -0.391353
          0.129931
          -1.01616
         -0.509988
           0.60961
          0.332143
          0.542382
##################### ACCEPTABLE SUBNET NUMBER: 44  #########################
          0.784784
 5
40
41
47
 3
32
 5
10
 7
27
26
17
           1.76357
           1.80825
         -0.143973
         -0.319893
         -0.656834
         0.0121284
          -0.70918
          -0.56193
          0.280073
         -0.373019
          -2.10066
          -2.24472
          -1.09523
##################### ACCEPTABLE SUBNET NUMBER: 45  #########################
           1.54057
 7
43
48
17
31
13
32
38
 8
22
34
 7
23
14
35
29
50
          -1.01397
         -0.613504
          0.271194
         -0.926922
         -0.244356
          0.684207
         -0.737622
         -0.643511
           0.49812
         -0.545655
         -0.581741
          0.727468
           0.33314
         -0.129372
         -0.542878
          -0.20423
         -0.207226
          -1.76697
##################### ACCEPTABLE SUBNET NUMBER: 46  #########################
           0.69843
 3
11
15
34
 3
 7
35
39
           1.29484
           1.52596
          0.707441
          0.505404
           0.33504
          -1.40336
           1.07973
          0.244085
          0.713039
##################### ACCEPTABLE SUBNET NUMBER: 47  #########################
           1.79194
 5
11
28
22
 4
 2
 3
30
13
42
         -0.314867
          -1.00071
         -0.424747
          -0.55261
          -1.50716
          -1.53711
          -1.53819
         -0.973091
         -0.644963
          0.185031
         -0.282518
##################### ACCEPTABLE SUBNET NUMBER: 48  #########################
           1.86477
 1
16
 2
10
37
          0.412013
         -0.949801
         -0.576563
          -1.18466
         0.0479293
           -1.0153
##################### ACCEPTABLE SUBNET NUMBER: 49  #########################
           0.73585
 8
12
16
32
 8
48
42
25
27
 3
46
 5
41
           1.21489
           1.45204
          0.600687
         -0.954789
          0.620375
         -0.724598
         -0.648051
          0.165766
        -0.0903901
           0.34636
          0.923972
          0.792631
         -0.437098
          -1.35434
##################### ACCEPTABLE SUBNET NUMBER: 50  #########################
          0.700297
 1
40
 1
 8
          0.266339
          0.351151
         -0.738973
          0.142839
          0.212677
##################### ACCEPTABLE SUBNET NUMBER: 51  #########################
           1.27856
 0
 8
32
18
36
34
12
28
21
19
          0.517864
         -0.525423
          -0.30453
         -0.023169
           0.43405
         -0.208217
         -0.790639
         -0.287139
         -0.923598
          -0.35888
          -1.39708
##################### ACCEPTABLE SUBNET NUMBER: 52  #########################
          0.716511
 4
11
28
13
23
 6
 7
12
21
30
37
27
          0.859528
          0.788971
         -0.196607
            0.1049
          0.111552
         -0.570166
         -0.204156
         0.0525407
          0.120826
         -0.993619
         -0.318649
         -0.491275
          -1.13791
##################### ACCEPTABLE SUBNET NUMBER: 53  #########################
           1.83999
 1
 8
 2
12
28
          -1.32852
         -0.957865
         -0.131475
       -0.00674343
        -0.0211614
        -0.0905056
##################### ACCEPTABLE SUBNET NUMBER: 54  #########################
           1.86769
 1
 3
 3
41
25
40
          -1.97407
         -0.959121
           1.92425
         -0.800204
         -0.423268
         -0.423268
           1.01141
##################### ACCEPTABLE SUBNET NUMBER: 55  #########################
          0.861909
 4
 2
20
48
42
 2
31
28
          0.874901
            0.9149
         -0.364671
          0.442812
          0.413065
          -1.56397
          -1.15892
          0.196846
         -0.295832
##################### ACCEPTABLE SUBNET NUMBER: 56  #########################
           1.69692
 4
 2
11
40
21
 8
 8
29
26
35
33
27
45
42
         -0.812426
         -0.793607
         -0.161068
         -0.930336
         0.0319709
         -0.558545
         -0.938278
         -0.194448
          0.117208
        0.00814164
         -0.357412
         -0.547758
          -1.50063
         -0.939092
         -0.220348
##################### ACCEPTABLE SUBNET NUMBER: 57  #########################
          0.623027
 6
10
27
17
16
22
 4
 4
 7
45
26
30
           1.22949
           1.41229
           1.02242
           1.90364
           1.28121
          -0.46578
          0.741105
           1.08167
           1.33073
           1.98021
         -0.361321
        0.00336527
          0.348349
##################### ACCEPTABLE SUBNET NUMBER: 58  #########################
           0.62616
 4
23
20
42
47
 1
14
           1.08565
           1.16931
         -0.252655
          0.278143
         -0.274378
        -0.0700575
        -0.0825715
          0.331355
##################### ACCEPTABLE SUBNET NUMBER: 59  #########################
           1.82317
 2
46
48
 2
 8
 1
          0.671258
         -0.976545
         -0.666085
          -1.10973
         -0.827095
         0.0984694
        -0.0922763
##################### ACCEPTABLE SUBNET NUMBER: 60  #########################
            1.7568
 0
 3
41
 4
45
          0.302604
         -0.989741
         -0.454234
          0.187734
          0.471187
         -0.480543
##################### ACCEPTABLE SUBNET NUMBER: 61  #########################
            1.8113
 6
26
31
27
 2
 6
12
 3
 3
35
11
          -1.99412
         -0.982398
          0.194741
          0.827295
         -0.809893
         -0.888175
         -0.899485
         -0.920225
         -0.223812
          0.208254
         -0.626404
         0.0937051
##################### ACCEPTABLE SUBNET NUMBER: 62  #########################
           1.72691
 2
50
27
 6
24
15
29
 4
26
10
          -0.31346
          -1.00661
         -0.252461
          -1.84726
         -0.755031
         -0.182351
         -0.757321
          0.589166
        0.00824167
         -0.758919
         -0.765376
##################### ACCEPTABLE SUBNET NUMBER: 63  #########################
           1.76582
 1
44
 2
33
 6
         -0.319437
          -1.01082
         -0.419064
          -0.57062
         -0.537238
          0.458281
##################### ACCEPTABLE SUBNET NUMBER: 64  #########################
           1.86173
 1
 5
 3
42
50
31
          -1.01359
         -0.979596
         -0.234917
         -0.709134
          -2.43059
         -0.495848
        -0.0647567
##################### ACCEPTABLE SUBNET NUMBER: 65  #########################
          0.640531
 3
16
23
10
 3
36
41
49
           1.37772
           1.37623
          0.995878
          0.818088
           1.13559
          0.633743
         -0.487355
            1.2486
           1.12913
##################### ACCEPTABLE SUBNET NUMBER: 66  #########################
           1.86636
 0
 1
49
         -0.527312
          -0.96041
         -0.357678
          -0.37055
##################### ACCEPTABLE SUBNET NUMBER: 67  #########################
           1.52296
 9
27
20
16
31
29
45
 7
38
50
 7
10
22
41
28
42
26
12
            1.2907
           1.59516
           1.53164
           1.34603
        0.00289661
          0.517134
         0.0113949
         -0.173647
           -1.6051
         0.0898882
          0.583593
            -1.163
           1.83527
         -0.253245
           1.56108
           0.91081
          0.913813
           1.39649
         -0.648072
##################### ACCEPTABLE SUBNET NUMBER: 68  #########################
           1.72103
 1
25
 1
30
          0.502407
         -0.945129
         -0.624831
         -0.563207
         0.0566312
##################### ACCEPTABLE SUBNET NUMBER: 69  #########################
           1.84562
 5
26
25
 3
29
27
 0
           0.52217
           -1.0269
          -2.12439
         -0.611012
          -2.57383
          -2.34455
          -2.59655
          -2.59655
##################### ACCEPTABLE SUBNET NUMBER: 70  #########################
           1.82552
 1
46
 6
24
 1
50
22
37
30
         -0.162586
          -1.00276
          -0.56893
         -0.434725
         -0.558625
           -0.6144
         -0.865239
         -0.860804
         0.0144201
         -0.195656
##################### ACCEPTABLE SUBNET NUMBER: 71  #########################
          0.680547
 5
41
11
42
 7
13
 4
10
 6
20
36
          0.965153
           1.15222
         -0.107776
          -1.34553
         -0.387969
           0.13698
           -1.8996
          0.331779
          0.284236
         -0.812338
          -1.36367
          0.202955
##################### ACCEPTABLE SUBNET NUMBER: 72  #########################
           1.82948
 2
50
49
 1
 5
            -1.654
         -0.899304
          -1.61192
         -0.221945
          0.291473
         -0.631347
##################### ACCEPTABLE SUBNET NUMBER: 73  #########################
          0.688817
 6
23
38
45
 4
35
22
 5
15
40
50
 1
34
          0.889974
            1.1231
          -1.41262
          0.469769
         -0.418818
         -0.258436
          -1.45865
         -0.283061
           0.08975
          0.248936
          -1.20639
         -0.274691
          -1.01707
           0.10423
##################### ACCEPTABLE SUBNET NUMBER: 74  #########################
          0.703699
 3
47
32
 4
 4
41
 3
 1
50
          0.687498
          0.816109
          -0.29455
          0.043443
         0.0428613
          0.114567
          0.223739
          -1.47411
         -0.242509
         -0.596483
##################### ACCEPTABLE SUBNET NUMBER: 75  #########################
          0.618613
 0
 4
 7
46
34
16
          0.998164
          0.446481
         -0.169789
          0.348827
         0.0704582
         0.0333155
          -1.12342
----------Number of Acceptable Subnets found: 75 -----------
----------END FOR GENE 9 -----------
--------START FOR GENE 10 -----------
 Values arranged as error, n_ka, gene ids for ka, n_kd, gene ids for kd,
 r0, d, ea, ka_values, kd_values for each subnet. 
##################### ACCEPTABLE SUBNET NUMBER: 1  #########################
          0.471863
 3
38
 7
30
 5
23
36
34
42
32
           1.89365
           1.95076
           1.22196
          0.787963
          0.107036
             1.097
           1.34303
          0.863181
          0.574132
           1.42517
           1.03079
##################### ACCEPTABLE SUBNET NUMBER: 2  #########################
          0.749494
 5
40
 7
47
42
17
 8
13
 9
38
34
 3
46
14
30
         -0.431397
         -0.247978
          0.617419
          0.204016
           0.97936
         0.0433821
          0.468466
          0.360754
           0.15831
         -0.823908
          0.781197
         -0.946124
         -0.555859
       -0.00584308
         -0.726332
         -0.706741
##################### ACCEPTABLE SUBNET NUMBER: 3  #########################
           0.60182
 1
35
 3
 4
36
27
         -0.504344
         -0.591442
         0.0939524
          -1.00199
           0.51651
          0.393048
         -0.417074
##################### ACCEPTABLE SUBNET NUMBER: 4  #########################
          0.557485
 3
20
36
39
 3
27
 5
42
           1.21736
           1.12953
           0.62475
           1.01059
          0.259193
          0.608412
           1.10929
          -1.24186
           0.91941
##################### ACCEPTABLE SUBNET NUMBER: 5  #########################
          0.574896
 3
15
16
12
 3
30
11
31
          0.609545
          0.739063
          0.310599
          0.492994
         -0.517923
        -0.0270277
        -0.0278768
         -0.276431
          0.650459
##################### ACCEPTABLE SUBNET NUMBER: 6  #########################
          0.775791
 1
27
 2
16
 3
          0.804488
         0.0890174
          -0.21163
          -1.55463
         0.0677426
          0.170578
##################### ACCEPTABLE SUBNET NUMBER: 7  #########################
           1.35667
 0
 2
28
 5
          -0.29838
         -0.399585
         -0.022479
        -0.0789137
          0.260507
##################### ACCEPTABLE SUBNET NUMBER: 8  #########################
          0.880296
 0
 1
45
         -0.247298
         -0.467062
         0.0547548
          0.363539
##################### ACCEPTABLE SUBNET NUMBER: 9  #########################
          0.494382
 1
50
 2
22
42
          0.147022
         -0.515705
         -0.177078
          -0.44655
          0.303951
          0.131641
##################### ACCEPTABLE SUBNET NUMBER: 10  #########################
          0.724012
 5
15
 9
34
33
36
 8
44
17
 8
42
43
26
40
46
          0.810022
           0.82501
          0.298584
         -0.117549
         0.0365887
          0.274167
          -0.13701
          0.060948
          0.132937
          0.026646
         -0.245129
          0.508369
          0.491361
         -0.646426
         -0.307973
         0.0590097
##################### ACCEPTABLE SUBNET NUMBER: 11  #########################
          0.606032
 3
33
13
43
 4
15
27
17
 5
          0.481271
         -0.419717
         -0.284525
         -0.872098
         -0.971574
        -0.0715985
        -0.0169989
          0.312909
          0.291984
          0.113124
##################### ACCEPTABLE SUBNET NUMBER: 12  #########################
           1.04487
 2
30
40
 4
 9
22
39
43
           1.55965
            1.7838
          0.616258
          0.697085
        -0.0781015
           1.09372
          0.594778
         -0.490709
          0.434682
##################### ACCEPTABLE SUBNET NUMBER: 13  #########################
          0.536696
 2
44
28
 3
40
32
 9
           1.03573
          0.472221
          0.143198
         -0.609133
          0.402391
          0.558717
          0.320929
          -1.06453
##################### ACCEPTABLE SUBNET NUMBER: 14  #########################
          0.782282
 1
41
 2
 3
12
         -0.710492
         -0.608368
         -0.234402
          0.207079
          0.429745
         -0.598027
##################### ACCEPTABLE SUBNET NUMBER: 15  #########################
           0.56614
 1
 9
 2
35
42
          0.990924
          0.984918
          0.344363
          0.482249
          0.487038
          0.579242
##################### ACCEPTABLE SUBNET NUMBER: 16  #########################
          0.533275
 4
49
27
 3
36
 2
40
16
          0.771124
          0.754355
          0.173777
         -0.360452
         -0.653869
          -2.12847
          0.259666
          0.473775
         -0.352078
##################### ACCEPTABLE SUBNET NUMBER: 17  #########################
          0.794015
 1
39
12
44
43
47
 2
42
27
18
38
21
25
 5
 8
          0.687399
           0.61174
          0.363279
         -0.149596
          0.545752
         -0.272471
         -0.444975
          -1.02294
          0.606636
          -1.46291
         -0.798983
          0.140794
         0.0213256
           -2.1443
         -0.266081
         -0.511935
##################### ACCEPTABLE SUBNET NUMBER: 18  #########################
          0.772959
 1
26
 7
42
45
20
40
44
47
21
         -0.587826
         -0.645374
         -0.731352
         0.0716166
         -0.750546
         -0.790053
         -0.800291
         -0.484997
           -1.2066
          -1.25501
          0.362746
##################### ACCEPTABLE SUBNET NUMBER: 19  #########################
           2.57364
 2
28
35
 4
23
48
11
15
           1.76119
           1.88227
          0.780582
           1.58806
             1.072
           1.61391
           0.66746
          0.368793
          -0.22128
##################### ACCEPTABLE SUBNET NUMBER: 20  #########################
          0.623518
 6
33
47
 5
 1
25
30
 7
 9
42
15
 6
37
27
22
           1.28555
           1.46158
         -0.041035
           1.08292
             1.101
         -0.344123
          0.130753
           1.11231
           1.25229
           1.64478
          0.639932
          0.310149
          -1.08171
         0.0332086
           -1.3772
        -0.0697777
##################### ACCEPTABLE SUBNET NUMBER: 21  #########################
          0.754699
 3
14
 7
16
 0
          0.582884
          0.746616
         -0.107071
         -0.597797
          0.395259
         -0.647919
##################### ACCEPTABLE SUBNET NUMBER: 22  #########################
           1.15832
 9
21
24
26
30
34
 7
 6
38
45
16
 1
42
14
17
12
20
43
36
48
 2
15
13
 5
27
37
16
           0.78872
          0.829439
          0.604136
           1.71317
           1.63551
           1.36398
          0.393047
         -0.277105
          -1.41245
         -0.540457
          0.825847
          -1.72617
           1.97032
           1.61644
            1.0961
         -0.713871
         -0.528358
           1.29933
         -0.305756
           1.42073
            1.1458
         -0.338687
          0.973634
          0.997012
         -0.521036
          0.897673
          0.134497
         -0.161167
##################### ACCEPTABLE SUBNET NUMBER: 23  #########################
          0.882838
 2
12
22
 1
23
        0.00198204
         -0.587871
          -0.15322
         -0.438066
         -0.378911
          0.427058
##################### ACCEPTABLE SUBNET NUMBER: 24  #########################
          0.680615
 1
26
 9
29
19
45
28
14
47
24
 5
48
         -0.494084
         -0.507111
          0.739769
         -0.796367
           1.08174
          -1.17524
          -0.36264
          -1.51998
         -0.968695
        -0.0201523
          -1.03448
         0.0583165
          0.817482
##################### ACCEPTABLE SUBNET NUMBER: 25  #########################
          0.455538
 1
30
 4
21
44
38
49
         -0.234137
         -0.318119
          0.330303
          0.233167
        -0.0991235
           0.35625
          0.491892
          0.497572
##################### ACCEPTABLE SUBNET NUMBER: 26  #########################
          0.365245
 2
 2
40
 2
12
17
         -0.476202
         -0.302027
          0.229894
           1.26653
          0.986333
           1.17886
           1.00275
##################### ACCEPTABLE SUBNET NUMBER: 27  #########################
          0.535492
 3
 6
21
25
 2
43
42
          0.983219
          0.524038
          0.567302
          -1.49273
          -1.36543
          0.540412
          0.943269
          0.946245
##################### ACCEPTABLE SUBNET NUMBER: 28  #########################
           1.63017
 8
49
12
41
 3
38
14
28
 2
 7
36
16
 5
15
 8
 1
13
           0.17469
         0.0966298
         0.0978425
         -0.732123
          -1.52507
          -1.35977
          0.172629
           -1.1719
          -1.16696
         -0.736547
          0.463921
           0.43811
         -0.385001
          -1.33373
         -0.066252
           -1.7919
         0.0555366
         0.0980841
##################### ACCEPTABLE SUBNET NUMBER: 29  #########################
            0.7009
 1
19
 2
36
46
         -0.537291
         -0.494751
          0.441806
          0.319112
          0.725157
          -1.37554
##################### ACCEPTABLE SUBNET NUMBER: 30  #########################
          0.503217
 0
 3
 9
27
 1
        -0.0960165
         -0.602577
        -0.0986938
          0.334951
          0.430659
          0.110359
##################### ACCEPTABLE SUBNET NUMBER: 31  #########################
          0.289876
 0
 1
20
           1.10448
         -0.579419
         -0.458929
          0.403005
##################### ACCEPTABLE SUBNET NUMBER: 32  #########################
           1.51682
 6
12
28
 1
38
46
48
 7
11
13
41
36
42
 9
16
           1.44543
           1.67675
          0.883731
           1.45109
           1.62577
          0.427097
        -0.0413076
        -0.0964107
          0.477833
           1.59531
           1.24277
        -0.0319162
         -0.573365
          0.787691
        -0.0547008
          -0.76336
##################### ACCEPTABLE SUBNET NUMBER: 33  #########################
          0.221817
 4
42
31
19
45
 1
14
        -0.0582099
          0.108769
          0.568076
          0.609582
          -1.26025
          0.909869
           -1.0442
           1.13026
##################### ACCEPTABLE SUBNET NUMBER: 34  #########################
          0.705861
 4
45
19
26
31
 3
11
 8
30
         -0.102854
        -0.0898375
          0.220969
         -0.641606
           0.30026
         -0.811434
         -0.465769
          0.512156
         -0.541566
            0.5648
##################### ACCEPTABLE SUBNET NUMBER: 35  #########################
          0.609221
 2
 7
27
 1
11
         -0.288682
        -0.0788564
        -0.0338403
           0.53299
         -0.160987
         0.0979936
##################### ACCEPTABLE SUBNET NUMBER: 36  #########################
          0.649938
 1
 4
 4
 2
41
14
32
           1.58272
            1.7944
           1.39525
            1.6575
          0.683358
          0.355027
           1.89588
        -0.0136524
##################### ACCEPTABLE SUBNET NUMBER: 37  #########################
          0.490642
 4
47
21
11
50
 8
31
16
45
 9
22
46
25
29
          0.942516
           1.01803
            1.2665
           1.00352
           1.45883
           1.50378
          0.123516
           1.68473
          0.581029
          0.819543
          0.155549
         -0.309657
         -0.222473
         -0.975142
         -0.343884
##################### ACCEPTABLE SUBNET NUMBER: 38  #########################
          0.727047
 5
36
12
24
 1
15
 4
 3
23
47
13
         -0.589489
         -0.607893
          0.113412
          -1.62506
         -0.735652
         -0.116099
         -0.431799
          -1.13354
          0.630818
          0.523705
          -1.40408
          -1.07934
##################### ACCEPTABLE SUBNET NUMBER: 39  #########################
          0.586106
 1
11
 1
27
         -0.378446
         -0.613738
         0.0460161
           -1.4074
          0.538957
##################### ACCEPTABLE SUBNET NUMBER: 40  #########################
           0.66298
 3
37
 4
27
 1
40
         -0.032186
         -0.283224
        -0.0526419
          -1.65137
          -1.25924
          -1.11031
          0.207332
##################### ACCEPTABLE SUBNET NUMBER: 41  #########################
          0.748775
 4
37
36
 4
 9
 2
49
40
          0.670592
          0.644775
          0.189781
         -0.288626
         -0.559209
        -0.0958363
          0.291171
          0.347193
          0.398779
##################### ACCEPTABLE SUBNET NUMBER: 42  #########################
          0.697025
 1
17
 1
49
         -0.191303
         -0.180608
           0.75705
        -0.0257301
          0.981974
##################### ACCEPTABLE SUBNET NUMBER: 43  #########################
          0.739007
 1
27
 2
11
 6
         -0.683685
         -0.515298
          0.327725
         -0.182488
          0.476074
          0.754667
##################### ACCEPTABLE SUBNET NUMBER: 44  #########################
           0.68098
 6
38
37
18
12
49
36
 5
25
43
31
16
20
          0.671934
          0.861061
          0.974244
           1.11786
         -0.430037
         0.0943616
         -0.198482
           0.72175
         -0.380782
           1.11082
          -1.37337
           1.04212
          0.512208
           1.42142
##################### ACCEPTABLE SUBNET NUMBER: 45  #########################
          0.988522
 0
 3
 3
49
24
         -0.668052
         -0.657311
          0.765241
            1.3245
         -0.492272
           1.19252
##################### ACCEPTABLE SUBNET NUMBER: 46  #########################
          0.441444
 4
44
48
11
33
 3
20
25
42
           0.67555
            0.8396
          0.408207
          0.671806
          -1.07989
          0.533605
          -1.36344
          0.957196
         -0.963373
        -0.0569247
##################### ACCEPTABLE SUBNET NUMBER: 47  #########################
           0.59477
 2
47
 9
 2
20
 5
           1.29027
           1.47499
          0.316869
          0.608137
          0.324451
            0.8603
          0.668266
##################### ACCEPTABLE SUBNET NUMBER: 48  #########################
          0.398254
 0
 1
14
           1.65247
         -0.607737
         -0.610016
          0.426421
##################### ACCEPTABLE SUBNET NUMBER: 49  #########################
          0.412697
 1
34
 1
14
         -0.172246
         -0.619749
         -0.130799
         -0.493336
          0.445899
##################### ACCEPTABLE SUBNET NUMBER: 50  #########################
          0.454032
 6
34
31
46
49
14
25
 5
21
42
 8
36
16
            1.8103
           1.96392
          0.145792
          0.305175
         -0.553503
          0.281272
         -0.619281
         0.0615996
         0.0847148
          0.481651
         -0.185879
          -1.21476
            -1.586
          0.345309
##################### ACCEPTABLE SUBNET NUMBER: 51  #########################
          0.737654
 6
12
21
31
26
 3
49
10
44
 6
23
47
11
13
 4
34
14
46
         0.0759782
         -0.613683
          0.275793
         -0.388317
         -0.132667
          0.134648
         -0.217805
        -0.0085378
          -2.17098
          0.701666
          0.888633
          0.641766
          0.542352
        -0.0538352
           -1.0668
          0.693818
          -1.07605
          0.680197
         -0.737244
##################### ACCEPTABLE SUBNET NUMBER: 52  #########################
          0.563432
 0
 2
24
16
          -0.27802
         -0.533736
        -0.0168794
          0.418076
         0.0601243
##################### ACCEPTABLE SUBNET NUMBER: 53  #########################
          0.704461
 4
19
41
 9
18
10
 5
35
17
12
 3
22
29
27
 1
44
          0.724088
          0.767913
          0.883718
           1.15731
         0.0132632
          0.427174
          0.861254
          0.977435
          0.797772
          -1.07475
          0.814012
          0.154747
          -1.78951
         -0.482901
           1.34038
         -0.691896
          0.401385
##################### ACCEPTABLE SUBNET NUMBER: 54  #########################
          0.230974
 3
18
44
47
 2
42
17
          0.282374
         0.0950387
      -0.000265384
         -0.356111
          -1.43878
          -1.44134
          0.248794
          0.243663
##################### ACCEPTABLE SUBNET NUMBER: 55  #########################
           1.12326
 2
20
 8
 9
45
25
 2
 1
47
43
46
27
 5
           1.65797
           1.58426
           1.25409
          -1.17134
          -1.81126
           1.43174
           1.38354
          0.498057
         -0.895306
         -0.289944
         -0.945644
           1.28075
         -0.191768
          -2.36525
##################### ACCEPTABLE SUBNET NUMBER: 56  #########################
          0.666891
 5
 3
14
34
33
 7
 0
         -0.436722
         -0.216278
         -0.302072
         -0.147354
         -0.875126
          -1.20644
        0.00726396
          0.574106
##################### ACCEPTABLE SUBNET NUMBER: 57  #########################
          0.736886
 4
31
 2
 4
35
 2
20
48
           1.98489
           2.14297
          0.890616
            1.0186
          0.813198
          -0.32125
         -0.911273
           1.38995
          0.524682
##################### ACCEPTABLE SUBNET NUMBER: 58  #########################
           1.67425
 0
 1
21
        -0.0521067
         -0.629311
         0.0258734
          0.752751
##################### ACCEPTABLE SUBNET NUMBER: 59  #########################
           2.09879
 1
28
 2
13
 3
         -0.541632
         -0.507098
         -0.701949
          0.589791
          0.685709
           0.38229
##################### ACCEPTABLE SUBNET NUMBER: 60  #########################
          0.263943
 2
 7
12
 2
25
24
          0.590593
          0.752989
        -0.0510791
          0.381726
         -0.366735
          -1.85051
          0.157454
##################### ACCEPTABLE SUBNET NUMBER: 61  #########################
          0.438699
 2
 7
46
 1
 6
           0.77458
           0.93237
        -0.0559481
          0.374153
          -1.73417
         0.0728739
##################### ACCEPTABLE SUBNET NUMBER: 62  #########################
          0.802653
 5
32
 2
47
50
29
 1
 4
         -0.495563
         -0.655368
         -0.497143
        -0.0069862
          -0.60863
         -0.631543
          -1.28168
         -0.604871
          0.653011
##################### ACCEPTABLE SUBNET NUMBER: 63  #########################
           0.78709
 7
23
28
 2
 3
 6
31
 5
 5
49
47
29
 4
 9
          0.224767
           0.32504
          0.597498
         -0.270028
          -1.38729
          0.942629
         -0.358951
         -0.873075
        -0.0908803
         -0.598837
          0.751746
          -1.40031
          -1.46629
         -0.877889
           1.00479
##################### ACCEPTABLE SUBNET NUMBER: 64  #########################
          0.445031
 1
33
 4
15
 3
49
20
         -0.456648
         -0.548731
          0.526871
         -0.456428
           0.84793
         0.0888104
           0.76154
         -0.915102
##################### ACCEPTABLE SUBNET NUMBER: 65  #########################
          0.736268
 2
34
30
 5
 4
 6
41
35
47
         -0.651349
         -0.547752
          0.347087
        -0.0989344
         -0.825298
          0.715112
          0.829742
          -1.13471
          -1.08379
          0.335788
##################### ACCEPTABLE SUBNET NUMBER: 66  #########################
          0.588019
 2
46
 7
 3
 2
47
 5
        -0.0611659
         -0.506982
         -0.271573
         -0.117195
         -0.161113
          0.184333
         0.0950206
         -0.388776
##################### ACCEPTABLE SUBNET NUMBER: 67  #########################
          0.453465
 0
 1
31
          -0.13297
         -0.520051
         -0.103599
          0.267679
##################### ACCEPTABLE SUBNET NUMBER: 68  #########################
           0.56269
 0
 1
31
         -0.431894
         -0.450878
         0.0699265
          0.357282
##################### ACCEPTABLE SUBNET NUMBER: 69  #########################
           0.56269
 0
 1
31
         -0.431894
         -0.450878
         0.0699265
          0.357282
##################### ACCEPTABLE SUBNET NUMBER: 70  #########################
          0.670706
 2
25
28
 3
45
 3
23
         -0.537825
         -0.583518
          0.232535
        -0.0685876
          -1.04676
          0.478165
          0.736632
         -0.990367
##################### ACCEPTABLE SUBNET NUMBER: 71  #########################
          0.746112
 3
26
20
 4
 3
 3
45
36
         -0.734204
         -0.646456
         -0.286731
          0.241116
          -1.09894
          -1.32379
          0.605832
         -0.286716
          0.354528
##################### ACCEPTABLE SUBNET NUMBER: 72  #########################
          0.795602
 2
14
43
 5
38
49
 1
18
45
          0.437159
          0.432383
          0.328144
          0.357236
          -1.21778
          0.442067
          0.507762
          0.404187
         -0.121621
          -1.14901
##################### ACCEPTABLE SUBNET NUMBER: 73  #########################
          0.730077
 6
23
47
30
18
35
22
 9
 3
31
25
 5
49
32
50
20
36
           1.58209
           1.63906
          0.900079
          0.953297
         -0.705924
          -1.34688
          0.607545
          0.782148
          0.338606
          0.679367
           1.06212
         -0.404524
          0.959893
           1.09984
         -0.335398
         0.0783879
         -0.592094
         -0.152739
##################### ACCEPTABLE SUBNET NUMBER: 74  #########################
          0.497093
 1
37
 5
 1
45
42
31
 9
         -0.536753
         -0.448258
           0.32185
          -1.06738
          0.594836
          0.458565
         -0.559509
         -0.495445
          0.732398
##################### ACCEPTABLE SUBNET NUMBER: 75  #########################
           2.49914
 0
 7
23
47
13
 4
49
31
45
         -0.296021
         -0.289599
           1.25466
         -0.805333
           1.45449
         0.0872059
          0.138735
           0.28432
         -0.516254
         -0.516254
----------Number of Acceptable Subnets found: 75 -----------
----------END FOR GENE 10 -----------
--------START FOR GENE 11 -----------
 Values arranged as error, n_ka, gene ids for ka, n_kd, gene ids for kd,
 r0, d, ea, ka_values, kd_values for each subnet. 
##################### ACCEPTABLE SUBNET NUMBER: 1  #########################
            1.3591
 1
20
 0
         -0.187521
         -0.212752
         -0.227529
          0.295067
##################### ACCEPTABLE SUBNET NUMBER: 2  #########################
          0.749853
 3
28
14
22
 1
 4
        -0.0802413
          -0.42129
          -0.55763
          0.130965
          0.177713
         -0.535228
          0.179583
##################### ACCEPTABLE SUBNET NUMBER: 3  #########################
           2.11329
 2
17
24
 1
37
          -0.19411
         -0.693632
          -1.12891
         -0.718143
         0.0382632
          -1.05999
##################### ACCEPTABLE SUBNET NUMBER: 4  #########################
            1.3529
 2
28
44
11
33
34
18
32
47
49
36
30
13
35
16
          0.378377
           -0.6656
          0.576471
          -2.65502
         -0.117825
           1.13989
          0.334659
           1.11602
          -1.23492
         -0.889463
          0.859861
         -0.380939
          0.103169
          0.119622
          -2.65955
         -0.124191
##################### ACCEPTABLE SUBNET NUMBER: 5  #########################
           2.20398
 1
23
 1
16
         -0.452806
         -0.485327
          -0.25445
          0.202518
          -1.11994
##################### ACCEPTABLE SUBNET NUMBER: 6  #########################
           2.05899
 7
44
27
 4
15
 5
50
34
12
41
43
 8
28
39
40
30
46
36
26
 9
 7
           1.52906
           1.08712
           1.66648
          0.978794
           1.35371
           1.05029
         -0.772051
          -1.08649
         -0.814096
         -0.537595
            2.0532
          0.197055
         -0.314236
          0.159733
           1.54911
          -0.86485
           0.47155
          0.750918
          -1.25821
          -1.05558
          0.479967
         -0.404606
##################### ACCEPTABLE SUBNET NUMBER: 7  #########################
           1.25874
 2
15
43
 0
         0.0851414
         -0.639882
          -1.00591
         -0.748861
         -0.114089
##################### ACCEPTABLE SUBNET NUMBER: 8  #########################
           1.44941
 0
 3
26
22
 6
        -0.0536029
         -0.450954
          0.081264
          0.413634
          0.137274
         -0.665406
##################### ACCEPTABLE SUBNET NUMBER: 9  #########################
           1.76613
 3
 3
49
31
 2
46
26
         -0.170238
         -0.106248
         -0.430016
          0.567183
         -0.625747
          0.188683
         -0.594625
         -0.600063
##################### ACCEPTABLE SUBNET NUMBER: 10  #########################
           2.05726
 2
49
16
 0
          0.263012
         0.0276658
          -2.04344
        0.00619302
           -1.5819
##################### ACCEPTABLE SUBNET NUMBER: 11  #########################
           1.79287
 7
 1
22
 6
14
31
 9
12
 4
24
19
39
44
           1.49651
           1.56465
           1.26892
           2.10021
          0.605646
           1.96986
          -0.29584
         0.0143977
           1.47903
           -1.1653
          0.128053
         -0.269373
           1.55184
         -0.795873
##################### ACCEPTABLE SUBNET NUMBER: 12  #########################
           2.10538
 0
 2
26
18
         -0.403681
         -0.626892
         0.0428411
          0.361259
         -0.117502
##################### ACCEPTABLE SUBNET NUMBER: 13  #########################
           1.77533
 3
15
 7
28
 3
10
 1
14
          0.551357
          0.600746
        -0.0585074
          0.492019
        -0.0276153
          -1.99946
          0.476141
          0.228976
          -1.32263
##################### ACCEPTABLE SUBNET NUMBER: 14  #########################
           1.21081
 5
44
30
28
 9
20
 1
48
         -0.367682
         -0.736445
          -1.12883
          0.272101
          -1.52875
          -1.23343
          0.562843
         -0.648007
          0.587729
##################### ACCEPTABLE SUBNET NUMBER: 15  #########################
           1.62211
 5
22
 7
13
34
41
 6
33
18
37
19
47
21
         -0.373875
         -0.685632
          0.532325
          -1.32991
          -0.31818
         -0.143822
          0.213939
          -1.22772
          0.932634
           -1.3737
          0.485931
          0.483141
          0.198046
          -1.22899
##################### ACCEPTABLE SUBNET NUMBER: 16  #########################
           1.81314
 1
23
 3
32
21
10
           1.12268
           1.17931
         0.0520516
          0.592121
          0.287682
          -1.89826
          -1.22123
##################### ACCEPTABLE SUBNET NUMBER: 17  #########################
           1.33842
 0
 1
16
        -0.0548233
         -0.850653
          0.178552
           1.22152
##################### ACCEPTABLE SUBNET NUMBER: 18  #########################
            2.0174
 1
24
 7
32
19
39
26
31
15
38
         -0.244866
         -0.867853
          0.315737
           1.28363
          0.498137
           1.28687
            0.3951
           1.88483
          0.860786
           1.27313
         -0.143491
##################### ACCEPTABLE SUBNET NUMBER: 19  #########################
           1.92497
11
26
27
40
 6
28
30
50
 4
13
47
 5
 0
         -0.357449
          -0.36886
         -0.330451
          -0.53836
          -1.00683
        -0.0114627
        -0.0981567
        -0.0441643
         -0.175859
         -0.209993
         -0.337389
          0.193026
          -1.10242
         -0.173574
##################### ACCEPTABLE SUBNET NUMBER: 20  #########################
           1.68253
 3
12
43
30
13
41
47
19
21
 2
42
 4
 6
45
39
33
16
14
           1.24696
           1.26466
           0.87514
           1.46543
          0.792985
          -0.40771
           1.00901
           1.23397
          0.354833
           1.11495
         -0.195791
       -0.00991933
          -2.04624
          0.379769
          -1.53435
          -2.40202
         -0.522065
         -0.124282
         -0.102708
##################### ACCEPTABLE SUBNET NUMBER: 21  #########################
           1.98638
 6
44
38
14
16
21
15
 7
32
41
29
34
 2
 6
10
           1.25936
            1.0638
            1.6299
         -0.137645
          0.548548
         -0.196989
         -0.122251
         -0.503095
         -0.913253
           1.66459
            1.9058
           0.82279
         -0.148834
         -0.231192
         0.0803699
         -0.431725
##################### ACCEPTABLE SUBNET NUMBER: 22  #########################
           1.40572
 1
14
 1
31
         -0.208528
         -0.713273
         -0.361953
        -0.0293235
         -0.293851
##################### ACCEPTABLE SUBNET NUMBER: 23  #########################
           1.50071
 6
14
20
23
43
25
19
 1
 7
         0.0819272
         0.0998904
         -0.227657
          0.340263
         -0.096122
         -0.185164
         -0.159298
        -0.0274003
         -0.226545
         -0.436409
##################### ACCEPTABLE SUBNET NUMBER: 24  #########################
           2.01116
 4
13
34
45
37
 3
41
17
33
          0.521679
         0.0578774
          0.528117
         -0.989214
          0.355103
          -1.58387
        -0.0477868
          0.925619
         -0.647573
         -0.664303
##################### ACCEPTABLE SUBNET NUMBER: 25  #########################
           2.30112
 0
 4
46
10
38
33
           2.08795
         -0.683847
         0.0964537
           1.11314
         -0.625037
          0.132913
          -1.44987
##################### ACCEPTABLE SUBNET NUMBER: 26  #########################
           2.28519
11
27
10
47
32
36
20
43
28
48
33
39
 8
46
49
17
26
42
 1
15
34
          -0.17749
         -0.593025
          0.991488
          0.674943
           0.23737
          0.112176
          0.123942
         -0.531319
        0.00202247
          -1.29046
         0.0303785
         0.0326029
         -0.155089
          -2.30503
           1.37646
          -1.35906
          -1.29334
          -2.30431
         -0.155339
          0.966057
          0.483955
          -0.66409
##################### ACCEPTABLE SUBNET NUMBER: 27  #########################
            1.8417
 2
 4
 6
 4
46
10
 5
35
          -0.22163
         -0.155685
         -0.225659
          0.693347
          0.207645
          -1.16421
         -0.760933
         -0.826317
          -1.20167
##################### ACCEPTABLE SUBNET NUMBER: 28  #########################
           1.95833
 6
16
22
42
15
48
 7
 4
39
44
46
49
         -0.508874
         -0.637677
           1.08994
          0.142114
         -0.905753
         -0.303697
         -0.267561
          0.597305
          -1.28945
           1.38779
         -0.243628
         -0.386035
           0.57761
##################### ACCEPTABLE SUBNET NUMBER: 29  #########################
           1.99688
 1
 1
 4
25
 7
19
26
          0.550413
          0.621232
         -0.169367
          0.929351
          0.204174
        -0.0965889
          -1.45883
         -0.750664
##################### ACCEPTABLE SUBNET NUMBER: 30  #########################
           1.20246
 6
 2
20
30
 1
26
25
 0
         -0.205323
         -0.625444
          -0.33383
         -0.179075
         0.0120629
          -1.67701
         -0.685504
         -0.712317
         -0.685866
##################### ACCEPTABLE SUBNET NUMBER: 31  #########################
           1.71596
 6
31
36
44
33
23
25
 2
42
 6
         0.0862657
         0.0790095
         -0.241004
          0.182588
         -0.660115
           -1.0578
          -1.46421
          -1.30822
         -0.473793
          -1.32884
           -2.0281
##################### ACCEPTABLE SUBNET NUMBER: 32  #########################
          0.789905
 7
20
31
25
16
18
28
39
 3
42
27
23
          0.252122
         0.0137916
         -0.346696
          0.155367
        -0.0759627
         -0.194414
          -1.51944
          -1.22528
         -0.811954
         -0.296843
         -0.671066
         -0.048943
         -0.130119
##################### ACCEPTABLE SUBNET NUMBER: 33  #########################
            1.5988
 1
43
 0
        -0.0432428
         -0.376719
         -0.516167
          0.020889
##################### ACCEPTABLE SUBNET NUMBER: 34  #########################
           1.58789
 3
12
17
28
 1
31
        -0.0378058
        -0.0696359
         -0.206045
          0.316466
         0.0500903
         -0.342392
          0.142595
##################### ACCEPTABLE SUBNET NUMBER: 35  #########################
          0.600261
 4
30
 2
29
 4
 4
23
49
26
33
          0.272224
         -0.342112
         -0.562526
       -0.00456966
          0.295063
         -0.255121
          -2.54404
         0.0322766
         -0.370967
          -2.67608
         -0.348288
##################### ACCEPTABLE SUBNET NUMBER: 36  #########################
           1.12058
 4
 2
47
35
 4
 0
         0.0227792
         -0.727759
         -0.444969
         0.0721036
         -0.423493
         -0.729039
         -0.471063
##################### ACCEPTABLE SUBNET NUMBER: 37  #########################
           1.70531
14
13
40
12
29
49
 1
16
41
32
 6
31
42
15
 4
 8
26
47
28
46
50
37
30
22
           1.13104
           1.19586
           0.96655
          0.362113
          -1.35814
           1.49174
          -1.06638
          0.955286
          0.804317
            0.6101
          -1.10204
       -0.00891671
         -0.317663
         -0.126673
         -0.479314
          -1.56357
          -1.96329
            1.1606
          0.262107
         0.0234685
          0.898961
          0.570999
          -1.26134
         -0.159733
         -0.704864
##################### ACCEPTABLE SUBNET NUMBER: 38  #########################
           1.71565
 3
24
10
 4
 0
         -0.347944
         -0.604306
         -0.512099
          0.140567
         -0.214392
         -0.447645
##################### ACCEPTABLE SUBNET NUMBER: 39  #########################
           1.64566
 6
14
40
49
 9
15
29
 3
26
32
 8
           1.02621
           1.09026
          0.874486
           1.52697
          0.561644
         -0.280695
          0.727792
          0.533505
          0.727339
           1.10758
           -0.2172
           -1.3501
##################### ACCEPTABLE SUBNET NUMBER: 40  #########################
           1.60248
 5
31
35
 8
44
12
14
37
41
46
29
48
 5
10
30
18
45
22
39
16
 4
          0.208158
          0.217451
        -0.0999718
          0.337405
           0.10747
         0.0792485
          -0.80967
          -0.19411
         -0.401472
         -0.266454
          0.186155
          -1.36727
         -0.208196
         -0.489641
          -1.13247
           -1.3516
        -0.0742982
          -1.45748
          0.049054
         -0.910128
          -1.59328
         -0.164388
##################### ACCEPTABLE SUBNET NUMBER: 41  #########################
            2.6342
 2
13
46
 1
10
         -0.638776
         -0.710295
         -0.504415
          0.254292
         -0.339307
        -0.0665792
##################### ACCEPTABLE SUBNET NUMBER: 42  #########################
           2.34211
 3
35
 1
13
 6
10
38
 7
31
33
42
           1.13448
           1.18561
          0.840614
          0.090799
                 1
         -0.117488
           1.31211
         -0.661993
         -0.164443
       -0.00661217
          0.880805
         -0.915983
##################### ACCEPTABLE SUBNET NUMBER: 43  #########################
           1.56347
19
 5
17
45
32
20
 6
19
33
14
24
 2
35
 7
23
27
44
 4
40
41
 8
10
48
34
18
39
46
13
12
         -0.130541
        -0.0822913
          -1.23038
         -0.659889
          0.151121
         -0.730582
         -0.892907
          0.400462
          0.256015
         -0.288521
         0.0118084
          0.410208
         -0.288655
         -0.464433
          -0.74759
          -1.53825
          -1.98446
          -1.78739
         -0.591333
         -0.374308
         -0.239238
          -1.49202
          0.140918
        -0.0525379
         -0.725881
          0.248053
         0.0667109
          -1.27487
         -0.561656
          -1.15056
##################### ACCEPTABLE SUBNET NUMBER: 44  #########################
           1.65517
 9
25
38
50
22
46
 7
41
42
44
 7
32
 3
 6
40
16
19
18
          0.620929
          0.679406
           1.47469
           1.65821
           1.39355
         0.0417504
         -0.488269
          0.938744
          -1.10332
         -0.592189
         -0.855564
         -0.524956
           1.67057
          0.930068
          0.707585
          -1.68165
         -0.499417
         -0.235579
           0.55809
##################### ACCEPTABLE SUBNET NUMBER: 45  #########################
           1.76802
 3
 5
27
36
 2
15
26
         -0.149062
         -0.123061
         -0.102198
          0.155797
          0.148044
          0.172487
         -0.636124
          0.123919
##################### ACCEPTABLE SUBNET NUMBER: 46  #########################
           1.58663
 1
27
 0
          0.226022
         -0.525131
           -0.3995
         -0.170549
##################### ACCEPTABLE SUBNET NUMBER: 47  #########################
           1.04805
 3
36
28
49
 3
37
22
17
        -0.0952275
         -0.557131
         -0.825862
          -0.24366
         0.0800584
         -0.247915
         -0.408932
         -0.179072
         -0.532576
##################### ACCEPTABLE SUBNET NUMBER: 48  #########################
           1.68142
14
43
40
47
35
44
36
 6
34
45
49
12
48
46
30
 3
26
38
 8
           1.60469
           1.66158
            1.2167
           1.30826
           1.93976
           1.74344
         -0.127833
          0.235399
          0.398063
          0.219693
         -0.133827
          -2.09525
          0.597312
          0.179841
          -2.18109
          -1.62317
           1.67472
           1.84331
           1.03764
          0.431623
##################### ACCEPTABLE SUBNET NUMBER: 49  #########################
           1.41638
 0
 3
18
32
22
         -0.443366
         -0.510323
          0.539657
          0.890451
          0.717293
          0.289267
##################### ACCEPTABLE SUBNET NUMBER: 50  #########################
           2.98583
 5
48
43
16
42
41
 5
 7
27
40
36
33
         -0.423743
          -0.53439
          0.227372
          0.415015
          0.982858
          -0.04524
          -1.48618
         -0.591164
           1.60423
          0.355794
          -0.04524
         -0.363023
         -0.131094
##################### ACCEPTABLE SUBNET NUMBER: 51  #########################
           1.42256
 6
38
27
 7
33
28
 6
 3
22
23
50
        -0.0363527
        -0.0758184
         -0.760858
        -0.0433524
           0.22866
         -0.351976
          -2.82536
        -0.0360728
         -0.204232
          -1.58664
          -2.56148
       -0.00321264
##################### ACCEPTABLE SUBNET NUMBER: 52  #########################
            1.5604
 4
21
27
20
30
 3
42
12
35
         -0.239893
         -0.392032
         -0.266121
         0.0981766
         0.0345921
          -1.30571
         -0.942429
         -0.933057
          -1.39104
           -2.1976
##################### ACCEPTABLE SUBNET NUMBER: 53  #########################
           1.94872
 2
15
26
 1
41
          0.432527
        -0.0233954
         0.0705277
        -0.0871822
         -0.942776
           0.46294
##################### ACCEPTABLE SUBNET NUMBER: 54  #########################
           2.37011
 2
32
49
 1
42
           0.21316
         -0.246025
         -0.746018
          -1.44733
         -0.079732
         -0.880887
##################### ACCEPTABLE SUBNET NUMBER: 55  #########################
           1.73799
 7
 1
48
32
34
42
10
26
 1
39
          0.260111
          0.326941
           0.39277
           1.21625
          0.592809
          -1.03222
          0.429406
          -1.60675
          -1.11001
          -1.60837
          0.724805
##################### ACCEPTABLE SUBNET NUMBER: 56  #########################
           1.51459
 0
 3
32
35
47
          0.187884
         -0.548493
        -0.0652783
          0.349822
         0.0788591
         -0.625594
##################### ACCEPTABLE SUBNET NUMBER: 57  #########################
           1.99387
 2
28
18
10
24
39
50
47
46
30
43
 1
25
17
         -0.511105
         -0.650469
          0.804597
          0.318146
          0.272034
         -0.462508
           1.11223
          0.075559
         -0.438689
          0.305638
          -0.58416
           -1.2591
         -0.637002
          -1.51254
          -2.32525
##################### ACCEPTABLE SUBNET NUMBER: 58  #########################
           1.81427
 2
12
44
 4
32
33
 4
47
         -0.330058
          -0.35597
          0.330119
          0.793405
         -0.761953
           0.39009
          0.597199
          0.630162
          0.437127
##################### ACCEPTABLE SUBNET NUMBER: 59  #########################
           1.97685
 0
 3
 7
26
21
         -0.550649
         -0.528732
          0.772237
          -1.10793
           1.00162
         0.0536827
##################### ACCEPTABLE SUBNET NUMBER: 60  #########################
           1.93259
 9
 3
44
23
15
31
25
21
20
24
 4
34
50
14
 5
         -0.426781
         -0.378735
         -0.452384
          0.561561
          -1.14636
          -1.05452
         -0.306269
         -0.165393
        -0.0796303
        -0.0927982
          -0.10295
          0.140973
          -1.18029
          -0.88855
         -0.923644
          -0.03027
##################### ACCEPTABLE SUBNET NUMBER: 61  #########################
           1.52657
 1
27
 1
50
          0.393555
          0.376841
         -0.432192
           0.33214
          0.100076
##################### ACCEPTABLE SUBNET NUMBER: 62  #########################
           2.59787
 3
27
36
14
 2
28
 4
         -0.423377
          -0.73225
         -0.931271
         0.0257236
          -0.59015
         -0.620639
         -0.477598
         -0.835379
##################### ACCEPTABLE SUBNET NUMBER: 63  #########################
           1.64324
12
29
 5
14
 9
45
 6
47
13
 2
 3
 4
17
 2
26
37
          0.102684
          0.124508
         -0.613778
          0.169122
         -0.652928
         -0.559407
          0.349194
         -0.920727
         -0.519484
        -0.0477727
         -0.556103
          -1.39894
          0.174252
         -0.612586
         -0.237419
         -0.423056
          -1.40224
##################### ACCEPTABLE SUBNET NUMBER: 64  #########################
           2.03241
 2
 9
 5
 2
41
29
          0.614266
         0.0763494
          0.110158
         0.0741012
         -0.453197
          0.521964
          -1.03608
##################### ACCEPTABLE SUBNET NUMBER: 65  #########################
           1.68447
 8
50
 6
37
47
20
27
12
10
 1
41
         -0.169909
         -0.130918
         -0.173735
          -1.13201
         -0.597889
            -1.671
           -1.7994
          -1.82095
          -1.83588
          0.301357
          -1.29724
          -1.79487
##################### ACCEPTABLE SUBNET NUMBER: 66  #########################
           1.76163
 7
45
24
49
 9
17
 1
16
 0
          0.212588
          0.091925
         -0.914238
        -0.0148819
         -0.692755
        -0.0221602
         -0.387743
        -0.0569045
         -0.624405
         -0.660517
##################### ACCEPTABLE SUBNET NUMBER: 67  #########################
           1.77285
 6
20
37
36
35
25
16
 6
33
13
31
34
15
39
         -0.315479
         -0.264699
         -0.188581
          0.666648
          0.444349
          0.695033
         -0.443855
         -0.363333
          0.158576
          0.620027
         -0.538888
          0.263591
         -0.600726
          -1.42971
         -0.476522
##################### ACCEPTABLE SUBNET NUMBER: 68  #########################
           1.87346
 9
24
42
45
 8
18
49
 6
34
22
10
33
20
32
16
38
13
19
14
43
25
          -0.43211
         -0.377197
          0.770073
            2.0857
           1.74317
         -0.322499
         -0.787794
          0.253629
          -1.31087
          -1.31087
           -1.7596
        -0.0691815
           1.88597
           1.04038
         -0.969785
          0.654647
          0.725647
         -0.696488
         -0.696488
         -0.102511
         -0.102511
          0.271249
##################### ACCEPTABLE SUBNET NUMBER: 69  #########################
           1.59949
 7
 6
 5
49
29
48
 9
35
 1
 1
            0.7011
          0.736611
          -0.20521
           0.44508
          0.121162
          -1.10448
          -1.82603
          -1.01799
          -1.02566
         -0.841214
          0.226549
##################### ACCEPTABLE SUBNET NUMBER: 70  #########################
           2.13809
 1
44
 1
46
         -0.590794
         -0.622661
          0.265287
           1.01568
           1.03459
##################### ACCEPTABLE SUBNET NUMBER: 71  #########################
           1.53504
 8
48
24
39
47
44
25
 9
43
12
34
26
13
10
29
45
46
33
38
20
 1
31
         -0.299091
          -0.40435
          0.478303
         -0.563615
          0.548284
         -0.996596
          -1.03542
          0.270123
         0.0432225
         0.0369215
         0.0366197
          0.622316
          0.704241
         0.0530581
          -1.19575
          -1.38339
          -0.51017
          -1.44958
          -1.41006
             0.441
         -0.413496
          -1.05566
         -0.220912
##################### ACCEPTABLE SUBNET NUMBER: 72  #########################
           2.25483
 6
42
21
34
16
48
24
 1
33
         0.0974919
          0.142003
        -0.0929347
          0.613016
         0.0709748
         -0.685145
          -1.24043
         -0.415954
          -1.00344
          0.595036
##################### ACCEPTABLE SUBNET NUMBER: 73  #########################
           2.29736
 1
22
 0
        -0.0668495
        -0.0153933
         -0.263522
          0.372516
##################### ACCEPTABLE SUBNET NUMBER: 74  #########################
           1.38084
 2
14
43
 2
49
22
         -0.419496
         -0.572828
         -0.249287
          0.183238
         -0.518513
        -0.0549019
          -1.06823
##################### ACCEPTABLE SUBNET NUMBER: 75  #########################
           1.70382
15
15
22
26
20
31
25
40
45
29
13
30
44
19
16
38
 1
41
        -0.0365325
        -0.0131452
          0.774477
          0.811364
         -0.184085
          -1.27242
         -0.227839
          -1.26334
        -0.0772044
          0.290133
         -0.656557
         -0.521818
          0.939776
          -1.17103
          0.446551
          -1.49542
         -0.126392
         -0.297052
           1.02597
----------Number of Acceptable Subnets found: 75 -----------
----------END FOR GENE 11 -----------
