File open successful. It contains: 
Finished reading file, will close now.
File x_dt open successful.
Finished reading file x_dt, will close now.
File sd_d open successful.
Finished reading file sd_d, will close now.
--------START FOR GENE 18 -----------
 Values arranged as error, n_ka, gene ids for ka, n_kd, gene ids for kd,
 r0, d, ea, ka_values, kd_values for each subnet. 
##################### ACCEPTABLE SUBNET NUMBER: 1  #########################
           2.67603
 2
50
49
 6
 8
46
23
36
40
28
           1.86297
            1.5335
             1.507
          0.838632
        0.00378927
           1.82927
           1.73159
          0.757274
           1.28662
        -0.0564641
          0.625704
##################### ACCEPTABLE SUBNET NUMBER: 2  #########################
          0.746832
 6
16
50
 9
 7
24
14
12
 6
31
 8
47
41
19
34
13
38
46
36
30
            1.1703
          0.372673
          -0.82528
          -0.25491
         0.0387016
           0.26547
         -0.162649
          -1.42409
         -0.573034
          0.423092
         -0.376294
         0.0335747
          0.203461
          0.102371
          -1.75681
         -0.361196
         -0.153858
         -0.947869
         -0.582196
         -0.507134
         -0.998034
##################### ACCEPTABLE SUBNET NUMBER: 3  #########################
            1.6971
 8
50
 3
10
24
 7
17
11
 5
18
 8
32
46
29
48
37
45
44
30
34
22
38
25
31
41
26
 6
20
           1.83364
           1.67257
           0.99625
           1.60874
          -1.39497
           1.33142
            1.5694
        -0.0552227
           1.02127
           1.12045
          0.268002
           1.88086
           1.09328
           1.53733
         -0.390109
         -0.609887
        0.00108517
          0.999699
          0.289062
         -0.134058
         0.0671998
           1.49005
          0.544067
        -0.0311224
          -1.49988
          -1.35728
         0.0617012
          -1.32063
          0.730665
##################### ACCEPTABLE SUBNET NUMBER: 4  #########################
           2.43536
 5
50
11
 3
16
 4
 8
 6
 8
31
44
40
25
37
26
           1.95188
           1.82862
          0.643222
           1.52962
          0.108218
          0.552114
          0.493006
          -1.16778
          0.879413
           1.45944
         -0.847427
           1.65443
          0.580905
         -0.484606
         -0.843299
         -0.636904
##################### ACCEPTABLE SUBNET NUMBER: 5  #########################
           2.61286
 5
 4
49
12
 7
16
14
 1
46
30
31
13
22
20
39
38
45
25
32
 8
47
           1.48263
           1.23846
           1.10317
         0.0755827
         -0.140615
         -0.157783
        -0.0847137
         -0.685549
           1.25566
           1.29527
          0.627612
           1.19683
          0.260123
         -0.921346
         -0.641177
          0.063944
          -1.20726
          0.542692
         0.0237055
          -1.34935
          0.970548
          -1.95665
##################### ACCEPTABLE SUBNET NUMBER: 6  #########################
           2.43231
 9
 4
 3
11
12
14
16
43
 7
 2
 7
 8
31
 6
45
19
29
48
          0.334407
         0.0155673
         -0.186683
          -1.40704
           0.29705
         -0.805447
          -0.88776
         -0.255246
        -0.0687278
          -0.83227
          -1.27654
          -1.58447
          0.665358
          -1.22036
         -0.996598
         -0.257881
        0.00786916
          -1.16954
          -1.53295
##################### ACCEPTABLE SUBNET NUMBER: 7  #########################
          0.805123
 3
50
 3
17
 3
37
41
 8
           1.64305
          0.842362
         -0.710071
          0.561266
          0.523699
         -0.459374
          0.911424
          0.586447
         -0.301223
##################### ACCEPTABLE SUBNET NUMBER: 8  #########################
            2.8024
 6
43
33
 3
14
16
 2
 3
31
30
20
          0.314745
         0.0423796
         -0.475987
          0.104257
         0.0797009
         0.0649075
          -1.67478
          -0.54255
           0.14561
          0.254891
          0.463928
         -0.503379
##################### ACCEPTABLE SUBNET NUMBER: 9  #########################
           2.26454
 7
16
11
 7
17
 4
33
 3
 6
31
41
20
40
22
19
          0.736729
          0.482728
         -0.327468
        -0.0219701
         -0.491429
         0.0561024
         -0.347492
          0.202144
      -0.000616372
          -1.09519
          0.255861
         0.0353459
         -0.523642
          0.196542
         0.0502809
         -0.616016
##################### ACCEPTABLE SUBNET NUMBER: 10  #########################
           0.91758
 8
17
10
16
 7
11
24
12
 4
 6
 6
44
21
45
29
41
          0.749983
          0.172588
        -0.0414866
          0.745001
          0.674137
           0.50303
          0.521261
          0.068381
         -0.999913
         -0.181565
          -1.38859
          0.791643
          0.975088
          0.352051
         0.0150611
          -1.48348
         -0.217996
##################### ACCEPTABLE SUBNET NUMBER: 11  #########################
          0.921511
10
 3
 9
50
 7
14
16
17
24
12
10
12
 8
38
23
13
41
20
21
37
44
22
45
40
           2.09553
           1.50349
           1.24666
           1.59688
           1.86211
        -0.0250843
          0.293702
          0.647209
         -0.558342
         -0.761849
          -1.02473
         -0.304323
          0.672236
           1.99994
           1.73631
           1.24373
         -0.572376
          -1.93894
           1.12023
            0.6804
          0.769927
          0.772719
        -0.0388191
          0.299696
         -0.515477
##################### ACCEPTABLE SUBNET NUMBER: 12  #########################
          0.943069
 3
 9
 3
33
 8
 8
46
38
19
44
31
28
37
          0.685756
        -0.0196224
         -0.247234
          0.421053
           0.39453
         -0.351762
          0.875725
          -1.60156
         -0.790987
          0.202206
         -0.246282
         -0.356108
          -1.20645
          -0.10793
##################### ACCEPTABLE SUBNET NUMBER: 13  #########################
           1.54605
 2
 4
16
 7
 8
46
19
34
41
44
30
          0.823749
          0.156842
         0.0417038
          0.338241
         0.0330024
           0.71681
         -0.584007
          -0.59191
          -1.03431
         0.0460972
          0.586074
          -1.13623
##################### ACCEPTABLE SUBNET NUMBER: 14  #########################
          0.746376
 3
17
16
10
 1
44
            1.9516
          0.313717
          0.277269
           0.92749
          0.670459
          0.881381
           1.43462
##################### ACCEPTABLE SUBNET NUMBER: 15  #########################
            2.0822
 5
50
12
14
10
 9
18
31
 6
37
46
29
39
47
38
19
34
41
28
32
45
44
13
 8
20
              2.13
            1.8395
           1.23915
           1.43735
         -0.490992
          -0.53941
         -0.113628
          0.556753
           1.56452
          -1.17673
         -0.447583
           1.48522
         -0.980874
         -0.638327
          -1.47009
         -0.510094
          -1.41982
         -0.139072
          0.296043
          0.257285
          -1.39156
         -0.127944
          0.162979
          0.380028
          0.476775
         -0.723985
##################### ACCEPTABLE SUBNET NUMBER: 16  #########################
           2.63191
 1
50
 5
44
20
39
25
23
           2.11637
           1.30595
          0.418645
           1.08103
           1.41831
        -0.0583066
          0.537079
         -0.844331
          -1.65717
##################### ACCEPTABLE SUBNET NUMBER: 17  #########################
           2.96849
 5
 4
50
24
16
12
14
 6
40
25
13
38
45
46
 8
26
37
19
31
48
22
           1.76126
           1.78891
          0.884174
          0.920605
          0.640652
            0.4752
         -0.179898
         -0.354995
           1.03134
         -0.403106
           -1.2519
           0.28943
         -0.128704
         -0.778452
          0.979542
         -0.287959
        -0.0537525
          -1.04481
          0.836745
          0.544764
         -0.816772
         -0.665034
##################### ACCEPTABLE SUBNET NUMBER: 18  #########################
           1.16593
 0
 4
41
19
 1
34
          0.664325
          -0.11841
          0.214118
          0.575901
          -1.13248
          0.957021
         -0.258301
##################### ACCEPTABLE SUBNET NUMBER: 19  #########################
           1.24745
 6
16
17
 7
10
43
 3
 2
 8
44
          0.690662
          0.172917
         -0.127595
          0.251513
          0.492562
          0.421582
          -1.35221
          -1.56718
         -0.514182
          0.665727
          0.705454
##################### ACCEPTABLE SUBNET NUMBER: 20  #########################
            2.4177
 6
 4
50
33
16
 7
10
 7
31
46
 1
 6
20
37
29
           1.52366
          0.899459
          0.306796
          0.353723
         -0.683027
         -0.409793
         -0.208737
          0.202695
          -3.44344
           0.63676
          0.603028
          0.206972
          -1.64532
         -0.466406
          -0.81553
         0.0070957
##################### ACCEPTABLE SUBNET NUMBER: 21  #########################
          0.641278
 2
 3
33
 7
21
44
31
13
45
30
 1
           2.06237
          0.689151
         -0.523511
          0.489807
          0.336715
          0.724822
          0.949483
         -0.892893
         -0.819385
         -0.853682
         -0.342787
          0.982972
##################### ACCEPTABLE SUBNET NUMBER: 22  #########################
           1.63151
 6
10
33
 4
 2
43
14
 5
37
22
36
45
25
           1.32422
          0.665708
          -1.24307
         -0.131529
         -0.140634
         0.0825728
          -1.91069
         -0.561529
          -1.49817
         -0.446672
          0.326004
          -0.51205
         -0.476868
           -1.8368
##################### ACCEPTABLE SUBNET NUMBER: 23  #########################
           1.46018
 4
50
16
10
17
 4
20
44
21
37
           2.24108
           1.09433
          -1.11772
        -0.0156021
         -0.279457
          -1.42201
         -0.993418
          0.358713
          0.388723
        -0.0785115
         -0.153927
##################### ACCEPTABLE SUBNET NUMBER: 24  #########################
           1.25797
 4
 2
 9
12
10
 6
31
 8
 6
44
13
39
           0.57537
        -0.0744998
         -0.736095
          0.523715
          0.376648
         -0.577304
          -1.59437
          0.349114
          0.502716
         -0.204921
         -0.242639
         -0.268755
          -1.36822
##################### ACCEPTABLE SUBNET NUMBER: 25  #########################
          0.979441
 2
12
 2
 2
 1
19
          0.862468
          0.185592
          -0.23773
          0.293752
          -1.16203
           0.75442
           0.49517
##################### ACCEPTABLE SUBNET NUMBER: 26  #########################
            2.2143
 3
 7
 3
17
14
 8
46
45
25
21
41
31
37
13
30
20
22
28
29
           1.97804
            1.4577
          0.474126
          0.455191
         -0.975878
          0.187819
           0.75425
          0.746557
          0.182667
          0.517648
         -0.922233
          -1.69662
           -1.4969
         -0.392415
        -0.0742559
          -1.06656
          0.338626
          0.234535
          0.465238
          0.611448
##################### ACCEPTABLE SUBNET NUMBER: 27  #########################
           2.10757
 6
 3
33
49
10
43
50
10
23
 8
39
19
22
13
30
44
37
48
          0.957502
          0.915536
         -0.294547
          0.464726
          0.104008
         -0.352197
          -0.34629
          -0.67145
           -1.1076
         -0.822944
          0.523773
         -0.428417
         -0.541575
          0.475934
          -1.09536
         -0.143869
         -0.886481
           0.04715
         -0.477482
##################### ACCEPTABLE SUBNET NUMBER: 28  #########################
           1.78981
 6
49
16
11
 3
10
50
19
 1
47
 6
46
34
 8
25
36
28
38
39
41
32
20
30
22
31
40
19
             2.137
           1.80163
          0.818805
           1.51739
           1.39322
           1.43461
         -0.322654
          -1.18532
          0.600628
           1.77027
           1.70172
         -0.552566
           -1.6539
           1.49549
          0.760933
          0.683781
         -0.281899
         -0.719966
         -0.121204
         0.0164706
         -0.852394
          -1.11795
          0.962777
          -1.83917
        -0.0454521
         -0.474167
         0.0294922
           0.82731
##################### ACCEPTABLE SUBNET NUMBER: 29  #########################
           2.82002
 3
16
 7
33
 9
25
41
 6
 8
36
44
28
34
32
           1.72442
           1.37467
          0.647012
          0.773736
         -0.849245
         -0.385508
          0.966727
          0.916056
          0.320781
          0.905712
          0.553784
           -1.1496
          0.432987
          0.176445
         -0.785414
##################### ACCEPTABLE SUBNET NUMBER: 30  #########################
           1.72681
 8
50
16
 7
10
33
 2
 9
43
 8
39
 8
22
38
 1
19
13
41
          0.463246
        -0.0295992
         -0.351781
         -0.159742
          0.233539
          0.248972
          0.324158
         -0.828724
          -1.06387
         -0.780193
         -0.658728
          0.426515
          -1.24108
         -0.540002
          -0.31037
          0.221238
         -0.639131
          -1.67624
           -2.5427
##################### ACCEPTABLE SUBNET NUMBER: 31  #########################
           1.34567
 6
16
 7
 3
50
 2
33
 7
31
34
39
13
46
37
 6
           1.89167
           1.63571
          0.553336
          0.576643
           1.00299
          0.990128
         -0.141564
          -1.04637
           0.94814
           1.11774
        -0.0880135
          0.145166
          0.511692
           1.05366
           -0.6728
          0.779451
##################### ACCEPTABLE SUBNET NUMBER: 32  #########################
            2.4882
 4
24
 7
17
 4
 8
 8
46
22
48
37
45
25
39
           1.90755
           1.47904
          0.993638
         -0.170422
          0.564292
         -0.945404
         -0.229986
           1.22228
           1.24546
         -0.880614
          0.271979
           1.11387
          0.852858
          0.237584
          -1.02157
##################### ACCEPTABLE SUBNET NUMBER: 33  #########################
           2.50946
 7
 7
14
17
42
11
 2
15
13
21
46
 6
29
31
40
22
45
34
19
 1
38
20
           2.03919
           1.75988
           1.02515
            1.0502
          0.467052
          0.644494
          -0.66476
          0.282742
          0.694123
          0.509879
           1.20414
           1.23157
          0.783795
          0.994857
           0.66128
           1.04016
          0.836289
          -0.22508
           0.28558
          -1.02371
         0.0664813
          0.517781
          -1.07203
##################### ACCEPTABLE SUBNET NUMBER: 34  #########################
           2.53596
 0
 4
46
36
21
32
           2.00109
           1.15106
           0.98807
             1.351
           1.28986
           1.24905
         -0.716361
##################### ACCEPTABLE SUBNET NUMBER: 35  #########################
           2.00878
 2
 2
 4
 8
44
 8
 1
41
 6
13
19
26
           1.73424
          0.355404
         -0.522876
          0.791796
        -0.0465763
          0.712781
          0.496255
          0.261633
          -1.22036
          0.128282
         -0.701866
          -1.30968
          -1.50538
##################### ACCEPTABLE SUBNET NUMBER: 36  #########################
           1.96963
 4
16
15
14
 4
 3
 6
44
 1
        -0.0181262
         -0.371202
         -0.941933
         0.0587137
          0.347794
         -0.506075
         -0.355384
          0.710428
         -0.552995
          -1.04196
##################### ACCEPTABLE SUBNET NUMBER: 37  #########################
           2.81277
 7
16
 7
 3
43
10
11
50
 4
30
40
26
 8
           1.32315
          0.951189
         0.0297559
          0.245768
         -0.792316
          0.403625
         -0.491991
         -0.804691
          -0.77591
         -0.106147
          0.448638
          0.571226
           -1.5175
         -0.987872
##################### ACCEPTABLE SUBNET NUMBER: 38  #########################
           1.63952
 5
16
 9
12
 7
17
 7
 1
13
20
19
29
36
 6
          0.593117
         0.0187353
         -0.301231
         -0.162288
          -1.54188
         0.0748015
         -0.112481
          -1.08376
          0.553482
         -0.586112
         -0.787583
         -0.281014
          0.248259
         -0.414251
         -0.679274
##################### ACCEPTABLE SUBNET NUMBER: 39  #########################
           1.74935
 2
 4
33
 1
22
           1.36268
           0.80321
         -0.404321
          0.194093
         -0.104769
           0.40889
##################### ACCEPTABLE SUBNET NUMBER: 40  #########################
           1.46913
 3
 7
16
 2
 2
31
34
          0.381181
         -0.268992
         -0.578228
        -0.0344349
        -0.0406245
          0.350887
          0.302518
          0.170935
##################### ACCEPTABLE SUBNET NUMBER: 41  #########################
           2.89019
 6
17
 7
50
24
10
 3
 4
 8
25
41
46
           1.33644
           1.57559
      -0.000206644
          0.844076
           0.64461
         -0.860671
         -0.202579
           -1.0255
          -1.14521
          0.530562
          0.270294
          0.411955
        0.00377508
##################### ACCEPTABLE SUBNET NUMBER: 42  #########################
           2.44663
10
11
17
33
 9
 7
 3
 2
10
14
49
16
45
46
13
 8
25
19
32
36
40
26
 1
22
31
44
 6
28
           1.95598
           1.60299
           1.23631
         -0.693492
           1.28575
          0.709421
           1.36568
           1.26156
         -0.241963
         -0.344281
         -0.409743
          0.238695
          -1.10727
           1.39892
           1.46533
          0.974286
           1.52813
         -0.874507
          0.918302
          0.696773
           -1.1276
          -1.12585
         -0.831745
         -0.386515
        0.00386448
         -0.918617
          0.763057
        -0.0187356
          0.584105
##################### ACCEPTABLE SUBNET NUMBER: 43  #########################
           1.94266
 5
16
10
12
14
 5
 2
 6
 1
           0.40743
         -0.459043
         -0.994624
         -0.188165
        -0.0636704
        -0.0717088
          -1.35633
          -2.41324
          0.521071
         -0.926864
##################### ACCEPTABLE SUBNET NUMBER: 44  #########################
           1.28848
10
50
17
10
 7
12
 2
 4
24
11
42
14
 6
44
30
13
47
21
46
32
26
34
20
37
39
 1
           1.85668
           1.67747
          0.911922
           1.48495
           1.47768
           1.03325
          0.070149
          0.459686
          0.977933
         -0.933367
         -0.341448
          0.680518
          0.116964
           1.43859
           1.41463
          0.722334
           1.59009
           1.20124
          -0.33255
           1.40201
          0.862718
         0.0350009
           0.38849
         -0.168531
          0.547228
           0.72511
         -0.488624
##################### ACCEPTABLE SUBNET NUMBER: 45  #########################
           1.83654
 3
33
 3
10
 3
30
41
40
           1.01927
          0.484479
         -0.918816
        -0.0971593
          -0.19542
        -0.0133495
          0.139576
        -0.0478721
         -0.618129
##################### ACCEPTABLE SUBNET NUMBER: 46  #########################
           2.59779
 4
 5
 4
10
17
 3
30
44
21
          0.935238
          0.587615
          0.372009
         -0.236711
          0.464551
          -1.74862
          0.644359
          0.740688
          0.809685
         0.0773791
##################### ACCEPTABLE SUBNET NUMBER: 47  #########################
           2.71849
 6
10
 3
16
12
50
17
 7
 8
46
22
44
31
 1
39
          0.785966
          0.426689
          0.341852
           0.42904
          0.444174
          -1.48195
          -1.23429
         -0.998579
        -0.0987121
          0.827096
          0.581582
        -0.0311384
         -0.215385
          -0.24866
          0.342476
         -0.485781
##################### ACCEPTABLE SUBNET NUMBER: 48  #########################
             2.771
 9
 4
16
 2
15
10
43
50
 7
24
10
38
37
 6
46
13
41
28
19
44
31
          0.743456
          0.537928
            1.2666
           1.63892
           1.15761
          0.522209
          -1.56767
         -0.224222
           0.79943
        -0.0772243
          0.154642
          -1.38332
          0.819457
            1.7594
          0.493178
         -0.486655
          0.961851
         -0.101811
          0.592571
          0.445166
          0.850012
          -2.10618
##################### ACCEPTABLE SUBNET NUMBER: 49  #########################
           2.47289
 2
 3
49
 4
 1
31
30
32
          0.332511
         0.0609218
           -0.7222
         -0.216549
          0.085867
          0.551422
         -0.544573
         -0.600116
          -2.59217
##################### ACCEPTABLE SUBNET NUMBER: 50  #########################
           2.80623
 4
 2
16
 3
 7
 5
37
36
31
22
41
          0.283949
        -0.0235424
         -0.297283
          0.620017
        -0.0838095
         -0.067147
         -0.253628
          0.285675
         -0.386247
          0.140884
         -0.301374
         -0.562039
##################### ACCEPTABLE SUBNET NUMBER: 51  #########################
           0.88968
 8
50
 4
17
24
49
16
 2
43
 5
37
44
25
19
38
           1.99156
            1.2712
         -0.616101
          0.545165
         -0.675852
          0.564803
         -0.492168
          -1.50151
          0.196303
         -0.902425
         -0.876125
          0.763502
          0.858533
          -0.99195
        -0.0763701
          -0.32661
##################### ACCEPTABLE SUBNET NUMBER: 52  #########################
           1.32502
 6
16
 9
 3
 7
10
49
 3
 6
44
40
          0.733263
         -0.152295
          0.132784
          0.223221
         -0.681405
          0.515144
        -0.0988859
         -0.216867
         -0.237375
           0.93397
          0.760493
          -1.53631
##################### ACCEPTABLE SUBNET NUMBER: 53  #########################
           1.76833
 8
33
11
50
10
 7
12
43
14
 3
44
 1
23
           1.56947
           0.21991
          0.787142
           1.18041
          0.872604
         -0.812114
          0.448694
           1.14048
          -1.05923
          -0.17474
           1.31531
           1.80299
         -0.270232
          -1.67347
##################### ACCEPTABLE SUBNET NUMBER: 54  #########################
           1.07674
 5
 2
33
16
 4
10
 1
44
           1.27845
          0.135524
         -0.376962
            1.1702
          0.451061
          0.283381
         -0.307065
          -1.42674
           1.09711
##################### ACCEPTABLE SUBNET NUMBER: 55  #########################
           2.65602
 5
50
17
 9
 2
 4
14
 6
41
39
38
40
20
 1
44
30
45
23
34
48
21
           1.18652
             1.174
          0.547591
           1.19164
          -1.24814
          0.809442
          0.409854
         -0.641713
           1.09488
          0.307603
          0.154179
          0.641104
          -0.62028
          -1.03695
          -1.70857
           1.27312
          0.436261
         -0.358055
         -0.546705
          -1.17466
         -0.225677
          0.787223
##################### ACCEPTABLE SUBNET NUMBER: 56  #########################
           1.15991
 7
15
 4
50
12
 9
24
 7
 5
37
 1
40
46
 8
           1.17022
          0.637158
         0.0929322
          0.348872
          0.460152
          0.134532
          -0.67729
          0.569569
          -1.33224
          -1.50747
          0.639145
          0.920016
         -0.224619
          0.302517
          0.234888
##################### ACCEPTABLE SUBNET NUMBER: 57  #########################
           2.78797
 9
 3
 5
16
43
12
15
10
 7
17
10
37
 8
 6
46
13
40
41
20
44
31
           1.93498
           1.89621
            1.5784
         -0.154272
         -0.347005
          0.202853
          -1.16607
          -1.50081
          0.803528
         -0.515595
            1.3519
           0.64968
          0.716471
           1.79595
          0.933833
           1.70276
         0.0853469
         -0.510203
          -1.16173
         -0.837627
          -0.34934
         -0.112259
##################### ACCEPTABLE SUBNET NUMBER: 58  #########################
           1.83281
 4
33
 7
17
 3
13
36
46
 1
39
38
48
19
21
32
31
45
 6
29
           1.43672
          0.701007
           0.44775
          0.571605
          0.190377
          -1.25925
         -0.352159
          0.705258
          0.867504
          0.774036
          0.574289
         -0.234991
          -1.06766
          0.211939
           -1.3177
         -0.315706
           -1.1436
         -0.513274
          -1.48473
          -1.93138
##################### ACCEPTABLE SUBNET NUMBER: 59  #########################
           1.45302
 6
12
14
50
 5
17
 3
 3
 1
46
19
          0.534586
          0.207337
         -0.204717
          0.444103
        -0.0812682
         -0.277548
          0.288739
         -0.455007
         0.0514818
          0.934369
         -0.523042
          -2.10025
##################### ACCEPTABLE SUBNET NUMBER: 60  #########################
           2.45651
 3
42
33
 2
 6
44
13
 6
31
34
29
          0.710994
         -0.188935
          0.158404
          0.246419
          -1.27538
          0.766091
          0.792096
          0.116495
        -0.0373525
            0.1333
          0.101024
          0.292789
##################### ACCEPTABLE SUBNET NUMBER: 61  #########################
           1.63993
 5
16
10
 2
 7
14
11
13
19
39
 8
 1
36
44
29
45
21
31
          0.515513
         -0.168324
        -0.0786661
          0.330181
          0.446642
          -1.59701
          -0.34664
         0.0816798
         0.0789347
         -0.229814
          0.571517
          0.470558
          0.364927
           0.19724
         -0.617496
          0.201117
         -0.507447
         -0.276763
          -0.17162
##################### ACCEPTABLE SUBNET NUMBER: 62  #########################
           0.64997
 3
 3
50
16
 6
46
20
 8
41
 6
37
           1.87656
           1.02261
           0.28833
         -0.107255
           0.84569
          0.357461
          0.943561
          0.984889
          -0.55215
          0.248857
           0.68216
           1.12369
##################### ACCEPTABLE SUBNET NUMBER: 63  #########################
          0.708817
 4
 5
33
14
 3
 5
 1
36
19
28
13
          0.454474
        -0.0474268
         -0.338993
          0.470091
         -0.187624
         -0.526748
          0.355013
           1.08783
         -0.199228
          0.200069
         -0.792968
          0.215927
##################### ACCEPTABLE SUBNET NUMBER: 64  #########################
          0.937026
 5
 9
15
 4
10
 3
 4
 8
 6
29
30
          0.546076
        0.00405838
         -0.751867
          0.509411
          0.459856
          0.304413
          -2.12406
         -0.380251
          0.924411
           0.41663
        -0.0463916
          -1.08743
##################### ACCEPTABLE SUBNET NUMBER: 65  #########################
           1.83613
 4
17
 7
 3
 4
 5
44
37
40
 1
45
           1.37382
          0.731238
          0.376313
          0.714163
          0.230818
          -1.51244
         -0.948944
          0.921715
          0.775533
          -1.00719
         -0.292952
          -2.33648
##################### ACCEPTABLE SUBNET NUMBER: 66  #########################
          0.799962
11
11
10
12
15
14
33
50
 9
 7
16
 3
 2
44
 8
          0.957687
          0.287573
         -0.348584
          -1.31403
         -0.616038
          -1.03297
          0.222831
           0.49679
          0.269626
          0.255364
          0.331315
           0.21607
          -1.02725
          -1.39783
          0.730164
          0.786161
##################### ACCEPTABLE SUBNET NUMBER: 67  #########################
           1.60931
 7
50
 2
49
15
11
 7
24
 9
26
13
21
37
48
31
40
 8
25
           2.08193
           1.75334
           1.18657
           1.89046
         -0.847191
         -0.508388
         -0.188228
         -0.233685
         -0.420358
         -0.658534
           1.78407
          0.521855
         -0.436185
            2.0386
          0.655663
        -0.0232842
          -0.38341
          0.191209
         -0.512384
##################### ACCEPTABLE SUBNET NUMBER: 68  #########################
           2.54149
 2
50
10
10
48
21
36
41
44
13
37
29
22
 6
           1.99906
           1.83681
           1.03435
            1.6831
          0.553716
          0.487516
           1.58074
          0.901561
           1.22016
           1.82183
         -0.277115
           1.17893
          0.275732
          -1.14142
         -0.626098
##################### ACCEPTABLE SUBNET NUMBER: 69  #########################
           1.51747
 3
50
15
16
 7
38
37
26
30
46
 6
19
           1.99071
           1.44945
           1.00225
           1.87052
          0.316938
         -0.634915
           1.36173
           2.07721
            1.8276
          0.326965
          0.413865
          -1.06872
         -0.610632
##################### ACCEPTABLE SUBNET NUMBER: 70  #########################
           2.36336
 4
 7
 9
16
14
 5
 6
31
46
45
 1
           2.06486
           1.53363
           1.21573
           1.25545
          0.786063
          -1.34081
         -0.334531
          0.401709
           1.41348
           1.50196
          0.246893
          0.662874
##################### ACCEPTABLE SUBNET NUMBER: 71  #########################
          0.740477
 3
14
33
12
 8
37
20
21
45
44
48
47
 8
           1.16267
          0.674179
          0.400428
           1.02185
          0.806139
         -0.503463
          0.750036
          -1.84405
          0.320802
         -0.200436
           1.15587
          -1.04267
          0.932024
           1.13424
##################### ACCEPTABLE SUBNET NUMBER: 72  #########################
           2.67695
 2
 7
 9
 2
 8
48
          0.204849
           -0.2867
         -0.252895
         -0.592276
           0.27189
          0.406518
           -1.5115
##################### ACCEPTABLE SUBNET NUMBER: 73  #########################
           1.77073
 2
17
33
 8
31
41
26
28
32
30
25
29
           2.17921
           1.60972
          0.500348
          0.992037
          0.746006
           1.14984
          0.959347
         -0.983984
          -1.49998
          0.244072
         -0.539035
         -0.366758
          0.668853
##################### ACCEPTABLE SUBNET NUMBER: 74  #########################
           2.59951
 7
16
10
 3
 4
 5
 7
27
 1
 6
           1.57559
         -0.396028
          -1.06015
          -0.52162
         -0.324838
          -1.54879
          -1.42231
          -1.47229
          -1.52225
          -1.81244
        -0.0526019
##################### ACCEPTABLE SUBNET NUMBER: 75  #########################
           1.23735
 5
33
 7
12
 2
 3
 6
46
 8
 6
29
31
36
           2.23635
           1.85946
           1.59163
            1.9227
           2.06662
           1.01437
           1.25224
           1.24628
           2.10304
         -0.164451
         -0.946734
          0.851391
          -2.18053
         -0.194822
----------Number of Acceptable Subnets found: 75 -----------
----------END FOR GENE 18 -----------
--------START FOR GENE 19 -----------
 Values arranged as error, n_ka, gene ids for ka, n_kd, gene ids for kd,
 r0, d, ea, ka_values, kd_values for each subnet. 
##################### ACCEPTABLE SUBNET NUMBER: 1  #########################
          0.983878
 6
24
22
26
27
31
30
 0
          0.772551
          0.965301
         -0.326355
        -0.0525704
          0.109058
        -0.0194883
          -1.11979
          -1.76669
          -1.76847
##################### ACCEPTABLE SUBNET NUMBER: 2  #########################
           1.10529
 5
33
20
31
45
35
 0
           1.71948
           1.54707
         -0.175882
         -0.702341
        -0.0403695
          -1.08752
          -1.53492
         -0.220093
##################### ACCEPTABLE SUBNET NUMBER: 3  #########################
            1.4547
10
27
23
24
29
31
30
22
49
46
 2
 2
25
 3
         -0.777257
         -0.363801
           0.84325
          -1.00424
         -0.465175
         -0.488418
          -1.96133
          -1.00145
          -1.90893
           1.32477
          -1.13203
          -1.15005
          0.125898
           1.06103
          0.121207
##################### ACCEPTABLE SUBNET NUMBER: 4  #########################
          0.679759
 2
46
 2
 1
25
          0.483107
           0.11705
         -0.231227
          -1.55348
           0.40293
         -0.217148
##################### ACCEPTABLE SUBNET NUMBER: 5  #########################
            2.7285
 0
 0
          0.327229
          -0.94537
         -0.457613
##################### ACCEPTABLE SUBNET NUMBER: 6  #########################
            1.5853
 0
 2
25
50
          0.217359
          -1.09688
         -0.423988
           0.26251
          -1.95387
##################### ACCEPTABLE SUBNET NUMBER: 7  #########################
           2.32223
18
32
42
46
40
38
35
31
30
29
27
20
21
14
22
24
 1
45
47
12
17
15
13
18
11
36
43
34
44
25
28
48
          -1.43691
         -0.945435
         -0.739474
          0.163802
          0.760334
           0.76009
         -0.348936
         -0.354084
          0.764539
          -0.35074
          0.766063
         -0.351148
          0.763735
          0.623544
           0.63294
          0.624294
          0.631925
         -0.743709
         -0.724794
         -0.563543
          0.382739
         -0.386684
          -0.38947
         -0.389184
         -0.390349
          0.770775
         -0.387056
         -0.727681
          -0.72808
         -0.729429
          0.568073
          0.543004
          0.572447
##################### ACCEPTABLE SUBNET NUMBER: 8  #########################
           1.04299
 3
22
29
41
 0
          0.759599
           1.06717
        -0.0621921
         0.0837827
          0.378991
          -1.24893
##################### ACCEPTABLE SUBNET NUMBER: 9  #########################
           1.02289
 1
29
 0
          0.504346
          0.808325
        -0.0618613
          0.377625
##################### ACCEPTABLE SUBNET NUMBER: 10  #########################
          0.812094
 2
22
42
 2
36
 8
           1.30085
           1.47311
        -0.0136856
          0.331584
          -1.09785
          0.261888
         -0.252321
##################### ACCEPTABLE SUBNET NUMBER: 11  #########################
             1.719
17
46
39
41
26
27
24
22
29
32
35
14
 2
16
30
33
38
31
 6
48
 6
13
12
36
34
          -1.05726
         -0.691693
          0.137082
            1.4407
          -1.05791
          0.210789
          0.191195
          -1.12855
           1.68021
          0.529699
          -1.02081
          -1.01335
          0.498325
          -0.99152
          0.983407
            0.4084
         -0.166915
          0.609777
          0.538184
          0.844289
           1.50951
          0.678153
           0.46641
          0.188388
          0.842299
           1.03434
##################### ACCEPTABLE SUBNET NUMBER: 12  #########################
           2.72848
 1
31
 0
          -1.50928
         -0.945487
           0.23153
           3.68032
##################### ACCEPTABLE SUBNET NUMBER: 13  #########################
           1.10046
 1
27
 0
           1.13346
          0.523152
         -0.294757
         -0.258223
##################### ACCEPTABLE SUBNET NUMBER: 14  #########################
           1.18442
 3
38
31
46
 1
 8
           1.47706
          0.944881
         -0.297362
          -1.37977
         -0.246718
         -0.393524
         -0.106212
##################### ACCEPTABLE SUBNET NUMBER: 15  #########################
           1.39514
 2
49
45
 0
           1.02929
          0.739467
         -0.215008
          -1.53143
         -0.194735
##################### ACCEPTABLE SUBNET NUMBER: 16  #########################
           2.27942
 3
 2
 7
 9
 0
          -1.75569
          -1.29328
         -0.114849
         -0.573808
          0.533155
         0.0715274
##################### ACCEPTABLE SUBNET NUMBER: 17  #########################
          0.732742
 4
 2
38
 9
46
 0
           2.59918
           1.41205
         -0.691027
          0.309257
          -1.34583
         -0.294592
          -0.57642
##################### ACCEPTABLE SUBNET NUMBER: 18  #########################
           2.72848
 9
42
38
41
31
45
16
14
49
46
 0
          -1.50926
         -0.945493
          -1.43318
           3.55165
          -2.11499
          -2.11499
          -2.11499
          -2.11499
          0.445177
          0.445177
         -0.513085
           1.44742
##################### ACCEPTABLE SUBNET NUMBER: 19  #########################
           1.41674
16
 7
29
27
26
31
33
24
23
22
41
40
39
 2
 1
42
32
 3
28
 5
36
           1.29021
           1.44507
           1.11083
          0.377739
         -0.621761
            1.3822
         -0.952142
          -0.66912
         -0.632847
          -1.20253
           1.06672
          0.966074
          0.671075
          0.413704
          0.652379
           1.48096
          -1.01563
          0.261652
         -0.345638
           1.62614
          0.649486
         -0.431627
##################### ACCEPTABLE SUBNET NUMBER: 20  #########################
          0.606357
 5
22
24
46
45
20
 1
25
          0.485425
          0.336953
         -0.370284
          -1.08395
          -0.57128
         -0.108152
         -0.583415
         0.0676166
         -0.110566
##################### ACCEPTABLE SUBNET NUMBER: 21  #########################
          0.748043
 6
20
22
35
47
46
26
 0
          0.406524
          0.132741
         -0.667375
         0.0199756
         -0.651132
         -0.832901
          -1.19997
         -0.145576
         -0.482911
##################### ACCEPTABLE SUBNET NUMBER: 22  #########################
           1.09297
 2
 7
29
 0
          0.307334
          0.079909
         -0.188186
          -1.23624
         -0.162644
##################### ACCEPTABLE SUBNET NUMBER: 23  #########################
           2.72279
 1
21
 0
          0.613549
         -0.921791
         -0.523439
         -0.859889
##################### ACCEPTABLE SUBNET NUMBER: 24  #########################
          0.740368
13
14
27
26
30
46
16
29
23
22
24
 9
40
32
 1
25
          0.666088
          0.942146
       -0.00412617
          0.398444
          -1.16834
         -0.188255
         -0.209572
         -0.827696
         -0.558261
         -0.147868
         -0.736008
         -0.715956
         -0.130318
         -0.671211
         -0.336317
         -0.243513
         0.0708103
##################### ACCEPTABLE SUBNET NUMBER: 25  #########################
          0.693499
 2
49
35
 1
25
          0.749829
          0.987419
         -0.031892
         0.0204258
          0.140636
         0.0589011
##################### ACCEPTABLE SUBNET NUMBER: 26  #########################
           1.13091
 4
35
20
41
22
 0
         -0.761081
         -0.540193
         -0.727394
          0.103759
          -1.68827
         0.0580882
          -1.80827
##################### ACCEPTABLE SUBNET NUMBER: 27  #########################
           2.72849
 0
 0
         -0.165558
         -0.943693
         -0.330313
##################### ACCEPTABLE SUBNET NUMBER: 28  #########################
            1.2317
 6
 7
27
32
22
21
23
 2
10
 8
          0.857773
           1.23235
         -0.340552
          0.342265
          0.357544
         -0.991811
        0.00732973
          -1.07797
       -0.00758551
         -0.781653
          -2.43593
##################### ACCEPTABLE SUBNET NUMBER: 29  #########################
           2.50474
 1
16
 1
17
            1.2546
          -1.60649
         -0.410452
          -1.82904
           1.34416
##################### ACCEPTABLE SUBNET NUMBER: 30  #########################
           2.45777
 1
35
 0
          -1.34863
         -0.905016
          -1.30082
          0.406801
##################### ACCEPTABLE SUBNET NUMBER: 31  #########################
           2.72703
 2
23
45
 0
         -0.252178
         -0.920364
         -0.300952
          -2.29623
         -0.771004
##################### ACCEPTABLE SUBNET NUMBER: 32  #########################
          0.988632
 8
 2
14
35
33
47
46
39
 7
 3
36
48
28
          0.133905
          0.413313
          -0.19859
          0.311698
         -0.286697
          0.361233
         -0.573468
          -3.27351
          -3.27362
         -0.251253
         -0.532463
          0.221599
         -0.235823
         -0.220263
##################### ACCEPTABLE SUBNET NUMBER: 33  #########################
           1.42149
 5
45
26
27
24
31
 0
           1.01164
          0.917865
         -0.157183
         -0.119914
         -0.799755
         -0.803812
          -1.72837
          -1.54583
##################### ACCEPTABLE SUBNET NUMBER: 34  #########################
           1.13807
 1
35
 0
          0.305085
          0.654422
         -0.217215
          0.358585
##################### ACCEPTABLE SUBNET NUMBER: 35  #########################
           2.62815
 1
35
 0
          -1.48928
         -0.948428
          -1.12963
          0.623014
##################### ACCEPTABLE SUBNET NUMBER: 36  #########################
          0.728201
 7
41
40
47
46
35
30
45
 1
25
          0.917322
           1.18469
        -0.0366799
         -0.290641
          -1.27234
          -1.68246
          -1.88958
          0.150699
         0.0756427
          0.135885
          0.100889
##################### ACCEPTABLE SUBNET NUMBER: 37  #########################
          0.744157
 6
27
20
33
39
38
21
 3
25
50
44
           1.23092
           1.03251
         -0.197986
         -0.312261
          0.721754
          -1.83242
          0.309426
        -0.0533646
         -0.503233
          0.579811
          0.592693
           0.56383
##################### ACCEPTABLE SUBNET NUMBER: 38  #########################
           0.87642
11
27
32
30
33
29
 1
41
14
 2
46
24
 3
28
 4
12
          0.814635
           0.94403
         -0.122448
          -1.30232
          -0.38384
         -0.139607
          -0.36716
         0.0425409
         -0.134685
          -0.10695
           -1.5518
          -1.67977
          -1.06018
          -1.35736
         -0.265836
         -0.831472
          -1.58339
##################### ACCEPTABLE SUBNET NUMBER: 39  #########################
           2.22714
 2
49
38
 1
11
          -1.70998
          -1.25214
          0.189937
           1.16992
          -1.34778
            1.2848
##################### ACCEPTABLE SUBNET NUMBER: 40  #########################
          0.744481
 5
27
49
 7
46
14
 2
 8
34
          0.771193
          0.757432
         -0.183056
        -0.0118202
         -0.438881
         -0.112736
         -0.172387
         -0.509444
          -1.46116
        -0.0826491
##################### ACCEPTABLE SUBNET NUMBER: 41  #########################
           1.30751
 3
35
33
16
 0
        -0.0897724
          0.111614
        -0.0551971
         0.0553935
         -0.368389
          -1.21501
##################### ACCEPTABLE SUBNET NUMBER: 42  #########################
           1.07596
 3
14
22
 7
 1
 8
           0.24763
           0.33213
        -0.0867947
         -0.763194
        -0.0185963
         -0.356328
         -0.356328
##################### ACCEPTABLE SUBNET NUMBER: 43  #########################
           2.45844
 1
 7
 1
18
          0.181512
          -1.58603
          -1.14923
         -0.436989
          -1.83192
##################### ACCEPTABLE SUBNET NUMBER: 44  #########################
          0.702629
 5
38
49
47
20
21
 3
 5
 6
48
          0.576247
          0.866816
         0.0603061
         -0.514722
          0.274824
          -1.08409
          0.460053
         -0.916322
         -0.281943
         0.0587156
          0.233507
##################### ACCEPTABLE SUBNET NUMBER: 45  #########################
           2.72846
 2
40
31
 0
          -1.50443
         -0.945356
          0.489407
          -1.13428
         0.0469791
##################### ACCEPTABLE SUBNET NUMBER: 46  #########################
          0.727781
 1
 2
 0
         -0.135136
        -0.0654327
         -0.183708
          0.629532
##################### ACCEPTABLE SUBNET NUMBER: 47  #########################
            2.6997
 3
31
30
16
 1
18
         -0.655619
         -0.856263
         -0.168034
         -0.755891
         -0.265781
          -1.81997
         -0.480345
##################### ACCEPTABLE SUBNET NUMBER: 48  #########################
          0.727491
 7
30
22
24
26
29
49
47
 2
25
34
         -0.072246
          0.237926
          -1.15061
         0.0576083
         0.0365274
          0.236267
        -0.0505593
          0.312904
         0.0453902
          0.170448
          0.191715
         -0.689477
##################### ACCEPTABLE SUBNET NUMBER: 49  #########################
           1.07745
 4
39
22
26
 2
 0
           1.28947
           1.45059
        -0.0650959
           -0.3544
         0.0669195
         -0.362148
         0.0804223
##################### ACCEPTABLE SUBNET NUMBER: 50  #########################
           2.94145
 2
33
39
 0
          -1.91468
           -1.2663
          -1.23196
         -0.127414
           1.59112
##################### ACCEPTABLE SUBNET NUMBER: 51  #########################
          0.694753
 6
24
41
 1
39
23
 7
 1
48
          0.701699
           1.03102
          0.115456
          0.225905
         -0.172917
          -1.01613
         -0.481952
          0.443181
         -0.606782
          0.195987
##################### ACCEPTABLE SUBNET NUMBER: 52  #########################
           2.10632
10
 7
20
21
22
23
24
16
26
45
29
 0
          -1.78641
          -1.31027
         -0.572127
          0.534022
         -0.983234
        -0.0013267
          -1.72704
        -0.0122399
          -1.70079
          -1.61549
          -1.69943
         -0.250898
        -0.0231764
##################### ACCEPTABLE SUBNET NUMBER: 53  #########################
           2.72586
 1
38
 0
           -1.5167
         -0.952462
           -1.8824
           1.00146
##################### ACCEPTABLE SUBNET NUMBER: 54  #########################
           2.72848
 3
31
30
21
 0
          -1.50912
         -0.945377
         -0.436063
           3.57996
         -0.478718
         -0.894135
##################### ACCEPTABLE SUBNET NUMBER: 55  #########################
           2.49363
 1
 7
 0
          -1.21603
          -1.23804
         -0.156434
        -0.0580851
##################### ACCEPTABLE SUBNET NUMBER: 56  #########################
           0.85865
 3
35
23
26
 1
 8
          0.431509
          0.693652
         -0.314329
          0.317767
          -0.81007
           -1.1018
          0.226661
##################### ACCEPTABLE SUBNET NUMBER: 57  #########################
          0.700456
 4
47
 7
29
46
 0
           1.67029
           1.95281
         -0.311222
         -0.657935
        -0.0256452
          0.281506
         0.0224915
##################### ACCEPTABLE SUBNET NUMBER: 58  #########################
           1.22942
 1
35
 0
          0.804074
           1.03428
        -0.0416362
         0.0855095
##################### ACCEPTABLE SUBNET NUMBER: 59  #########################
           1.33746
 2
27
26
 0
        -0.0942465
        -0.0618337
         -0.107815
        -0.0410952
          -1.21135
##################### ACCEPTABLE SUBNET NUMBER: 60  #########################
           2.95654
 1
30
 2
25
 8
          0.362974
           0.83782
          0.840091
         -0.026783
           0.70396
          -1.22713
##################### ACCEPTABLE SUBNET NUMBER: 61  #########################
           1.03513
 3
 1
29
35
 1
 4
          0.683634
          0.989467
        -0.0657898
         -0.067655
          0.383191
         -0.768512
         -0.775894
##################### ACCEPTABLE SUBNET NUMBER: 62  #########################
          0.987491
 9
29
45
31
40
49
 2
33
42
39
 3
44
25
50
        -0.0299357
          0.248748
          0.787729
           1.24222
          0.438448
          -0.80917
          0.432717
         -0.439539
         -0.270308
          -1.12894
          0.264373
         -0.416606
           1.09805
          0.888531
         -0.232046
##################### ACCEPTABLE SUBNET NUMBER: 63  #########################
           2.72849
 1
33
 0
          -1.50875
         -0.944725
          -1.08462
            2.2594
##################### ACCEPTABLE SUBNET NUMBER: 64  #########################
           2.72848
 1
32
 0
          -1.50946
         -0.945653
          -1.11711
           2.20623
##################### ACCEPTABLE SUBNET NUMBER: 65  #########################
           1.03273
 3
29
49
35
 0
          0.825061
           1.12599
        -0.0683215
          0.371233
          -1.14162
        -0.0232491
##################### ACCEPTABLE SUBNET NUMBER: 66  #########################
           1.00988
 6
 1
 2
22
33
32
 7
 3
25
34
44
          0.424754
          0.789403
         0.0106042
          0.620891
          0.785497
         -0.728579
         -0.325517
         -0.346372
         -0.285591
          0.131986
         -0.622625
          -1.12641
##################### ACCEPTABLE SUBNET NUMBER: 67  #########################
          0.733924
 4
27
26
 7
33
 0
           0.60885
          0.461689
         -0.386179
        -0.0365497
         -0.162733
         -0.221133
           -1.1788
##################### ACCEPTABLE SUBNET NUMBER: 68  #########################
          0.743215
 5
49
47
39
38
24
 1
48
        -0.0333214
          0.133154
        0.00393673
        -0.0768635
          -1.25895
          -1.13893
         0.0406052
         -0.660373
          0.142398
##################### ACCEPTABLE SUBNET NUMBER: 69  #########################
          0.810905
 3
27
49
24
 3
50
48
25
         -0.338767
         -0.688412
         -0.188226
         -0.260725
          -1.40371
         -0.281241
         -0.652589
         -0.600076
          0.158627
##################### ACCEPTABLE SUBNET NUMBER: 70  #########################
           1.09839
11
24
 2
21
22
26
 1
29
30
46
45
41
 2
36
11
          0.292881
          0.286376
         -0.118884
         -0.526897
         0.0724092
         -0.538472
        -0.0190567
          -1.24408
         -0.581164
         -0.619416
         -0.524471
          -1.58737
          -1.60135
          -0.51791
            -1.202
        -0.0823873
##################### ACCEPTABLE SUBNET NUMBER: 71  #########################
           2.72848
 1
24
 0
          -1.50589
         -0.945651
          0.521396
          -1.51689
##################### ACCEPTABLE SUBNET NUMBER: 72  #########################
           2.69771
 1
35
 0
        0.00100041
         -0.987521
         -0.396452
           -0.5441
##################### ACCEPTABLE SUBNET NUMBER: 73  #########################
          0.727057
 7
 2
30
29
31
27
32
26
 0
          0.358629
         -0.592582
          -1.79747
        -0.0667965
          -1.04963
           -1.3029
         -0.934266
          -1.30349
         -0.354917
          -1.84874
##################### ACCEPTABLE SUBNET NUMBER: 74  #########################
           1.40656
 1
29
 0
         -0.790826
         -0.416273
          -1.19196
          0.498596
##################### ACCEPTABLE SUBNET NUMBER: 75  #########################
            2.4185
 6
27
29
26
30
20
 7
 0
           -1.3207
          -1.27862
          -1.57628
          -0.22435
           -1.8928
        -0.0507977
           -1.1161
         -0.158042
          -1.67382
----------Number of Acceptable Subnets found: 75 -----------
----------END FOR GENE 19 -----------
