File open successful. It contains: 
Finished reading file, will close now.
File x_dt open successful.
Finished reading file x_dt, will close now.
File sd_d open successful.
Finished reading file sd_d, will close now.
--------START FOR GENE 21 -----------
 Values arranged as error, n_ka, gene ids for ka, n_kd, gene ids for kd,
 r0, d, ea, ka_values, kd_values for each subnet. 
##################### ACCEPTABLE SUBNET NUMBER: 1  #########################
           2.06039
16
13
 5
19
40
23
39
 8
49
25
44
42
32
31
12
47
14
 5
16
46
 3
50
 2
            1.0427
          0.983924
           0.77978
         -0.572291
         -0.835631
          0.575792
          0.415782
          0.315581
          -1.19519
         -0.514441
          -1.92756
          0.595338
           -1.4726
          0.520305
         -0.564439
       -0.00299545
          -1.18119
         -0.413496
          -1.29153
          0.592397
          0.961721
         -0.298042
          -1.01428
            1.1146
##################### ACCEPTABLE SUBNET NUMBER: 2  #########################
           1.41783
16
47
35
 5
28
43
42
23
22
 1
40
26
49
24
13
17
29
 2
46
16
           1.54743
            1.5553
           1.48878
           1.72189
         -0.876682
          0.446553
          -1.12134
           1.77046
            -0.192
        -0.0394074
         -0.994358
         -0.522416
          0.423855
          0.151493
          0.582927
          -0.42967
          -1.17348
          -1.70643
         -0.418349
           1.78009
            1.5064
##################### ACCEPTABLE SUBNET NUMBER: 3  #########################
           1.35537
 9
13
47
24
 6
40
32
 1
35
 5
 5
46
 9
 2
16
38
          0.984522
          0.913715
          0.727484
          0.599953
          0.898622
         -0.601774
         -0.837274
         -0.958726
         -0.303547
           -1.1919
          0.100565
         -0.581544
          0.968411
           1.13113
          0.750946
          0.665998
          -0.24691
##################### ACCEPTABLE SUBNET NUMBER: 4  #########################
           1.99662
16
31
43
47
35
 6
13
42
 1
37
32
14
10
 5
 8
19
 7
 2
 2
46
           1.78619
           1.80322
          0.783013
           1.03795
           1.14203
           1.53268
          0.484811
          0.590576
          0.394029
          0.297465
        0.00255094
          0.621839
        -0.0337104
          -1.13536
           1.31283
          -1.33204
         -0.471494
          0.242654
         -0.712878
           0.70612
           1.51749
##################### ACCEPTABLE SUBNET NUMBER: 5  #########################
          0.486359
 4
19
32
47
39
 2
 2
46
           1.57328
          0.884868
         -0.226815
         -0.203961
         -0.946423
         -0.178099
           -1.5948
          0.658286
         0.0939125
##################### ACCEPTABLE SUBNET NUMBER: 6  #########################
          0.668208
 8
13
17
32
35
26
42
48
 7
 5
 2
46
36
 4
 9
            1.7689
           1.39474
         -0.538568
         0.0665797
         -0.278496
         -0.174503
         -0.629702
          -1.18069
         -0.289796
         -0.178673
         -0.259181
          0.762576
         -0.714572
         -0.448839
          -1.57255
          0.110277
##################### ACCEPTABLE SUBNET NUMBER: 7  #########################
          0.978701
 8
26
25
19
32
10
20
42
34
 4
 9
27
16
 2
           1.24135
          0.691815
          -1.12275
         -0.302578
         -0.118498
         0.0204992
         -0.379994
         -0.361199
          -1.19501
          -1.06659
          -1.22172
          0.425124
         0.0602758
         -0.174706
         -0.791383
##################### ACCEPTABLE SUBNET NUMBER: 8  #########################
           1.27611
 4
37
22
32
 5
 1
46
           1.07672
          0.956548
         -0.151763
         -0.324963
         -0.572062
        -0.0560244
         0.0987035
          0.134844
##################### ACCEPTABLE SUBNET NUMBER: 9  #########################
           2.37999
 4
44
42
32
25
 2
46
27
          0.871111
          0.732489
          0.301647
        -0.0643105
          -1.18759
         -0.667669
         -0.218499
          0.507111
          0.095324
##################### ACCEPTABLE SUBNET NUMBER: 10  #########################
           1.19436
 3
19
47
48
 1
 2
           2.00347
           1.15112
         -0.379095
         -0.200089
         -0.332956
         -0.388553
          0.626303
##################### ACCEPTABLE SUBNET NUMBER: 11  #########################
           1.78187
13
47
 6
32
28
43
14
44
48
17
23
13
33
 5
 5
46
16
 3
 9
38
           1.51337
           1.52561
         -0.882425
          0.820087
         -0.335902
         -0.119668
          0.796906
         0.0604133
          0.322501
          -1.75797
         -0.990048
          0.636985
         -0.840054
         -0.422887
         -0.560441
          -1.34124
          0.791483
          0.605008
          0.269963
          0.459596
         0.0399423
##################### ACCEPTABLE SUBNET NUMBER: 12  #########################
           1.39767
 5
23
 5
25
22
28
 1
 9
           1.26495
          0.915939
         -0.219525
          -0.08815
        -0.0677536
         -0.226502
          -1.23997
         -0.618982
          0.345676
##################### ACCEPTABLE SUBNET NUMBER: 13  #########################
           1.20243
 9
40
 6
13
43
23
19
49
48
14
 2
46
 2
           1.52261
            1.2781
         0.0849203
          -0.34375
         -0.603682
         -0.427296
          -1.04626
          0.157031
         -0.149297
         -0.119864
         -0.423372
         -0.643007
          0.296471
          0.856679
##################### ACCEPTABLE SUBNET NUMBER: 14  #########################
           2.30761
10
39
26
20
 1
49
35
24
15
19
10
 3
46
27
16
          0.989022
          0.953046
          0.910229
          0.071092
         -0.132743
         -0.375196
          0.540314
          0.848386
        -0.0825952
          -1.34404
         -0.318274
          -1.00807
         -0.276673
            1.0936
         -0.328707
          -1.09587
##################### ACCEPTABLE SUBNET NUMBER: 15  #########################
           1.57734
 7
47
29
13
32
14
37
35
 2
46
 9
           1.35487
           1.35174
          0.992019
           1.15471
          0.380816
          0.225842
         -0.778631
         -0.173197
           -1.1562
          -1.09642
           1.22134
         -0.688182
##################### ACCEPTABLE SUBNET NUMBER: 16  #########################
           2.15101
 5
19
10
42
13
24
 1
46
           2.61251
            1.2659
         -0.387009
         -0.436103
          -1.06793
         -0.506094
          -1.77047
          -1.38266
          0.087193
##################### ACCEPTABLE SUBNET NUMBER: 17  #########################
           2.91267
 8
37
29
31
32
 5
15
13
22
 0
            1.0862
           0.72474
         -0.385728
         -0.731476
         -0.049875
          -1.40896
         -0.207084
          -1.64004
          -1.38965
         -0.460316
           -1.4958
##################### ACCEPTABLE SUBNET NUMBER: 18  #########################
           1.16023
 3
 5
25
32
 1
46
           1.47666
           1.00428
         -0.300166
        -0.0936003
          -1.46841
         -0.228167
        0.00713077
##################### ACCEPTABLE SUBNET NUMBER: 19  #########################
             2.376
 7
29
15
47
37
31
33
35
 3
46
27
36
          0.872299
          0.835404
          0.523668
          0.415146
          -1.70886
          -1.07789
         -0.514895
          0.264034
          -0.36754
          -2.63938
          0.698048
          -1.20012
          -1.05165
##################### ACCEPTABLE SUBNET NUMBER: 20  #########################
           2.42458
 7
 1
13
12
43
42
37
25
 2
46
36
           1.36384
           1.29522
           1.28839
           1.17429
          0.214716
         -0.614408
         -0.882534
         -0.136203
         -0.566496
          -1.02557
           1.47484
         -0.200482
##################### ACCEPTABLE SUBNET NUMBER: 21  #########################
           1.45208
 1
47
 1
46
           1.34399
            0.9537
         -0.158463
        -0.0708812
          0.107767
##################### ACCEPTABLE SUBNET NUMBER: 22  #########################
           1.47922
 5
 5
20
37
48
32
 2
30
46
           2.05041
           1.31803
         -0.362368
         -0.187073
          -1.62209
          -1.36274
          -1.48588
         -0.407262
        -0.0463343
         -0.524309
##################### ACCEPTABLE SUBNET NUMBER: 23  #########################
          0.660062
 6
47
44
39
 5
26
29
 1
 2
           1.64295
          0.930614
         -0.602061
          -1.18662
          -1.27561
         -0.857342
         -0.169493
         -0.282912
          -0.28255
          0.550728
##################### ACCEPTABLE SUBNET NUMBER: 24  #########################
           2.32396
 3
48
19
32
 1
 2
           1.94295
           1.19376
         -0.355199
         -0.346925
         -0.201818
          -1.29384
         -0.855425
##################### ACCEPTABLE SUBNET NUMBER: 25  #########################
          0.619314
 6
47
28
34
 6
13
32
 2
46
 2
           2.13165
           1.19742
          -1.28418
         -0.176797
         0.0846097
         -0.505921
          -1.78858
         -0.659686
         -0.391876
          0.100578
          0.719568
##################### ACCEPTABLE SUBNET NUMBER: 26  #########################
           1.81971
 9
19
35
32
43
34
37
17
 5
26
 4
46
 9
36
 3
           1.68747
           1.69942
           1.55887
           1.70377
         -0.467019
            1.1894
           1.99681
          0.874235
         -0.217482
          0.486662
          -1.40274
          -2.22803
           1.89885
         -0.100594
          0.994277
         -0.731156
##################### ACCEPTABLE SUBNET NUMBER: 27  #########################
           2.42988
 3
 5
23
42
 1
 2
           2.17446
           1.19349
         -0.394774
         -0.273925
          -1.01563
          -1.40743
         -0.851841
##################### ACCEPTABLE SUBNET NUMBER: 28  #########################
           1.91883
 4
48
 8
 5
 6
 3
46
 2
27
           1.08793
           1.06295
          0.679281
         -0.145547
           -1.3505
          0.696997
          0.370999
          0.853859
         -0.520036
         -0.397559
##################### ACCEPTABLE SUBNET NUMBER: 29  #########################
           1.60016
 7
23
32
26
47
48
 7
35
 0
           2.04372
           1.42431
         -0.674273
         -0.192261
          -1.80613
         -0.308421
         -0.224348
         -0.432221
           -3.5996
          -1.79009
##################### ACCEPTABLE SUBNET NUMBER: 30  #########################
             2.223
 1
13
 4
27
46
 2
36
           1.28624
          0.832188
        -0.0794522
        -0.0901218
         -0.360236
           0.18652
         -0.118503
        -0.0185898
##################### ACCEPTABLE SUBNET NUMBER: 31  #########################
          0.626562
 7
 5
43
14
23
33
35
48
 3
30
46
 2
          0.807964
          0.509138
         -0.472252
        -0.0820985
          0.147205
          -1.67136
        -0.0714648
         -0.590835
          -1.60716
         -0.431071
           0.25074
         -0.121537
          0.700751
##################### ACCEPTABLE SUBNET NUMBER: 32  #########################
           1.41228
10
10
47
48
32
37
44
26
20
14
25
 1
46
           0.75927
          0.740403
          0.243298
          -1.07661
           0.63803
         -0.523034
          0.528594
          0.406098
        -0.0303875
          -0.32521
          -1.15417
         -0.578658
         -0.141207
          0.735738
##################### ACCEPTABLE SUBNET NUMBER: 33  #########################
          0.652147
 8
19
25
13
42
14
23
 5
32
 2
46
 2
            1.6066
           1.02757
         -0.137361
         -0.145423
          -1.03392
          -1.01369
         -0.475188
         -0.591769
         -0.949033
         -0.161257
          -1.44419
          0.134723
          0.710959
##################### ACCEPTABLE SUBNET NUMBER: 34  #########################
           1.61522
 4
17
 8
 5
32
 1
 2
           2.08291
           1.44743
           -0.2757
        -0.0822377
          -1.32156
         -0.162147
         -0.929038
           0.68224
##################### ACCEPTABLE SUBNET NUMBER: 35  #########################
           1.35594
 7
19
47
49
43
32
34
28
 1
30
          0.909509
          0.892193
         -0.344948
          0.252857
          -0.02893
         0.0648629
         -0.363865
          -1.93768
          -1.44201
         -0.781996
          0.225058
##################### ACCEPTABLE SUBNET NUMBER: 36  #########################
           1.66132
10
13
32
 5
 6
10
35
15
47
49
39
 1
46
           1.07543
           1.08114
          0.504213
          0.110034
         -0.592305
          0.649737
         -0.487255
          0.567875
          -1.32406
           -1.0742
         -0.329226
         -0.143792
         -0.990629
          0.694874
##################### ACCEPTABLE SUBNET NUMBER: 37  #########################
           1.44752
 9
23
 5
32
35
19
14
25
47
17
 1
46
             1.964
           1.67011
         -0.625497
        -0.0799307
          -1.28068
         -0.209555
         -0.706429
         -0.224424
         -0.599961
         -0.789839
         -0.125838
            -1.462
         -0.924542
##################### ACCEPTABLE SUBNET NUMBER: 38  #########################
           2.33956
18
32
47
48
44
43
26
25
49
 6
24
 1
23
14
15
17
29
34
 7
 2
46
 9
           1.10346
           1.04869
          0.987164
          0.595119
          0.219286
         -0.350389
          0.180561
         -0.447604
          0.159897
          0.668023
         -0.577585
          0.849078
         -0.315087
          -1.70217
         -0.203289
         -0.377077
        -0.0749548
         -0.468099
          -0.44011
          -1.24418
          -1.49519
           1.17021
         -0.964827
##################### ACCEPTABLE SUBNET NUMBER: 39  #########################
          0.745913
 2
 5
47
 3
30
 2
 9
           1.59593
           0.91051
         -0.287564
         -0.128607
          -2.52179
         0.0493729
          0.614871
         -0.816717
##################### ACCEPTABLE SUBNET NUMBER: 40  #########################
           1.20479
 6
28
 5
13
33
32
 7
 0
           1.17698
          0.711185
         -0.731349
         -0.376976
         -0.124772
         -0.208147
         -0.559586
         -0.234082
         -0.536432
##################### ACCEPTABLE SUBNET NUMBER: 41  #########################
          0.744084
 6
 5
13
37
22
 7
43
 3
 9
 2
16
           1.72501
           1.18524
         -0.243975
        -0.0634183
         -0.520898
         -0.659948
          -1.33315
         -0.803629
          -1.75037
          0.282715
          0.626744
          -1.24106
##################### ACCEPTABLE SUBNET NUMBER: 42  #########################
           2.38802
 6
22
48
13
14
31
 1
 1
46
          0.873967
          0.787385
          0.346603
        -0.0744227
         -0.182431
          -1.91309
         -0.846227
         -0.972091
          -1.04586
          0.535193
##################### ACCEPTABLE SUBNET NUMBER: 43  #########################
           2.10573
 6
40
 5
 6
19
47
42
 3
46
30
16
           2.51926
           1.62781
         -0.221636
         -0.999054
         -0.964887
         -0.309459
          -1.05349
          -1.08022
         -0.581233
          0.158666
         -0.139341
         -0.559465
##################### ACCEPTABLE SUBNET NUMBER: 44  #########################
           1.61438
 2
43
47
 1
46
           1.18757
           1.20121
          0.547457
           1.17037
           0.99809
           1.09932
##################### ACCEPTABLE SUBNET NUMBER: 45  #########################
            2.3234
11
49
17
22
20
 1
 5
39
19
24
29
35
 5
46
 9
11
38
27
           1.07985
           1.04931
           1.07929
          0.985811
          0.869203
          0.864844
         -0.288695
          0.354801
          -1.06337
         -0.594332
          0.484827
          0.265729
          0.560278
         -0.835304
           1.25782
          0.113999
          0.237966
          -0.59893
          0.174995
##################### ACCEPTABLE SUBNET NUMBER: 46  #########################
           1.61173
 5
 5
19
13
47
20
 2
 9
46
           1.38335
          0.696143
          -0.30358
         -0.157986
         -0.386208
         -0.591818
          -1.09447
          -2.15736
          0.298026
         -0.662431
##################### ACCEPTABLE SUBNET NUMBER: 47  #########################
           1.22208
 5
25
23
 5
31
19
 5
46
 2
 9
30
 3
           1.13689
          0.911253
          0.502194
          0.312331
          0.499671
         0.0574611
         -0.410365
         -0.314497
          0.732711
           1.20636
         -0.141616
          0.352731
          -1.26425
##################### ACCEPTABLE SUBNET NUMBER: 48  #########################
           2.42092
12
26
23
48
 5
31
10
40
35
22
 7
43
19
 5
46
27
30
 2
 9
           1.21703
          0.795812
          -1.01166
         -0.155529
        -0.0470485
         -0.268621
         -0.578608
         -0.479973
          -0.84222
         -0.250619
          -2.75873
         -0.655933
          -1.33857
          -1.05451
         -0.640026
         0.0361271
        -0.0877788
         -0.162227
          0.180994
        -0.0663009
##################### ACCEPTABLE SUBNET NUMBER: 49  #########################
            2.2919
 4
49
25
42
35
 2
46
16
           1.00744
          0.976289
          0.885792
          0.844247
         -0.782921
         -0.356405
          -1.62917
           1.07015
      -0.000772368
##################### ACCEPTABLE SUBNET NUMBER: 50  #########################
           1.33344
 9
23
39
43
 5
42
17
29
19
25
 3
 9
11
27
           1.08241
           0.98012
         -0.207308
          0.222295
          -0.21435
          -0.14871
          0.114801
          -1.59798
          -1.42576
          -1.55886
         -0.900649
         -0.932698
          0.445679
          -1.19627
         0.0730382
##################### ACCEPTABLE SUBNET NUMBER: 51  #########################
           1.61417
 4
29
49
13
15
 2
30
 2
            1.7699
           1.74842
          -4.07301
          0.242427
          0.108714
          -1.06709
         0.0136174
           0.25913
          0.157008
##################### ACCEPTABLE SUBNET NUMBER: 52  #########################
           1.55929
 8
25
19
47
49
12
42
44
 5
 2
30
 2
           1.54785
           1.03509
         -0.285596
         -0.897644
         -0.221625
         -0.204019
         -0.844168
          -0.99413
          -1.31061
           -1.4847
         -0.261632
        -0.0104606
          0.142709
##################### ACCEPTABLE SUBNET NUMBER: 53  #########################
           2.51834
 3
47
37
24
 1
46
           1.34258
           1.27598
           1.23248
          -1.20828
          -1.20735
         0.0406069
           1.41355
##################### ACCEPTABLE SUBNET NUMBER: 54  #########################
             1.579
 2
 5
19
 1
 9
           1.53307
          0.942753
         -0.280089
         -0.131984
         -0.428221
          0.247965
##################### ACCEPTABLE SUBNET NUMBER: 55  #########################
           1.10737
 6
26
47
13
33
15
19
 3
46
27
36
           1.51153
          0.878984
         -0.738002
         -0.246787
         -0.142319
          -0.17162
          -1.74128
          -1.04316
         -0.489987
         0.0260622
        -0.0219815
          -1.56361
##################### ACCEPTABLE SUBNET NUMBER: 56  #########################
           1.58721
 1
 5
 1
 9
           1.42114
          0.849195
         -0.275877
         -0.115898
          0.266046
##################### ACCEPTABLE SUBNET NUMBER: 57  #########################
           1.12793
 7
32
 1
37
13
47
 6
35
 2
46
 9
           1.29166
           1.14732
           -1.9365
           0.15555
          0.175543
         -0.587807
          -1.49812
           0.25068
         -0.564299
         -0.993749
          0.378823
          0.497721
##################### ACCEPTABLE SUBNET NUMBER: 58  #########################
           1.56414
 6
25
 6
 5
24
49
22
 2
46
27
           1.38905
           1.11241
           1.14581
        -0.0693147
           1.05587
           1.22266
          0.512176
         -0.573876
         -0.692023
           1.41495
           1.29582
##################### ACCEPTABLE SUBNET NUMBER: 59  #########################
           2.62119
 5
17
25
43
10
35
 3
 9
46
16
          0.902064
          0.537071
         -0.686885
         0.0576906
         -0.101717
         0.0305433
         -0.158739
         -0.703253
          0.429023
         -0.399846
          -1.20048
##################### ACCEPTABLE SUBNET NUMBER: 60  #########################
           2.42999
 4
40
32
29
42
 0
           1.46258
          0.997596
         -0.728761
         -0.253919
         -0.222799
         -0.107361
           -1.1893
##################### ACCEPTABLE SUBNET NUMBER: 61  #########################
           1.32896
 7
47
32
37
15
22
25
 8
 2
46
16
           1.00189
          0.938116
          -1.28056
          0.204638
          0.104494
         -0.524797
         0.0477212
         -0.322378
           -1.1465
          -1.33573
          0.304015
         -0.517105
##################### ACCEPTABLE SUBNET NUMBER: 62  #########################
            2.0095
 7
23
31
32
22
40
19
34
 2
30
46
           0.61471
          0.606896
         -0.327926
           0.46817
         -0.800321
          0.158795
          0.467061
          -0.34733
         0.0465881
          -1.74224
          0.598681
          0.233283
##################### ACCEPTABLE SUBNET NUMBER: 63  #########################
           4.87264
 4
17
33
15
31
 1
46
           2.39941
           1.49748
         -0.361529
         -0.181771
         -0.956558
          -2.14113
         -0.629255
         -0.963413
##################### ACCEPTABLE SUBNET NUMBER: 64  #########################
           2.00081
 4
29
43
23
31
 1
46
           1.01554
           1.01803
          0.889563
          -1.05447
           1.19869
          0.724082
             0.523
           1.14348
##################### ACCEPTABLE SUBNET NUMBER: 65  #########################
            1.7306
 8
43
29
31
 1
14
39
34
19
 1
30
          0.625835
          0.587999
         -0.558743
          0.192428
           0.19382
          0.142735
         -0.363993
         -0.315955
          -2.14494
          -1.06522
         0.0751553
          0.363189
##################### ACCEPTABLE SUBNET NUMBER: 66  #########################
           3.67691
 1
23
 2
 2
 3
           2.58819
           2.21833
         -0.218789
        -0.0735416
           -1.3953
           -0.8839
##################### ACCEPTABLE SUBNET NUMBER: 67  #########################
           1.58182
 5
49
47
33
10
31
 1
46
           1.24507
           1.24153
          0.708485
           0.60144
          0.864659
         -0.160221
          0.687454
          -1.30356
          0.942882
##################### ACCEPTABLE SUBNET NUMBER: 68  #########################
           3.78895
 2
17
13
 0
           1.48387
           1.24682
         -0.177029
         -0.113136
         -0.022043
##################### ACCEPTABLE SUBNET NUMBER: 69  #########################
           3.33934
 7
23
13
14
32
25
26
15
 0
            1.7681
           1.24863
         -0.315659
         -0.118548
          -1.14376
         -0.674513
          -1.32459
          -1.32531
         -0.310298
          -1.01137
##################### ACCEPTABLE SUBNET NUMBER: 70  #########################
           3.73477
 3
13
47
19
 0
           1.42052
           1.16648
         -0.177088
          -0.05849
          -0.74122
         -0.148152
##################### ACCEPTABLE SUBNET NUMBER: 71  #########################
           3.64303
 3
26
13
28
 0
            1.5199
           1.09643
         -0.228716
         -0.778324
        -0.0952313
          -1.16579
##################### ACCEPTABLE SUBNET NUMBER: 72  #########################
           2.00635
 3
19
48
31
 2
38
30
           2.27299
           1.79125
         -0.270029
         -0.109772
         -0.281457
          -1.04746
          -1.16682
        -0.0787261
##################### ACCEPTABLE SUBNET NUMBER: 73  #########################
           3.65985
 5
40
44
39
37
24
 1
46
          0.665876
          0.538896
         -0.186698
          -1.44408
          0.459017
          0.460134
         -0.738806
         -0.227025
          0.626519
##################### ACCEPTABLE SUBNET NUMBER: 74  #########################
           2.40075
12
14
31
29
43
49
48
47
44
40
 6
22
23
 1
46
          0.971677
          0.962822
          0.919187
          0.132122
         -0.120222
          0.920823
         -0.205096
          0.219922
        -0.0986536
          0.234429
         -0.119125
          0.246649
          -1.46926
          0.243599
          0.832366
           1.08306
##################### ACCEPTABLE SUBNET NUMBER: 75  #########################
            3.5969
 1
23
 0
           3.36389
           1.35888
         -0.639402
         -0.547616
----------Number of Acceptable Subnets found: 75 -----------
----------END FOR GENE 21 -----------
