File open successful. It contains: 
Finished reading file, will close now.
File x_dt open successful.
Finished reading file x_dt, will close now.
File sd_d open successful.
Finished reading file sd_d, will close now.
--------START FOR GENE 38 -----------
 Values arranged as error, n_ka, gene ids for ka, n_kd, gene ids for kd,
 r0, d, ea, ka_values, kd_values for each subnet. 
##################### ACCEPTABLE SUBNET NUMBER: 1  #########################
           1.40251
 7
 6
 7
14
49
 1
 2
45
 0
         -0.684309
         -0.800985
         -0.067921
         -0.752562
         -0.843721
         0.0556311
         0.0438197
         -0.353143
         -0.355296
          -1.00394
##################### ACCEPTABLE SUBNET NUMBER: 2  #########################
           1.13417
11
45
11
15
41
 6
31
48
14
30
10
25
 5
33
35
19
21
 3
         -0.112141
         -0.157162
        -0.0638047
          -1.17069
          0.295857
        -0.0665038
           0.10792
          0.478858
         -0.682741
         -0.488181
         -0.214972
          -1.17078
         -0.193811
          -2.44692
         -0.206925
          0.315297
          -1.46494
        -0.0106929
         0.0291525
##################### ACCEPTABLE SUBNET NUMBER: 3  #########################
           1.29541
22
23
27
32
34
15
25
30
 2
22
 1
46
11
31
36
49
41
43
48
 8
 7
14
16
 8
33
13
19
17
28
 5
 3
35
          0.765896
          0.807111
          0.506174
           1.92332
            1.3924
           1.19468
           1.49526
          0.981655
          -0.13554
          0.257375
           1.68236
           0.12545
          0.406317
          0.597948
           1.24703
           1.08674
            1.1617
          0.543197
           0.72407
          0.617997
         0.0573049
           -0.6761
         -0.278205
          0.247635
          0.271858
           1.46313
           1.59267
           1.72779
           0.72491
         -0.368346
         -0.537315
          0.755609
         -0.266268
##################### ACCEPTABLE SUBNET NUMBER: 4  #########################
          0.787944
 5
 1
32
25
 9
31
 1
29
           1.50784
           1.54415
         -0.419946
           1.22592
           0.56648
         -0.462804
          0.955969
          0.321937
          0.936469
##################### ACCEPTABLE SUBNET NUMBER: 5  #########################
           1.10399
 1
42
 0
          0.362477
           0.11002
        -0.0935721
        -0.0160241
##################### ACCEPTABLE SUBNET NUMBER: 6  #########################
          0.707495
 7
27
 2
40
32
30
42
41
 0
          0.894626
          0.883648
        -0.0176219
         -0.109624
          -1.83256
         -0.366962
         -0.806437
          0.222919
          0.097133
         -0.217475
##################### ACCEPTABLE SUBNET NUMBER: 7  #########################
          0.725757
 2
45
30
 0
        -0.0154121
         -0.259413
          -0.11731
         -0.246712
          0.197742
##################### ACCEPTABLE SUBNET NUMBER: 8  #########################
           1.76305
 6
 8
30
16
11
32
40
 4
21
33
47
19
         -0.556524
         -0.456958
         -0.223461
          -0.68562
           1.09981
         -0.188461
          0.385777
         -0.509946
           -1.4058
         -0.310954
          0.639268
          -1.53506
           -1.6189
##################### ACCEPTABLE SUBNET NUMBER: 9  #########################
           1.43809
 2
46
14
 1
44
         -0.102165
        -0.0105491
          0.100366
         -0.916519
          0.681555
          0.145095
##################### ACCEPTABLE SUBNET NUMBER: 10  #########################
           1.60777
 2
16
15
 2
33
19
          0.233763
         0.0288916
        -0.0431626
          -0.12017
         -0.111007
        -0.0693393
         -0.653194
##################### ACCEPTABLE SUBNET NUMBER: 11  #########################
          0.631589
 5
14
 2
30
11
 8
 3
12
 3
13
          0.498101
          0.482557
        -0.0907835
           0.67202
            0.5467
           -1.2675
          -1.90863
          0.462784
          -1.92419
          -0.67728
          0.489785
##################### ACCEPTABLE SUBNET NUMBER: 12  #########################
           1.58106
 1
43
 1
44
         -0.629372
          -1.52706
          -1.75388
        -0.0534495
         -0.273891
##################### ACCEPTABLE SUBNET NUMBER: 13  #########################
          0.553891
 4
14
15
16
31
 1
19
           0.40754
          0.160735
        -0.0796534
          0.325029
         -0.941622
          -1.08839
          -1.31113
          0.257719
##################### ACCEPTABLE SUBNET NUMBER: 14  #########################
           1.43253
 5
49
43
42
 2
27
 0
         -0.879654
          -0.95282
         -0.419407
          0.054916
          0.149411
         -0.590781
          0.644431
          -1.32827
##################### ACCEPTABLE SUBNET NUMBER: 15  #########################
           1.35035
12
 8
32
40
22
43
 4
42
50
 7
15
16
 9
 2
33
26
           0.43501
          0.528271
          0.332479
          0.906273
          0.378586
          0.824018
          0.897945
          0.803044
           1.47257
         -0.690161
         0.0318307
        -0.0223161
        -0.0454631
         -0.965014
          -1.08865
          0.547404
          0.507161
##################### ACCEPTABLE SUBNET NUMBER: 16  #########################
           0.76206
 3
15
16
42
 1
33
          0.440907
          0.157032
        -0.0887056
         -0.455564
         -0.425238
        -0.0344243
          -0.11177
##################### ACCEPTABLE SUBNET NUMBER: 17  #########################
           1.47418
 1
43
 3
21
20
26
         -0.256271
         -0.981646
         -0.261575
         -0.143755
          -1.18789
          -2.01557
          -1.18833
##################### ACCEPTABLE SUBNET NUMBER: 18  #########################
          0.730094
 4
48
46
43
30
 4
44
47
33
28
         -0.320293
         -0.628459
         -0.109468
         -0.286056
          -1.87601
        -0.0365648
          0.232906
        -0.0799933
         -0.115993
         0.0362116
         -0.128052
##################### ACCEPTABLE SUBNET NUMBER: 19  #########################
          0.722457
11
14
 2
15
40
42
 8
 9
32
23
27
45
 5
33
19
20
47
26
          0.679611
          0.637007
          0.364509
          0.259905
           1.21624
          0.129338
          0.272086
          0.202299
          0.607648
          -2.48715
           -1.9605
         -0.480213
         -0.151021
          -1.16599
          0.484259
          0.550392
          -1.20326
         -0.032007
          0.393689
##################### ACCEPTABLE SUBNET NUMBER: 20  #########################
           1.14459
 5
 1
31
30
11
42
 3
33
 3
44
          0.820465
           0.60963
        -0.0469672
        -0.0111332
           -1.0371
         -0.790917
         -0.871842
         -0.752437
         -0.159018
         -0.800091
          -1.01641
##################### ACCEPTABLE SUBNET NUMBER: 21  #########################
          0.741747
 7
45
49
32
36
15
 2
50
 2
28
 3
           1.73844
           1.65781
         0.0444051
          0.603464
          0.693614
          0.150709
          0.763242
         -0.520673
         -0.701783
          0.139016
          0.971756
          0.736139
##################### ACCEPTABLE SUBNET NUMBER: 22  #########################
            1.4343
 7
25
 6
14
41
 1
15
 4
 5
26
35
33
17
20
           1.78786
           1.88826
           1.36387
          0.858523
           1.53574
           2.03882
         -0.389531
         -0.116014
           -1.1103
           2.04529
           1.34657
          0.210346
          0.748697
           1.30908
         0.0843674
##################### ACCEPTABLE SUBNET NUMBER: 23  #########################
           1.40706
 6
49
48
16
23
45
 6
 0
          0.294018
          0.371592
        -0.0124005
          0.285053
         -0.192894
         -0.441435
          -1.59122
          -1.72287
          0.324106
##################### ACCEPTABLE SUBNET NUMBER: 24  #########################
          0.682972
 3
23
 1
 2
 1
13
           1.22524
           1.26215
        -0.0059312
          0.586251
          0.716505
          0.555176
           0.54168
##################### ACCEPTABLE SUBNET NUMBER: 25  #########################
           1.00305
 6
25
43
16
22
31
 7
 3
26
33
 3
           1.56372
           1.53794
           1.37484
           1.37304
          0.139564
          0.167817
          0.640389
          0.130355
          -0.61935
           1.39086
         -0.218834
           1.33044
##################### ACCEPTABLE SUBNET NUMBER: 26  #########################
           1.31625
16
34
11
43
 2
31
32
 7
40
50
 8
 1
48
14
42
45
37
 4
33
13
26
47
           1.01823
           1.11326
          0.947255
          0.436286
           1.44788
          0.683045
          0.782361
          0.310611
         -0.435013
          0.949511
          -1.12263
          0.886968
          -1.46234
          -2.22409
          -1.52125
          0.431591
          -1.72556
         -0.617912
          0.673995
          0.973205
          0.899713
           0.68804
         -0.140969
##################### ACCEPTABLE SUBNET NUMBER: 27  #########################
          0.742849
11
16
23
 8
 1
 2
32
50
36
25
41
46
 3
 3
35
12
          0.461485
           0.47522
         -0.074354
         -0.237584
          0.384462
         -0.478867
          0.647009
         -0.670174
        -0.0405464
        -0.0809199
          -0.83737
         -0.710988
         -0.152804
          -1.18682
          0.401407
         -0.314315
          -2.40829
##################### ACCEPTABLE SUBNET NUMBER: 28  #########################
           1.62147
 5
48
23
25
 6
 1
 0
         -0.011781
         0.0944152
         0.0242547
        -0.0650937
          0.599006
          0.165361
          0.504807
         -0.377535
##################### ACCEPTABLE SUBNET NUMBER: 29  #########################
           1.66925
 5
45
42
32
43
 9
 0
          -0.21319
         -0.104874
          -1.29071
         -0.349966
           0.39654
         -0.113007
        -0.0484125
          0.700802
##################### ACCEPTABLE SUBNET NUMBER: 30  #########################
           1.52498
 9
42
 9
11
 6
 1
43
16
32
50
 1
33
          0.416677
          0.506596
         0.0820175
        -0.0143556
          0.432534
         -0.442493
         -0.235528
          0.739326
         -0.302004
        -0.0383842
         -0.311144
         -0.619023
         -0.569215
##################### ACCEPTABLE SUBNET NUMBER: 31  #########################
           1.43367
 5
36
27
31
42
16
 3
33
26
13
          0.622867
          0.716797
         -0.648995
           1.02656
          0.736421
        -0.0206515
         -0.417005
         -0.959131
          0.636934
          0.292508
           -1.9593
##################### ACCEPTABLE SUBNET NUMBER: 32  #########################
          0.692096
 4
49
48
 8
41
 0
          0.511177
        0.00199534
         -0.214338
         -0.421096
         -0.234451
        -0.0631327
         -0.247356
##################### ACCEPTABLE SUBNET NUMBER: 33  #########################
          0.993984
 6
43
42
41
30
 8
 6
 1
 3
         -0.207196
         -0.425861
        -0.0978529
         -0.229139
        -0.0382658
         -0.356203
          -1.07577
         -0.299097
          0.156138
         0.0379935
##################### ACCEPTABLE SUBNET NUMBER: 34  #########################
          0.694856
 2
30
31
 0
          0.198977
         -0.249937
         -0.171504
         0.0879294
          -1.11248
##################### ACCEPTABLE SUBNET NUMBER: 35  #########################
           1.30352
 2
22
30
 1
19
         -0.342333
         -0.947484
         -0.207518
         -0.112097
         -0.528801
           -1.6205
##################### ACCEPTABLE SUBNET NUMBER: 36  #########################
          0.812131
 8
40
 8
14
32
31
43
16
48
 3
33
44
28
         0.0770733
         0.0172221
        -0.0175842
         0.0950629
          0.423667
          -2.48079
         0.0648692
          -1.51935
         -0.190423
        -0.0347241
          -0.65237
         0.0117776
          0.267084
         -0.121905
##################### ACCEPTABLE SUBNET NUMBER: 37  #########################
           1.48001
 5
 4
 1
43
11
23
 1
28
           0.99673
           1.09753
          -1.23271
            1.1175
           0.11599
         -0.685126
          0.447493
          0.618498
          0.457754
##################### ACCEPTABLE SUBNET NUMBER: 38  #########################
           1.31741
 8
37
 9
10
23
46
27
11
 1
 2
19
33
          0.432796
          0.517568
         -0.217818
          0.184964
          0.795203
           -1.9801
          -1.16747
         0.0543171
           -1.7512
          -1.77323
          -0.70709
          0.231263
           -1.6536
##################### ACCEPTABLE SUBNET NUMBER: 39  #########################
          0.607693
 4
25
36
49
48
 1
13
          0.600316
         0.0668766
         -0.201097
          -1.22301
        -0.0803259
         -0.155666
          -0.84561
         0.0767409
##################### ACCEPTABLE SUBNET NUMBER: 40  #########################
           1.18064
 6
14
27
31
43
 8
 9
 2
28
44
         -0.199325
         -0.798294
           -0.1804
        -0.0689249
         -0.024588
         -0.661232
          -1.66546
         -0.372692
         -0.389836
          0.303205
          -1.37738
##################### ACCEPTABLE SUBNET NUMBER: 41  #########################
           2.88639
 6
18
45
46
34
23
 6
 4
33
47
44
20
           1.48221
           1.61856
           1.42566
           0.72585
          -1.85188
         -0.541099
          -1.39658
        -0.0392191
          -1.10495
           1.29044
          0.483409
         -0.868874
          -1.01606
##################### ACCEPTABLE SUBNET NUMBER: 42  #########################
           1.42106
 6
31
42
43
49
15
16
 1
47
          0.697876
          0.782495
         -0.226349
          0.381703
         -0.680227
          0.318425
          0.162546
         0.0642832
         -0.209065
          -1.24914
##################### ACCEPTABLE SUBNET NUMBER: 43  #########################
          0.694608
 5
36
46
30
31
25
 2
44
26
          0.099851
        -0.0763316
        -0.0649027
          0.130698
         -0.772554
           0.27047
          -1.22869
          -0.16264
          0.192576
         -0.257271
##################### ACCEPTABLE SUBNET NUMBER: 44  #########################
           1.41403
 9
16
14
30
49
46
45
31
50
 2
 6
28
26
 3
35
13
33
          0.362011
          0.458778
          0.929524
          -1.92791
            1.5885
        -0.0423926
         -0.999725
          -0.61881
         -0.713238
         -0.112614
         -0.535175
          0.794908
          0.929371
          0.902814
          0.897802
          -1.60903
          -1.13217
         -0.780825
##################### ACCEPTABLE SUBNET NUMBER: 45  #########################
          0.662512
 6
37
36
45
50
 1
 4
 2
19
17
          0.786438
          0.772358
         0.0637382
        -0.0145979
         0.0404369
         -0.545935
         -0.336708
          0.545543
          0.484364
          0.453014
         -0.451687
##################### ACCEPTABLE SUBNET NUMBER: 46  #########################
          0.825182
 7
49
 1
 6
 2
10
43
48
 3
44
17
26
          0.385123
          0.263837
         0.0205288
          0.101286
         -0.421071
          0.165391
         -0.830504
          -1.40767
         -0.610087
         -0.218411
          0.236748
         -0.276026
         -0.166878
##################### ACCEPTABLE SUBNET NUMBER: 47  #########################
           1.54058
 4
 4
32
 6
45
 0
          0.532836
          0.626577
        -0.0658646
           1.02988
         -0.205684
          -2.61255
         -0.890278
##################### ACCEPTABLE SUBNET NUMBER: 48  #########################
          0.744124
 5
 9
46
30
 2
41
 3
13
26
20
          0.825279
          0.649159
         -0.063879
          0.276471
         -0.275253
         -0.251893
         -0.315298
          -1.39531
          -1.21734
          -1.45649
         -0.125989
##################### ACCEPTABLE SUBNET NUMBER: 49  #########################
          0.839243
 3
 9
16
11
 0
          0.617262
          0.334772
        -0.0974095
          0.218211
         -0.355269
           -2.9978
##################### ACCEPTABLE SUBNET NUMBER: 50  #########################
           1.58076
 1
31
 1
 3
          0.130462
          0.219087
         0.0596967
          0.427272
          -0.52932
##################### ACCEPTABLE SUBNET NUMBER: 51  #########################
           1.62125
 8
14
50
 8
10
25
23
27
 1
 1
26
         -0.646856
         -0.677327
        -0.0545812
          -0.10229
          0.135797
           0.22074
          -1.16271
         -0.546631
         -0.149069
         -0.150286
         -0.140109
         -0.555707
##################### ACCEPTABLE SUBNET NUMBER: 52  #########################
          0.672612
 6
25
 9
31
32
30
46
 5
26
47
13
12
33
          0.205771
          0.114522
          -1.22955
          -1.18696
          -1.43122
           0.33736
          0.178309
          -1.14195
          -1.97698
          0.189039
          -1.66602
          0.299815
          -1.46368
         -0.293211
##################### ACCEPTABLE SUBNET NUMBER: 53  #########################
           1.94162
 4
 9
10
36
11
 1
26
          0.276253
          0.414133
          0.239813
           1.89045
         -0.636776
          0.635348
         -0.278582
          0.885683
##################### ACCEPTABLE SUBNET NUMBER: 54  #########################
          0.700845
 1
 1
 0
          0.234977
         -0.383744
         -0.198988
        -0.0520075
##################### ACCEPTABLE SUBNET NUMBER: 55  #########################
           0.71127
 3
 8
30
43
 4
28
13
47
44
          -0.15977
         -0.324702
         -0.565255
          0.934889
           0.83481
          0.801289
           1.01759
         -0.615341
         -0.880318
          0.743614
##################### ACCEPTABLE SUBNET NUMBER: 56  #########################
          0.872943
11
42
16
11
23
10
46
15
32
31
27
43
 3
26
13
19
          0.810709
          0.743162
          0.574398
          -1.33574
          0.525911
          0.462276
          0.427447
          0.216482
          0.390956
         -0.918474
         -0.190435
         -0.881277
          0.441739
         -0.319549
          0.625948
          0.613546
         -0.641983
##################### ACCEPTABLE SUBNET NUMBER: 57  #########################
          0.745255
18
22
 1
30
36
 6
49
 2
18
50
 7
48
16
10
42
11
23
14
43
 4
33
29
17
44
           1.75823
           1.74815
           1.42838
           1.88093
          0.684834
          0.906529
           1.44567
         -0.312313
          -1.61543
          0.806448
           0.47695
          -0.67793
          0.635447
         -0.126825
        -0.0401456
         -0.438244
          -1.38596
           0.43538
        -0.0322209
          -1.05003
          0.428622
           1.38922
           1.82143
          0.280598
          -1.49038
##################### ACCEPTABLE SUBNET NUMBER: 58  #########################
          0.747197
14
25
40
 6
 4
23
32
34
10
11
16
43
 9
 7
30
 6
26
33
19
20
28
47
           1.15549
           1.15146
          0.897193
           1.11652
         -0.909287
           1.10252
         -0.141439
        -0.0656044
          0.962155
             0.672
         -0.997899
           1.00335
          0.545371
         -0.495884
          -0.31906
          -2.30918
          -0.87183
          0.887549
          0.936633
         0.0618655
          0.945033
         -0.544776
           1.06353
##################### ACCEPTABLE SUBNET NUMBER: 59  #########################
          0.722693
 3
 9
39
 6
 2
13
 3
          0.996614
           0.94576
       -0.00372562
          0.414585
         -0.417246
          -1.01488
          -1.65533
        -0.0862121
##################### ACCEPTABLE SUBNET NUMBER: 60  #########################
            1.3142
11
48
15
 4
45
10
 1
40
18
50
14
27
 1
33
        -0.0673223
         0.0275782
         0.0673277
         -0.517801
          0.611601
           1.16157
          0.428663
        -0.0775427
          0.884738
         -0.513728
         -0.490099
          -1.23648
          -0.32327
         -0.858672
          0.258297
##################### ACCEPTABLE SUBNET NUMBER: 61  #########################
           0.56524
 2
37
36
 4
33
19
47
 3
          0.221165
           0.15562
          0.058884
          -1.32309
          0.405575
          0.167769
          0.327375
         -0.763812
         -0.471565
##################### ACCEPTABLE SUBNET NUMBER: 62  #########################
           1.33122
 9
50
27
18
 4
 1
43
37
25
11
 4
33
13
26
44
          0.110606
          0.191398
         -0.593135
           0.16922
           1.25092
          0.478253
          0.937576
         -0.862142
         -0.793323
          0.594147
         -0.342209
          0.180394
          0.740166
          0.964755
         -0.724834
         -0.456621
##################### ACCEPTABLE SUBNET NUMBER: 63  #########################
          0.742739
 5
 9
 4
46
16
 1
 1
13
          0.453322
        -0.0433025
         -0.166376
          0.138029
          -1.46204
         -0.728229
          -0.88851
         -0.222234
         -0.202805
##################### ACCEPTABLE SUBNET NUMBER: 64  #########################
           1.39922
12
 7
 8
23
 1
 4
43
42
39
34
18
30
31
 4
 5
44
13
28
         -0.825828
         -0.865692
         -0.288782
         -0.125406
          -1.86035
          0.507353
          0.560091
          0.448129
         0.0143013
         -0.310712
         -0.317485
          -1.28346
          -2.49723
          -2.01129
         -0.504897
          0.325625
         -0.311299
         -0.531693
         -0.246503
##################### ACCEPTABLE SUBNET NUMBER: 65  #########################
          0.996213
 3
 6
 8
42
 0
        -0.0850477
         -0.367546
         -0.105715
         -0.258822
         0.0143725
        -0.0964314
##################### ACCEPTABLE SUBNET NUMBER: 66  #########################
          0.445066
 6
31
 1
11
37
43
46
 2
44
 3
           2.10543
           2.01555
          -0.11455
          0.280697
          -1.34185
          -1.36037
         -0.984411
        0.00750549
         0.0397333
          0.212293
           0.23163
##################### ACCEPTABLE SUBNET NUMBER: 67  #########################
           1.03128
 1
 9
 1
44
           0.29517
        0.00393953
         -0.100425
          0.232987
         -0.627977
##################### ACCEPTABLE SUBNET NUMBER: 68  #########################
           1.58479
 1
31
 2
 3
19
          0.207717
          0.299316
         0.0566083
          0.448215
         -0.707318
           -1.4391
##################### ACCEPTABLE SUBNET NUMBER: 69  #########################
            1.3423
 7
49
 4
43
 1
 8
36
22
 0
           1.21144
           1.30593
         -0.245897
          0.299883
           0.83534
          0.186401
          0.798862
          0.404597
         -0.988859
          -1.20631
##################### ACCEPTABLE SUBNET NUMBER: 70  #########################
           1.05226
 2
 6
32
 0
         -0.321315
         -0.641298
         -0.112227
         0.0393781
         -0.592577
##################### ACCEPTABLE SUBNET NUMBER: 71  #########################
           1.55044
 7
14
42
 1
32
31
16
 4
 2
33
 5
          0.445112
          0.538415
         0.0929895
         0.0612524
         -0.713006
          0.875667
          -1.44531
          -1.45449
         -0.506524
         -0.880087
         -0.952919
          -1.58894
##################### ACCEPTABLE SUBNET NUMBER: 72  #########################
          0.739795
 4
25
 6
 7
10
 3
33
47
 3
          0.399983
          0.211555
         0.0214494
          0.100584
          -1.39008
        -0.0367074
        -0.0311577
          0.142611
        -0.0773724
         -0.167246
##################### ACCEPTABLE SUBNET NUMBER: 73  #########################
           1.07312
 1
25
 0
           1.18454
          0.932967
        -0.0852378
        -0.0758806
##################### ACCEPTABLE SUBNET NUMBER: 74  #########################
          0.671589
 3
30
23
42
 0
           2.06018
           2.04445
       -0.00524676
          0.162103
         -0.444942
          0.107972
##################### ACCEPTABLE SUBNET NUMBER: 75  #########################
           1.43382
 3
48
50
16
 0
          0.839445
          -1.37214
          -1.19193
          -1.21428
         -0.435852
          -1.82095
----------Number of Acceptable Subnets found: 75 -----------
----------END FOR GENE 38 -----------
--------START FOR GENE 39 -----------
 Values arranged as error, n_ka, gene ids for ka, n_kd, gene ids for kd,
 r0, d, ea, ka_values, kd_values for each subnet. 
##################### ACCEPTABLE SUBNET NUMBER: 1  #########################
           2.97726
 8
25
10
17
 1
23
15
 2
37
 4
20
41
14
40
           1.44557
           1.45933
           0.70751
           1.32291
          0.970103
          0.498601
         -0.380237
          0.275683
         -0.671851
         -0.439045
          0.422117
           1.12076
          0.712208
          0.262804
         -0.520886
##################### ACCEPTABLE SUBNET NUMBER: 2  #########################
           2.31173
 4
30
32
10
33
 3
20
41
44
          0.374525
          0.326975
         -0.184012
          0.733345
          -0.53293
         -0.311654
          0.313215
          0.489235
          0.322423
          -2.98194
##################### ACCEPTABLE SUBNET NUMBER: 3  #########################
           2.13107
 5
 1
 7
 8
 2
28
 3
41
14
46
          0.299402
          0.252898
          0.851351
            1.3604
          -1.21031
          -1.21629
          0.395985
           0.12474
          0.787717
           1.14788
         -0.987131
##################### ACCEPTABLE SUBNET NUMBER: 4  #########################
           2.66676
 2
 1
38
 3
41
22
40
          0.553215
          0.520565
          0.558123
           1.12977
        -0.0734248
          0.466554
          0.836951
         -0.642673
##################### ACCEPTABLE SUBNET NUMBER: 5  #########################
           2.61667
 3
30
17
 1
 4
20
41
43
46
           1.12025
           1.09451
         -0.133435
          0.771745
         -0.575991
         -0.399107
          0.552492
          0.273509
          -3.23091
          -1.71293
##################### ACCEPTABLE SUBNET NUMBER: 6  #########################
           2.04317
11
 1
18
33
 9
11
38
16
 7
 8
10
25
 6
50
46
44
43
40
41
           1.76576
           1.73272
           1.21952
           1.59423
           1.48207
          0.113626
         -0.665097
           0.19803
          0.392651
           0.56602
          0.252173
         0.0705679
         -0.277443
         -0.434046
        -0.0792024
         -0.144461
           1.41753
          0.854543
           0.58669
         -0.305362
##################### ACCEPTABLE SUBNET NUMBER: 7  #########################
           2.85852
10
23
 9
45
19
10
 5
 3
 8
17
12
 5
20
46
34
42
21
          0.588571
          0.349899
         0.0104848
          0.348571
          0.577757
          -1.29597
          -1.96634
        -0.0359956
         0.0689787
          -1.37365
          -1.96913
         -0.762278
          -0.24364
           0.57116
         -0.380272
         -0.796844
         -0.350795
          -1.50424
##################### ACCEPTABLE SUBNET NUMBER: 8  #########################
           2.54252
 2
37
45
 5
43
34
46
14
44
           1.27895
          0.478585
          0.248018
          0.410797
         -0.601984
          0.602718
          0.398033
          0.467275
          0.729214
        -0.0678443
##################### ACCEPTABLE SUBNET NUMBER: 9  #########################
            1.6567
 3
37
 1
 2
 8
47
46
20
41
50
29
43
40
           2.03891
           1.77713
          0.640116
          0.171691
          0.732799
         -0.273853
         -0.868973
          0.716098
          0.892749
          -1.75494
          -1.53846
         -0.899833
         -0.696374
         -0.517057
##################### ACCEPTABLE SUBNET NUMBER: 10  #########################
             2.431
 4
32
18
25
24
 2
20
34
          0.801587
          0.729243
         -0.460577
         0.0988592
          0.510735
         0.0411012
         -0.610492
          -1.59019
          0.280304
##################### ACCEPTABLE SUBNET NUMBER: 11  #########################
           2.76934
 5
19
11
12
13
 8
 1
34
         -0.835536
          -2.01912
          -0.73156
        0.00902731
          -1.50312
        -0.0728431
         -0.110109
         -0.212354
          0.272969
##################### ACCEPTABLE SUBNET NUMBER: 12  #########################
           2.55984
 3
 1
32
 7
 2
44
41
          0.140181
          0.035081
          0.272138
          0.686423
         -0.303916
         -0.473203
          0.460595
         -0.189674
##################### ACCEPTABLE SUBNET NUMBER: 13  #########################
           2.57791
 5
32
 1
16
25
30
 1
29
          0.633981
          0.581402
         -0.650941
          0.131285
          0.277919
          -1.14388
         0.0738363
          -1.04155
          -1.05317
##################### ACCEPTABLE SUBNET NUMBER: 14  #########################
           1.77558
 7
 1
32
10
 7
 8
37
33
 4
43
41
20
14
          0.884136
          0.847702
          0.483767
             1.151
          0.907189
         -0.335549
         -0.985812
          0.267568
         -0.620025
        -0.0505062
          0.955855
          0.756115
          0.282392
        -0.0670587
##################### ACCEPTABLE SUBNET NUMBER: 15  #########################
           1.90661
 8
37
36
10
11
 7
12
 9
13
 1
14
         -0.251547
          -1.94254
         -0.641841
          -0.16984
          -1.06341
          -1.50825
          -1.59111
          -1.06244
          -1.31173
          -1.34906
          -1.34904
          -1.34904
##################### ACCEPTABLE SUBNET NUMBER: 16  #########################
           3.62837
 6
30
 1
 7
13
37
31
 8
27
50
14
41
20
40
46
42
          0.638163
          0.611485
          0.112472
          0.765794
         -0.428868
         -0.547391
         -0.914487
         -0.201732
          -1.53448
          0.417263
          -1.40336
         -0.668793
          0.287611
         0.0285611
          -1.09815
        -0.0456879
          -0.66427
##################### ACCEPTABLE SUBNET NUMBER: 17  #########################
           4.19383
16
 9
11
12
38
30
35
25
 5
32
33
 7
10
23
37
36
 2
10
22
40
44
46
50
 6
14
43
20
41
           1.82575
           1.82642
            1.3138
          0.779467
          0.704288
          0.823746
         -0.322753
           1.91381
            0.3975
           1.05708
         -0.353576
         -0.754237
         -0.949525
         -0.094424
          0.618375
          -0.88126
          -1.28954
           0.46713
           0.14033
          0.651816
           1.44371
         -0.169256
         -0.564456
           1.44791
          0.671272
           1.20075
          0.530543
          0.937234
           1.35762
##################### ACCEPTABLE SUBNET NUMBER: 18  #########################
           4.31793
 3
 7
 1
45
 2
27
44
           1.48746
           1.49796
           1.01533
          0.660505
           1.44511
         -0.421614
           1.18865
         -0.138365
##################### ACCEPTABLE SUBNET NUMBER: 19  #########################
           5.30267
 1
35
 5
22
21
20
29
27
         -0.378089
          -1.34533
         -0.315126
        0.00700506
         -0.762128
          -0.82634
          0.173831
          -0.96672
         -0.970641
##################### ACCEPTABLE SUBNET NUMBER: 20  #########################
           2.08303
 6
 1
48
 2
28
37
31
 3
14
46
41
           1.14689
           1.10284
          0.748974
           1.13286
         -0.555837
          0.631169
           -1.1976
         -0.663488
          0.219796
          0.992222
          0.668302
          0.315733
##################### ACCEPTABLE SUBNET NUMBER: 21  #########################
           4.38677
14
33
11
13
30
17
12
 3
15
25
 9
24
16
 5
45
 3
14
49
47
          0.889424
          0.928541
           0.94418
          0.233493
         -0.413307
         -0.480034
         0.0290826
          0.585528
          0.087797
         -0.754378
          0.707833
           1.97993
          -1.18923
          0.776202
           1.21227
          0.076071
           0.44091
           1.70293
          -1.20363
          0.632999
##################### ACCEPTABLE SUBNET NUMBER: 22  #########################
           4.68533
10
 9
19
 8
35
32
33
 2
25
23
16
 4
43
20
46
47
          0.776388
          0.681772
          0.486218
          0.908458
          0.462134
         -0.203505
          0.509456
         -0.105862
          -0.20864
        0.00171228
         -0.464301
         -0.263631
          -2.26197
          0.710705
          0.505707
          0.164188
          -0.90358
##################### ACCEPTABLE SUBNET NUMBER: 23  #########################
           3.92669
 5
32
18
19
16
23
 3
20
34
40
          0.964507
          0.966918
         -0.507912
          0.165118
          0.520635
         -0.434438
         -0.227445
          -1.20441
         -0.360573
         -0.954561
          -1.16894
##################### ACCEPTABLE SUBNET NUMBER: 24  #########################
           4.34022
10
24
 1
33
13
12
19
15
38
30
32
 5
44
14
34
46
21
          0.628254
          0.233836
           1.44887
           1.58184
          0.641205
           1.00039
          0.652849
          0.372015
         -0.462312
           1.32329
         -0.586705
          0.161682
          0.355836
           1.68744
           1.41164
          0.894153
           1.55505
          0.871408
##################### ACCEPTABLE SUBNET NUMBER: 25  #########################
           4.69245
 1
35
 2
44
43
          0.544372
          -1.17751
         -0.505486
        -0.0653264
          0.300299
          0.179912
##################### ACCEPTABLE SUBNET NUMBER: 26  #########################
           4.42109
 1
 1
 2
27
14
           1.73402
           1.74524
           1.18379
           1.61442
           1.36846
          -1.75145
##################### ACCEPTABLE SUBNET NUMBER: 27  #########################
           4.81922
 7
15
33
32
35
30
11
16
 1
34
         -0.103974
         -0.887927
          -0.36518
         -0.647075
         -0.463798
         -0.200433
         -0.213191
          0.027618
         -0.377017
         -0.998363
         0.0889131
##################### ACCEPTABLE SUBNET NUMBER: 28  #########################
           4.12264
 3
25
10
45
 1
44
          0.679892
          0.691364
          0.366862
          0.826916
          0.338955
          -1.65996
          0.532089
##################### ACCEPTABLE SUBNET NUMBER: 29  #########################
           4.39729
 9
24
11
12
 7
19
13
25
45
38
 5
14
22
 6
47
29
           1.88606
           1.92881
           1.06649
          0.221034
          0.917857
        -0.0144617
          0.958261
         -0.646534
          0.443858
           1.65366
          -1.13165
          -1.07467
           1.39182
          0.333359
         -0.976076
          0.545687
         -0.946619
##################### ACCEPTABLE SUBNET NUMBER: 30  #########################
           2.40967
 4
 9
19
38
24
 3
20
21
34
           1.72539
           1.32529
        -0.0754502
           0.44344
          0.228794
         0.0154272
          -1.58471
          0.532213
          -1.46964
         -0.414884
##################### ACCEPTABLE SUBNET NUMBER: 31  #########################
           3.16405
10
30
31
35
33
15
 2
32
 9
37
45
 6
40
43
14
49
50
46
            1.7185
           1.71621
           1.22748
           1.79009
          0.286515
         0.0478136
         -0.182456
        -0.0404964
          -1.45524
         -0.176686
          -1.00577
         -0.460555
         -0.994774
          0.757487
           1.50831
           1.28692
          0.308739
          0.549187
          0.197502
##################### ACCEPTABLE SUBNET NUMBER: 32  #########################
           5.63918
 3
 1
33
32
 1
22
         -0.328147
         -0.834525
         -0.141713
          0.149497
         -0.860463
          -1.15743
         -0.664438
##################### ACCEPTABLE SUBNET NUMBER: 33  #########################
           5.03462
 3
30
 1
15
 2
27
40
            1.6771
           1.71136
          0.798195
           1.51884
         0.0795717
          0.313586
           1.15084
          0.591581
##################### ACCEPTABLE SUBNET NUMBER: 34  #########################
           4.71743
 3
16
10
11
 2
41
20
          0.730605
          0.776089
         -0.892566
           1.30695
         -0.556916
         -0.559375
         -0.167721
          0.570622
##################### ACCEPTABLE SUBNET NUMBER: 35  #########################
           4.93251
 1
17
 2
43
41
           1.56673
           1.48294
          0.639956
         -0.104863
          0.713554
          0.567755
##################### ACCEPTABLE SUBNET NUMBER: 36  #########################
           3.35271
 2
30
33
 5
27
20
41
40
34
          0.353447
          0.303228
         0.0813128
          0.806498
          0.191453
          0.436948
         -0.351659
          0.366279
          0.231278
          0.185453
##################### ACCEPTABLE SUBNET NUMBER: 37  #########################
           2.04572
 6
 1
10
16
 7
31
32
 1
34
          0.315518
          0.228918
         -0.657888
          0.300734
          0.252103
          0.100456
         -0.040701
         -0.870868
        0.00940164
         -0.162784
##################### ACCEPTABLE SUBNET NUMBER: 38  #########################
           3.53743
 1
31
 6
43
42
40
 6
47
46
          0.192076
          -2.08572
         -0.712114
         -0.319619
          -0.57496
         -0.354951
          -0.73966
          -1.43068
         -0.842423
          -0.86405
##################### ACCEPTABLE SUBNET NUMBER: 39  #########################
           5.96216
 2
37
 8
 1
20
         -0.536408
           -0.8618
        -0.0826339
          0.191153
         -0.571675
          0.230663
##################### ACCEPTABLE SUBNET NUMBER: 40  #########################
           5.49086
 5
30
25
24
 2
11
 1
29
          0.131943
          0.151405
          0.151746
          0.219459
          0.604711
         -0.328733
         -0.216805
            -1.315
          0.216094
##################### ACCEPTABLE SUBNET NUMBER: 41  #########################
           1.87189
 5
32
30
 3
24
25
 4
20
49
46
 6
          0.479232
          0.326643
         0.0631278
          0.638031
          0.764728
         0.0282742
          -0.12383
         -0.109927
          0.551885
         -0.335496
          0.646011
         0.0319681
##################### ACCEPTABLE SUBNET NUMBER: 42  #########################
           5.61338
 3
 9
 1
12
 0
          -0.51906
         -0.859772
        -0.0835436
         -0.828428
          0.271622
         -0.595851
##################### ACCEPTABLE SUBNET NUMBER: 43  #########################
            5.6103
 2
 1
 3
 3
49
47
50
         -0.497804
         -0.922751
          -0.11628
          0.247594
         -0.783281
         -0.439534
         -0.439534
         -0.857547
##################### ACCEPTABLE SUBNET NUMBER: 44  #########################
           6.87865
 0
 1
20
          0.585832
          0.592297
          0.280099
          0.330291
##################### ACCEPTABLE SUBNET NUMBER: 45  #########################
           4.82662
10
16
19
 1
 2
17
 9
10
33
30
31
 2
20
29
          0.835372
          0.879408
         -0.350828
           1.11626
          -1.31862
          -1.07279
          0.178346
         -0.716241
         -0.529414
          -0.60203
         -0.711589
          -1.21456
          -1.21456
          0.368812
          -2.03773
##################### ACCEPTABLE SUBNET NUMBER: 46  #########################
           8.91949
 1
12
 0
         -0.823434
         -0.780541
          0.950221
           0.85803
##################### ACCEPTABLE SUBNET NUMBER: 47  #########################
           4.77813
 4
16
 8
24
 2
 1
20
          0.397419
          0.215581
       -0.00241905
        -0.0181135
          -0.64517
          0.281367
          -2.22356
           0.30361
##################### ACCEPTABLE SUBNET NUMBER: 48  #########################
           8.91838
 1
 5
 0
         -0.314228
         -0.780967
          -0.08728
         -0.939426
##################### ACCEPTABLE SUBNET NUMBER: 49  #########################
           8.90663
 1
38
 0
          -0.57429
         -0.780815
         0.0276419
         -0.509933
##################### ACCEPTABLE SUBNET NUMBER: 50  #########################
            7.6902
 2
11
12
 0
         -0.994487
          -1.20986
        -0.0207018
          0.193765
          0.175647
##################### ACCEPTABLE SUBNET NUMBER: 51  #########################
           8.84218
18
 8
 9
11
12
17
19
32
35
30
45
48
 1
 2
28
37
10
13
 5
15
20
34
29
41
42
49
47
46
44
40
27
 6
50
43
22
         -0.816776
         -0.778068
          0.998256
          -1.36559
          0.391128
          0.576331
          -1.03058
          -1.01461
          0.378526
           1.28098
         -0.794308
           1.37876
         -0.662422
          0.289864
         -0.928777
         -0.931031
           0.13856
         -0.615797
        -0.0292729
          0.459345
        -0.0295011
          0.695888
         -0.776211
         -0.804081
         -0.248109
         -0.253754
           0.25999
         -0.669164
          0.309088
         -0.671153
         -0.673187
          0.160577
        -0.0285235
           0.45884
          -1.54907
          -1.16782
##################### ACCEPTABLE SUBNET NUMBER: 52  #########################
           7.05749
 1
38
 4
46
43
41
22
         -0.133186
           -1.8637
         -0.600824
           1.25557
         0.0342922
         0.0410833
             1.761
         -0.504837
##################### ACCEPTABLE SUBNET NUMBER: 53  #########################
           8.91964
 1
15
 0
         -0.823655
         -0.780726
           1.40275
           1.74611
##################### ACCEPTABLE SUBNET NUMBER: 54  #########################
           7.75653
 1
35
 1
50
          0.598079
          0.631466
           1.16466
         -0.476894
           1.06741
##################### ACCEPTABLE SUBNET NUMBER: 55  #########################
           8.47257
 2
32
35
 0
           -0.5007
         -0.820802
        -0.0423316
          -1.13584
         -0.131365
##################### ACCEPTABLE SUBNET NUMBER: 56  #########################
           7.15473
21
35
28
30
25
31
17
16
18
15
19
45
 1
37
 5
13
12
10
11
36
23
24
11
29
44
42
22
40
47
49
14
20
21
50
            1.1277
           1.16573
           1.07812
          0.110737
         -0.833014
         -0.880954
         -0.828809
         -0.446336
          -0.15507
          -0.52428
         -0.153104
         -0.515585
          -0.14734
         -0.198271
          0.962953
           0.29357
         -0.671606
          -1.23433
          -0.72279
          -1.44107
         -0.751559
         -0.548763
         -0.766484
          0.236889
         -0.278943
          0.026075
         -0.255842
          -0.26006
         -0.672152
          0.447935
         -0.060971
          -1.23579
          -1.20071
          -1.46369
          0.980922
##################### ACCEPTABLE SUBNET NUMBER: 57  #########################
           3.86371
 6
 9
15
31
 1
 2
28
 5
22
46
44
43
40
          0.650038
          0.565392
          0.174447
          0.638473
         -0.812585
         -0.634242
          0.568147
          -1.32869
         -0.881719
          0.262668
       -0.00775846
        -0.0249462
          -1.50333
          0.292061
##################### ACCEPTABLE SUBNET NUMBER: 58  #########################
           8.31405
 1
 8
 0
         -0.897836
         -0.916384
        -0.0174266
          0.884936
##################### ACCEPTABLE SUBNET NUMBER: 59  #########################
            8.5889
 2
28
37
 1
29
         -0.819305
         -0.805934
         0.0148804
          0.478008
          0.535321
          -1.82805
##################### ACCEPTABLE SUBNET NUMBER: 60  #########################
           5.51903
 5
45
38
37
 9
10
 2
44
43
         -0.473884
          -1.10603
         -0.562466
         0.0170159
         -0.101677
          0.207129
         -0.963815
          -1.29756
          -0.39412
          0.323621
##################### ACCEPTABLE SUBNET NUMBER: 61  #########################
           6.92324
 9
36
33
32
 9
 1
19
 3
 5
 8
 7
34
29
47
46
44
20
21
         -0.329018
         -0.380202
          0.108738
         -0.574206
         -0.152565
         -0.171689
         -0.207293
          -1.27663
          -0.92677
          -3.36209
          0.161724
          0.157304
         -0.353886
         -0.153644
          -1.25995
          -1.25124
          -1.23938
          0.159646
         -0.907752
##################### ACCEPTABLE SUBNET NUMBER: 62  #########################
           4.77477
 6
28
25
 9
10
32
37
 1
27
          0.908112
          0.940472
          0.380581
         -0.410108
           1.16862
          -0.12431
         -0.124197
          -1.31558
          -1.46911
          0.818904
##################### ACCEPTABLE SUBNET NUMBER: 63  #########################
           8.20071
 6
31
45
33
36
25
24
 2
47
46
           1.63419
           1.65545
           1.37754
          0.872402
          0.853655
          -1.64579
          0.346147
          -1.43682
           -1.8503
           1.28829
          0.596487
##################### ACCEPTABLE SUBNET NUMBER: 64  #########################
           4.20682
 5
 7
 8
23
36
35
 2
20
41
          0.143088
         -0.105812
         0.0606971
          -1.72187
          0.224829
         0.0495273
          -1.31223
          -1.31402
          0.319377
          0.071922
##################### ACCEPTABLE SUBNET NUMBER: 65  #########################
           7.60754
 4
25
 5
37
24
 1
27
           0.32059
        -0.0674829
        -0.0799712
          -0.14624
         -0.419157
          -1.32188
         -0.858654
         -0.115795
##################### ACCEPTABLE SUBNET NUMBER: 66  #########################
           6.66887
 0
 1
43
           1.86539
           1.87213
          0.859616
          0.882974
##################### ACCEPTABLE SUBNET NUMBER: 67  #########################
           4.22373
 2
25
30
 6
50
47
14
40
44
21
           1.15168
           1.18769
          0.255305
          0.912082
         -0.813822
          -0.69616
         -0.856456
          0.642086
         -0.315798
          -1.03824
         -0.762018
##################### ACCEPTABLE SUBNET NUMBER: 68  #########################
           8.91964
 1
18
 1
42
         -0.823695
         -0.780772
           2.51493
          0.659694
          -1.26414
##################### ACCEPTABLE SUBNET NUMBER: 69  #########################
           8.82114
 0
 1
20
         -0.193409
         -0.737359
         -0.114332
         -0.240509
##################### ACCEPTABLE SUBNET NUMBER: 70  #########################
           4.76267
12
45
12
16
 1
37
 8
 9
31
 2
28
13
23
 4
14
46
44
41
          0.676242
          0.616358
          0.302071
         -0.572428
         -0.559571
         -0.420723
          0.141638
          -1.31443
          0.586987
          -2.21944
         -0.203624
          -1.09876
           -1.5273
          -2.60751
         -0.460978
          0.500256
          0.213245
          0.146297
         -0.512934
##################### ACCEPTABLE SUBNET NUMBER: 71  #########################
           6.63759
 3
38
 9
45
 3
20
44
43
            1.6526
           1.68975
          0.743108
         -0.545769
          0.252868
          -1.88811
          0.801829
          -1.88811
         -0.567968
##################### ACCEPTABLE SUBNET NUMBER: 72  #########################
           5.12087
 2
25
10
 0
          0.789919
          0.776382
         -0.103199
          0.332093
           0.47368
##################### ACCEPTABLE SUBNET NUMBER: 73  #########################
           8.40789
 1
 5
 0
         -0.711826
         -0.692927
          0.155965
          0.413547
##################### ACCEPTABLE SUBNET NUMBER: 74  #########################
           5.59896
10
31
 1
 2
 3
 5
 7
 8
38
33
32
 4
41
 6
42
40
         -0.500793
         -0.883635
        -0.0957324
          -1.69301
          0.240194
         -0.599703
         -0.548973
         -0.507149
          -0.45852
         -0.520325
          -1.11679
         -0.663125
         -0.712977
          -1.03827
         -0.548663
         -0.255781
           -1.1158
##################### ACCEPTABLE SUBNET NUMBER: 75  #########################
           7.24634
 8
 5
 7
45
37
35
38
 8
 2
 6
 6
44
42
40
34
27
         -0.832921
         -0.873323
          0.394305
           1.39665
          0.244161
          0.500677
           1.01841
       -0.00735376
          -1.57836
          0.575347
         0.0198123
          0.414317
           0.85827
           0.86673
          0.776169
        0.00908671
           0.23998
----------Number of Acceptable Subnets found: 75 -----------
----------END FOR GENE 39 -----------
--------START FOR GENE 40 -----------
 Values arranged as error, n_ka, gene ids for ka, n_kd, gene ids for kd,
 r0, d, ea, ka_values, kd_values for each subnet. 
##################### ACCEPTABLE SUBNET NUMBER: 1  #########################
           1.24987
 3
27
31
36
 1
 1
        -0.0118284
         -0.825277
         -0.303865
         -0.354502
          -1.19583
         -0.306708
          -1.04134
##################### ACCEPTABLE SUBNET NUMBER: 2  #########################
           1.62214
 5
31
36
35
43
41
 5
33
 6
 8
 9
26
          0.738454
          0.779727
         -0.471915
          0.278658
          0.268792
          0.204512
        -0.0571033
         -0.849176
          -0.62563
         -0.257605
        -0.0713598
         -0.102019
         -0.496768
##################### ACCEPTABLE SUBNET NUMBER: 3  #########################
           1.44945
 3
12
36
 7
 4
 1
 8
 6
 9
         -0.442377
          -0.82772
         -0.184347
         -0.173606
          -0.17595
         -0.715543
         -0.194283
         -0.725673
         -0.721317
         -0.719151
##################### ACCEPTABLE SUBNET NUMBER: 4  #########################
          0.719847
 7
27
36
30
35
48
47
44
 7
 6
 1
32
26
34
46
49
         -0.106311
          -0.34353
         -0.145835
         -0.280355
         0.0253364
         -0.626026
          -1.22109
         -0.168975
          -3.07773
         -0.603016
         -0.131889
         -0.793338
         -0.551991
          -0.48002
           -1.2151
          -3.10815
         -0.137963
##################### ACCEPTABLE SUBNET NUMBER: 5  #########################
           1.00208
 1
27
 9
46
26
29
49
20
 2
39
17
36
           1.12549
           1.15717
          0.943448
           1.29612
           1.01645
          0.751815
          0.513082
         -0.211246
          -1.44098
          0.263386
         -0.299696
          -1.37444
          -0.77023
##################### ACCEPTABLE SUBNET NUMBER: 6  #########################
            0.4881
 6
12
27
31
36
 5
 7
 3
 3
 4
 6
         0.0310651
         -0.867385
         -0.360454
         -0.413238
        -0.0293969
         -0.465398
         -0.452488
         -0.708765
          -0.54373
          0.373663
         -0.543726
         -0.612367
##################### ACCEPTABLE SUBNET NUMBER: 7  #########################
          0.625061
 2
48
47
 3
26
25
34
           1.82178
           1.84635
           1.11946
           1.23297
          0.737535
           1.19734
          0.982252
        -0.0126004
##################### ACCEPTABLE SUBNET NUMBER: 8  #########################
          0.998616
 7
48
47
45
42
19
23
44
13
11
10
 9
17
32
18
 2
16
 6
36
46
24
 8
           1.65464
           1.70081
          0.905864
         0.0774791
           1.15295
           1.60185
         -0.897329
         -0.598321
         -0.813265
         -0.910443
          -1.15291
           -1.0456
          -1.18076
          -1.03474
          0.596236
           1.43254
          0.543984
           -1.7289
          -0.84461
          0.337973
           1.32924
          0.292687
        -0.0608653
##################### ACCEPTABLE SUBNET NUMBER: 9  #########################
           1.02266
 4
27
36
45
44
 5
46
18
34
 3
20
             0.627
          0.652492
          0.131457
          0.459371
         -0.210943
           -1.6664
          0.105479
          0.186035
          -0.17416
         -0.205733
          -1.90872
         -0.782361
##################### ACCEPTABLE SUBNET NUMBER: 10  #########################
          0.629078
 5
12
48
22
23
15
 0
           1.30955
           1.23753
        -0.0795467
         0.0613683
        -0.0308777
         0.0288287
         -0.574519
           -1.4931
##################### ACCEPTABLE SUBNET NUMBER: 11  #########################
           1.48464
 5
27
31
36
21
23
 1
18
         0.0361137
          0.084455
        -0.0629592
          0.375402
          0.164954
          0.134226
         -0.542747
          -1.96425
        -0.0624682
##################### ACCEPTABLE SUBNET NUMBER: 12  #########################
          0.934821
 4
45
23
44
 5
 1
46
          0.353608
          0.364925
          0.156638
          0.338839
          -1.91754
         -0.317772
          -1.30173
          0.236482
##################### ACCEPTABLE SUBNET NUMBER: 13  #########################
           1.05587
 3
36
43
42
 1
39
          0.668379
          0.713991
          0.185105
          0.747919
          0.415262
         -0.865643
          0.472957
##################### ACCEPTABLE SUBNET NUMBER: 14  #########################
            1.1266
 1
36
 4
 9
10
11
33
         -0.189088
         -0.341866
         -0.144129
           0.19192
          -0.19666
         -0.042809
          0.105775
         -0.701842
##################### ACCEPTABLE SUBNET NUMBER: 15  #########################
          0.401408
 3
31
41
42
 3
39
 1
33
          0.569203
           0.54958
          -0.05231
           0.26381
          -1.19046
          -1.07234
           -1.2144
          0.164952
          -1.71047
##################### ACCEPTABLE SUBNET NUMBER: 16  #########################
           1.42666
 4
12
27
31
36
 1
39
          0.331664
         -0.833132
         -0.391747
         -0.867448
         -0.397178
         -0.482824
          -1.54352
         -0.461475
##################### ACCEPTABLE SUBNET NUMBER: 17  #########################
           1.05322
 4
36
 7
21
45
16
34
33
32
 2
 6
24
16
29
27
11
 1
46
25
39
 4
26
           1.92473
           1.90551
             1.163
            1.9794
         -0.753182
          -1.14053
          -1.08865
           1.25078
           1.73642
          0.811507
         -0.550923
           1.79308
          -1.12208
           0.22804
           1.07265
          0.921547
          0.558379
          -1.03003
         -0.447717
         -0.267311
         -0.318936
         -0.718768
          0.768569
##################### ACCEPTABLE SUBNET NUMBER: 18  #########################
           1.62662
 3
12
27
 5
 5
 4
 9
 1
 3
 6
        0.00478278
         -0.294678
         -0.126013
         -0.229957
       -0.00231314
         -0.857759
         -0.048693
         -0.609907
         -0.476134
         -0.857759
         -0.857759
##################### ACCEPTABLE SUBNET NUMBER: 19  #########################
          0.491694
 7
12
27
31
22
21
45
44
 4
20
46
 1
 2
          0.527302
          0.543832
        -0.0750163
         0.0016987
          0.471863
         0.0639718
          -1.33611
            -1.706
          -1.24967
           -1.1737
          -1.39072
       -0.00986866
          0.259472
          0.424714
##################### ACCEPTABLE SUBNET NUMBER: 20  #########################
           1.44002
 4
27
43
45
15
 0
         -0.182741
         -0.520571
          -0.14491
        -0.0812698
         -0.389953
          -1.94366
          -1.63844
##################### ACCEPTABLE SUBNET NUMBER: 21  #########################
          0.494626
 6
12
27
36
 5
45
47
 4
49
46
 4
 6
         -0.114537
         -0.270548
         -0.113519
         -0.545048
         -0.241582
          0.104807
        -0.0858518
         -0.679177
         -0.568826
         -0.608601
         -0.397802
        -0.0854659
         0.0488893
##################### ACCEPTABLE SUBNET NUMBER: 22  #########################
          0.742298
 2
12
50
 4
 8
 1
24
25
           1.27784
           1.29137
        -0.0138842
          0.411115
          -1.26207
         -0.254307
           0.20094
         -0.129269
         -0.891845
##################### ACCEPTABLE SUBNET NUMBER: 23  #########################
           2.90892
 1
36
 0
         -0.564576
          -1.23718
          -0.32691
         -0.222648
##################### ACCEPTABLE SUBNET NUMBER: 24  #########################
           1.28225
 3
12
27
36
 1
16
         -0.247606
          -0.84317
         -0.243623
         -0.850723
         -0.257359
         -0.265569
         -0.935308
##################### ACCEPTABLE SUBNET NUMBER: 25  #########################
          0.507788
 2
27
36
 2
34
 1
          0.651484
          0.675394
         -0.214305
          0.444234
          0.146554
         -0.304615
          0.209103
##################### ACCEPTABLE SUBNET NUMBER: 26  #########################
           0.83887
 1
47
10
10
39
34
20
 1
24
18
32
33
11
            1.8712
           1.85714
           1.37989
         -0.637171
           1.56967
          -1.22902
          0.595642
          0.520083
          0.569142
           1.30415
           1.28676
           1.34605
          0.479923
         -0.282036
##################### ACCEPTABLE SUBNET NUMBER: 27  #########################
           0.10257
 3
12
27
36
 3
18
 3
 6
        -0.0487282
         -0.180827
         -0.136056
         -0.423405
         0.0858218
          0.175657
         -0.842044
         -0.270504
          0.186553
##################### ACCEPTABLE SUBNET NUMBER: 28  #########################
            2.3399
 1
48
 2
26
24
           1.58193
           1.61255
           1.35114
          0.765119
           1.35686
           1.05641
##################### ACCEPTABLE SUBNET NUMBER: 29  #########################
           1.12788
 3
31
36
21
 4
38
39
20
10
           0.62107
          0.664054
         0.0720305
         0.0884691
          0.558431
         -0.208429
         -0.283516
          0.277792
         -0.206087
          -1.19293
##################### ACCEPTABLE SUBNET NUMBER: 30  #########################
           1.38878
 2
12
36
 0
         -0.227467
         -0.856192
          -0.25947
         -0.846563
         -0.192514
##################### ACCEPTABLE SUBNET NUMBER: 31  #########################
           1.10335
 4
44
21
 7
50
 7
11
10
17
46
16
 2
38
           1.65583
           1.68777
          0.839862
         -0.370057
          0.239918
         -0.876067
           1.06862
          -1.34523
           1.15593
          -1.62727
          0.777317
          0.785763
         -0.128183
         -0.876488
##################### ACCEPTABLE SUBNET NUMBER: 32  #########################
           1.44276
 7
12
27
36
43
44
45
30
 4
38
39
26
29
         -0.629799
         -0.618059
          -1.19432
        -0.0395362
          -1.09973
         -0.922452
          0.263677
          -1.15171
          -1.21633
         -0.268484
          -1.18797
           -1.2145
          -1.24231
         -0.258985
##################### ACCEPTABLE SUBNET NUMBER: 33  #########################
           1.56303
 2
31
36
 3
 6
24
 8
          0.235622
          0.274382
        -0.0682517
          0.257749
          0.228015
         -0.615796
         -0.825592
         -0.262546
##################### ACCEPTABLE SUBNET NUMBER: 34  #########################
           1.56805
 5
31
36
21
22
19
 3
 6
34
39
            0.3943
          0.430139
        -0.0524985
          0.274643
          0.182736
          -1.61487
          -1.52228
           -1.3629
         -0.333408
         -0.539753
         -0.705701
##################### ACCEPTABLE SUBNET NUMBER: 35  #########################
           1.48167
 3
12
27
31
 0
        -0.0501891
        7.8721e-05
        -0.0807928
        -0.0389279
          0.417594
          0.030497
##################### ACCEPTABLE SUBNET NUMBER: 36  #########################
           1.42651
 1
27
 0
          0.345056
          0.395706
         -0.118891
           0.45177
##################### ACCEPTABLE SUBNET NUMBER: 37  #########################
           1.34686
 5
12
27
31
36
30
 0
         -0.726715
         -0.843291
        -0.0977902
          -1.81304
         0.0416693
           -1.2758
          -1.27336
         -0.800011
##################### ACCEPTABLE SUBNET NUMBER: 38  #########################
          0.649872
11
27
44
43
35
22
23
30
45
47
19
48
 5
36
24
46
20
49
          0.556087
          0.515387
         -0.251455
          0.469257
         -0.876115
         -0.273236
          -1.15893
        -0.0818689
          0.336819
          -1.96267
         -0.210592
         -0.480327
        -0.0292661
          0.047919
          0.310014
          0.154967
           -0.4737
          -1.27773
         0.0669977
##################### ACCEPTABLE SUBNET NUMBER: 39  #########################
          0.675126
 1
27
16
18
32
33
29
17
39
 4
 6
11
46
10
13
 9
16
24
20
          0.659364
          0.601752
          0.257683
          0.920679
          0.373957
         -0.778118
          0.204082
          0.650718
          0.468397
           0.56192
         -0.870287
          0.723293
          0.311671
         -0.474945
          -1.28602
          -1.91875
          -1.78053
         -0.281693
         0.0802186
          -1.30798
##################### ACCEPTABLE SUBNET NUMBER: 40  #########################
          0.376228
 4
12
27
31
36
 1
 6
          0.299021
          0.253831
         -0.100806
          0.252235
           0.28342
        -0.0481197
          0.124586
           0.23907
##################### ACCEPTABLE SUBNET NUMBER: 41  #########################
           1.68946
 6
12
43
41
35
50
42
10
38
33
 8
 9
29
36
 6
13
49
11
           1.61723
           1.67625
          0.964533
           1.66085
          0.947405
          0.960011
         -0.484896
          0.100433
        -0.0293875
            1.2448
          0.899226
         -0.598895
          0.192876
          0.657257
        -0.0352604
        -0.0352604
            -1.109
         -0.684547
         -0.449241
##################### ACCEPTABLE SUBNET NUMBER: 42  #########################
           1.12419
 2
27
36
 2
46
 6
         -0.115683
         -0.504637
          -0.10474
         -0.373978
         -0.155107
         0.0261282
         -0.964137
##################### ACCEPTABLE SUBNET NUMBER: 43  #########################
           1.36857
 2
27
31
 1
39
           1.03911
           1.08735
        -0.0785138
          0.413592
          0.192573
         -0.520916
##################### ACCEPTABLE SUBNET NUMBER: 44  #########################
           1.97935
 1
31
 0
        -0.0831157
         -0.020024
        -0.0625563
          0.369008
##################### ACCEPTABLE SUBNET NUMBER: 45  #########################
           1.40504
 8
27
36
47
45
44
43
42
41
 3
10
46
 1
         0.0170841
         0.0535597
         -0.042647
          0.289604
          0.240398
          -2.24746
         -0.770268
          -1.47306
          -1.47892
         -0.780506
          -1.47892
         0.0875938
         -0.746091
         -0.760506
##################### ACCEPTABLE SUBNET NUMBER: 46  #########################
          0.708857
 3
27
36
48
 0
          0.558904
          0.473306
        -0.0970442
         0.0825293
        -0.0242248
        -0.0483877
##################### ACCEPTABLE SUBNET NUMBER: 47  #########################
           1.41974
 4
27
36
14
43
 0
          0.206797
          0.257294
        -0.0734098
          0.388881
         -0.011291
          0.423233
         -0.181429
##################### ACCEPTABLE SUBNET NUMBER: 48  #########################
           1.37857
 3
27
31
36
 1
 3
           1.11767
           1.16511
        -0.0817033
          0.402778
          0.166756
         0.0492782
          -1.48339
##################### ACCEPTABLE SUBNET NUMBER: 49  #########################
            1.4821
 1
36
 0
         -0.295592
         -0.320029
        -0.0636096
          0.176804
##################### ACCEPTABLE SUBNET NUMBER: 50  #########################
            1.6118
 4
31
19
35
43
 3
49
18
 1
          0.187662
          0.233787
         -0.482191
          0.420593
          0.431605
          0.159565
         -0.595921
          0.124032
         -0.281951
         -0.129142
##################### ACCEPTABLE SUBNET NUMBER: 51  #########################
           1.36684
 2
27
31
 1
18
           0.62359
          0.673102
         -0.102324
          0.457611
         -0.318547
        -0.0280843
##################### ACCEPTABLE SUBNET NUMBER: 52  #########################
           1.43078
 1
27
 0
          0.334503
          0.383604
        -0.0946771
          0.438802
##################### ACCEPTABLE SUBNET NUMBER: 53  #########################
           0.73434
 7
12
27
31
50
48
30
23
 1
39
          0.248055
           0.20662
         0.0148782
         -0.147874
          0.164071
         -0.239982
         -0.944402
         0.0999032
         -0.448954
         -0.541705
         0.0993705
##################### ACCEPTABLE SUBNET NUMBER: 54  #########################
           1.81288
 1
12
 0
          0.829071
           0.87935
        0.00340129
          0.431782
##################### ACCEPTABLE SUBNET NUMBER: 55  #########################
           1.28117
 2
31
36
 0
         -0.147693
         -0.550029
         -0.177668
          -0.62336
          -0.10054
##################### ACCEPTABLE SUBNET NUMBER: 56  #########################
           1.37384
 7
31
 5
15
21
44
43
42
 6
25
11
10
17
24
34
          0.773923
          0.810272
        -0.0198127
          0.340856
          -0.53461
         -0.348189
          -2.45026
         0.0643985
        -0.0871824
          -1.14988
        -0.0391591
          -1.00079
           0.11876
          -3.92152
         -0.473054
         -0.528349
##################### ACCEPTABLE SUBNET NUMBER: 57  #########################
          0.584112
 7
12
27
31
36
 5
 7
23
 3
 6
 8
 9
          0.648381
          0.650092
        -0.0800709
          0.257064
          0.322472
          0.156202
         0.0750608
         -0.038187
          -1.50519
         -0.428788
         0.0776082
          0.170766
          -1.77627
##################### ACCEPTABLE SUBNET NUMBER: 58  #########################
           1.64761
 2
12
45
 5
39
32
 1
34
 9
           1.56577
             1.626
           1.04194
           1.50739
          0.980242
           1.06093
          0.947113
           -0.2975
          -1.14505
          0.771252
##################### ACCEPTABLE SUBNET NUMBER: 59  #########################
           1.55672
 8
27
31
36
42
47
44
43
 5
 0
        -0.0422822
         -0.018004
        -0.0785767
         -0.104282
          0.130279
          0.249366
         -0.710225
          -1.43748
          -1.47787
          -1.43929
         -0.897496
##################### ACCEPTABLE SUBNET NUMBER: 60  #########################
           1.35368
 3
27
42
41
 1
 8
          0.846982
           0.89569
         -0.105789
          0.445845
         -0.497523
         -0.491847
         -0.649053
##################### ACCEPTABLE SUBNET NUMBER: 61  #########################
           1.71484
 3
12
36
 7
 1
20
         -0.994389
          -1.21225
          -1.53099
         0.0044068
          -1.13184
        -0.0150143
         -0.515354
##################### ACCEPTABLE SUBNET NUMBER: 62  #########################
          0.635862
 4
12
27
31
36
 1
 1
          0.569831
          0.567649
        -0.0574119
         -0.060352
          0.347172
         -0.133307
         -0.138584
          0.123693
##################### ACCEPTABLE SUBNET NUMBER: 63  #########################
           1.74878
 1
14
 2
26
36
            1.8718
           1.93422
           1.24685
           1.80794
           1.28938
          0.594195
##################### ACCEPTABLE SUBNET NUMBER: 64  #########################
          0.994032
 6
 7
23
42
41
47
48
 6
11
17
18
20
 6
25
          -1.00793
          -1.10284
         -0.927642
        0.00842186
          0.233649
         -0.555274
         -0.568856
          -1.76889
         -0.367898
         -0.439216
          -0.41478
         -0.472145
        0.00931997
          0.259428
         -0.454055
##################### ACCEPTABLE SUBNET NUMBER: 65  #########################
          0.743338
 7
12
31
36
43
48
45
23
 4
18
46
 4
24
          0.455435
          0.463751
         0.0907759
         -0.113135
         0.0693124
          0.155824
         -0.541812
          -1.01063
          0.251399
        -0.0424024
          0.144327
          0.138676
          -1.20322
        -0.0344135
##################### ACCEPTABLE SUBNET NUMBER: 66  #########################
          0.627456
 5
12
31
42
43
41
 2
25
 8
          0.268067
          0.230508
        -0.0460967
          0.135577
          0.212626
         -0.946811
          -1.03229
         -0.974265
          -0.36379
          0.216364
##################### ACCEPTABLE SUBNET NUMBER: 67  #########################
             1.619
 4
12
31
50
35
 4
32
36
34
25
          0.572657
          0.629176
         0.0573379
          0.282098
          0.400807
         -0.368161
          -1.51654
         0.0289261
          -1.51807
          -0.96264
          -1.52388
##################### ACCEPTABLE SUBNET NUMBER: 68  #########################
          0.668592
 6
27
36
43
44
 5
 7
 2
 8
 4
        -0.0587142
         -0.155579
        -0.0820166
         0.0541155
          0.131119
          -1.10244
          -1.40945
        -0.0524604
         -0.487089
          0.161723
         -0.130218
##################### ACCEPTABLE SUBNET NUMBER: 69  #########################
          0.571159
 2
27
21
 1
24
          0.276613
          0.257227
         -0.102393
          0.424484
         -0.324134
           0.31471
##################### ACCEPTABLE SUBNET NUMBER: 70  #########################
           1.49016
 3
27
36
43
 0
         -0.086828
         -0.044977
        -0.0968254
          0.338537
          0.231929
           -0.3638
##################### ACCEPTABLE SUBNET NUMBER: 71  #########################
            1.2711
 4
31
41
21
15
 4
39
10
11
32
           1.81891
           1.86612
           1.80291
           2.15889
          0.209892
         -0.244634
         -0.316684
           1.89849
          0.834192
          -0.20986
         -0.564772
##################### ACCEPTABLE SUBNET NUMBER: 72  #########################
          0.471074
 4
12
27
31
41
 7
39
38
 6
34
 1
 2
 3
            0.3629
          0.358062
        -0.0538672
       0.000431555
          0.376213
         0.0440892
         -0.320411
          -0.11159
         -0.513107
         -0.498315
         -0.921281
          0.185546
          -1.85349
        -0.0537295
##################### ACCEPTABLE SUBNET NUMBER: 73  #########################
           0.78248
 2
35
44
 6
25
24
26
32
10
 1
         -0.956881
          -1.01489
         -0.630251
          0.547363
         -0.440693
          0.136972
        -0.0388661
          0.330092
         -0.266341
          -1.05079
          0.832119
##################### ACCEPTABLE SUBNET NUMBER: 74  #########################
           2.16053
 2
47
21
 4
39
32
33
36
            1.3707
           1.41427
          0.241908
          0.732788
          0.722159
          0.585415
          -1.57438
          -1.57538
          -1.20298
##################### ACCEPTABLE SUBNET NUMBER: 75  #########################
          0.660365
 6
27
36
14
42
41
 5
 6
17
16
10
26
 9
 6
          0.793964
          0.813423
         0.0507592
           0.58323
          0.700039
         -0.382969
         -0.984128
         -0.946862
         -0.799197
          0.117614
          0.354118
          0.541294
          0.287648
        -0.0955822
          0.480075
----------Number of Acceptable Subnets found: 75 -----------
----------END FOR GENE 40 -----------
--------START FOR GENE 41 -----------
 Values arranged as error, n_ka, gene ids for ka, n_kd, gene ids for kd,
 r0, d, ea, ka_values, kd_values for each subnet. 
##################### ACCEPTABLE SUBNET NUMBER: 1  #########################
           1.31666
 0
 1
23
          0.918871
          -2.47217
         -0.689897
          -1.48159
##################### ACCEPTABLE SUBNET NUMBER: 2  #########################
            1.3129
 0
 1
 8
       0.000881704
          -2.56108
         -0.461923
         -0.363378
##################### ACCEPTABLE SUBNET NUMBER: 3  #########################
           1.31969
 0
 0
         -0.968489
          -3.96491
         -0.220684
##################### ACCEPTABLE SUBNET NUMBER: 4  #########################
           1.23824
 1
33
 0
         -0.102719
          -2.46639
         -0.432485
         -0.485924
##################### ACCEPTABLE SUBNET NUMBER: 5  #########################
           1.31144
 2
17
32
 0
          -0.34923
          -2.40442
          -0.36786
            -0.844
          -1.70309
##################### ACCEPTABLE SUBNET NUMBER: 6  #########################
           1.31992
 1
32
 0
         -0.784388
          -16.0813
         -0.272118
          -1.47459
##################### ACCEPTABLE SUBNET NUMBER: 7  #########################
          0.574279
 6
26
25
27
13
14
15
 2
24
23
          0.959194
           1.04344
          0.310131
          0.594831
         -0.879818
          0.869068
          0.312977
          -1.00491
           0.24062
           0.72239
          0.778966
##################### ACCEPTABLE SUBNET NUMBER: 8  #########################
           1.31674
12
35
10
11
12
 9
13
14
15
17
 7
18
19
 3
36
16
 8
          -1.85537
          -2.58223
           2.20905
          -1.63946
          -1.68658
          0.467889
          -1.68658
          0.467889
          -1.68658
          0.467889
          -1.68658
          0.467889
          -1.68658
          0.467889
          -1.68658
          0.588596
          0.467889
          -1.68658
##################### ACCEPTABLE SUBNET NUMBER: 9  #########################
           0.69171
13
10
11
19
37
38
40
35
34
33
25
26
15
 1
 7
36
24
23
16
29
 8
44
         -0.399078
         -0.278091
            0.1764
         -0.578639
          -1.27914
         -0.417801
         -0.595809
          0.819907
          0.697339
         -0.532059
          0.700048
         -0.511576
          0.797911
          0.958167
         -0.776019
          -1.57974
         -0.472631
          0.874409
          0.615086
         -0.270901
         -0.882468
         -0.385223
            0.0397
##################### ACCEPTABLE SUBNET NUMBER: 10  #########################
           1.31715
 0
 1
46
          -1.76264
          -6.24932
          0.100431
         -0.443877
##################### ACCEPTABLE SUBNET NUMBER: 11  #########################
           1.31674
 1
11
 0
         -0.550123
          -2.59273
          -0.32112
          -1.79232
##################### ACCEPTABLE SUBNET NUMBER: 12  #########################
           1.07818
 2
11
39
 2
46
45
         -0.222262
           -2.4766
          -0.39317
          -1.76124
         -0.524755
         -0.803287
        -0.0178537
##################### ACCEPTABLE SUBNET NUMBER: 13  #########################
           1.31674
 0
 0
         -0.544531
          -2.57992
         -0.322194
##################### ACCEPTABLE SUBNET NUMBER: 14  #########################
           1.65256
 1
12
 4
20
49
48
46
           1.10086
           1.24198
          0.853171
          -1.49316
          0.944532
         -0.228743
          -1.49316
         -0.959022
##################### ACCEPTABLE SUBNET NUMBER: 15  #########################
          0.223336
 4
11
32
33
28
 1
31
         -0.274855
         -0.669342
        -0.0967517
         -0.768941
          -1.77279
         -0.143646
          -1.79241
        -0.0342197
##################### ACCEPTABLE SUBNET NUMBER: 16  #########################
          0.746445
 9
17
 7
50
33
19
34
32
40
10
 8
44
45
43
42
36
49
22
24
           1.26057
           1.34154
          0.456461
         -0.606623
         -0.939332
          0.471093
          -1.31304
          -1.77759
         -0.729407
         -0.140605
         -0.758741
          -1.84627
          0.419009
        -0.0529256
         -0.231545
        -0.0447913
          0.491031
         -0.393003
         -0.411688
          -1.08715
##################### ACCEPTABLE SUBNET NUMBER: 17  #########################
           1.31938
 1
 4
 0
          -1.41588
          -5.05729
        -0.0803392
         -0.582566
##################### ACCEPTABLE SUBNET NUMBER: 18  #########################
          0.667877
 5
21
19
25
39
32
 6
48
23
24
22
46
16
           1.80132
           1.91014
           1.12145
          -1.21011
          -1.41111
          -1.36996
          0.766946
          -1.46343
         -0.495915
          0.999855
           1.12953
           0.72698
         -0.803697
          0.861972
##################### ACCEPTABLE SUBNET NUMBER: 19  #########################
            1.9114
 0
 2
23
29
           0.46359
          0.602175
          0.358916
          0.282536
          -1.37579
##################### ACCEPTABLE SUBNET NUMBER: 20  #########################
           1.31569
 1
28
 0
         -0.438803
          -2.51738
         -0.347971
           -1.4444
##################### ACCEPTABLE SUBNET NUMBER: 21  #########################
          0.376935
 9
14
39
47
21
19
10
33
32
 4
 4
42
43
48
23
           1.71606
            1.7903
          0.853921
         -0.468666
          -0.20161
           0.42255
         -0.704888
         -0.672829
          -0.19127
          0.228093
         -0.154611
         -0.155668
          0.824066
         -0.183271
         -0.347016
          0.768381
##################### ACCEPTABLE SUBNET NUMBER: 22  #########################
          0.530182
 5
 1
 4
 7
 9
11
 2
22
45
          0.580691
          0.627961
          0.128031
          -2.10572
           0.25638
           0.45371
           -2.0488
          -2.01592
           0.23539
         -0.217461
##################### ACCEPTABLE SUBNET NUMBER: 23  #########################
           1.31665
 0
 0
         -0.566918
          -2.47618
         -0.312848
##################### ACCEPTABLE SUBNET NUMBER: 24  #########################
           1.03013
 2
17
 3
 1
44
        -0.0540147
          -2.35369
         -0.390815
          -1.15506
          -1.07897
         0.0621479
##################### ACCEPTABLE SUBNET NUMBER: 25  #########################
           1.31665
 9
27
39
38
 4
 5
 3
 7
10
12
10
45
44
43
42
46
36
31
29
22
 8
          -1.84205
          -2.47544
           2.16895
           1.35448
         0.0247929
        0.00199393
         -0.735718
           1.24207
         -0.735718
           1.48207
           1.27707
         -0.735718
           0.24469
         0.0333772
        -0.0337978
         0.0590695
        -0.0812317
        -0.0203258
        -0.0239507
         -0.034358
          0.559244
         -0.735718
##################### ACCEPTABLE SUBNET NUMBER: 26  #########################
          0.678865
 6
21
 9
14
15
10
11
 3
36
24
48
          0.934063
           1.04426
          0.731471
          -1.31036
          0.788233
          0.550888
         -0.855951
          0.936628
          0.634254
          0.743663
          0.621765
          -1.32046
##################### ACCEPTABLE SUBNET NUMBER: 27  #########################
          0.379781
 1
33
 1
 8
         -0.984966
         -0.912674
          -0.33179
          0.970224
          0.424293
##################### ACCEPTABLE SUBNET NUMBER: 28  #########################
           0.48585
 8
33
32
19
21
18
26
27
25
 0
         0.0713565
         -0.992795
         -0.315145
         -0.497386
          -0.75685
          -1.24976
           -1.3135
         -0.195532
          -1.74311
          -2.10064
          -1.92385
##################### ACCEPTABLE SUBNET NUMBER: 29  #########################
           1.31665
 0
 0
          0.506497
          -2.47676
          -0.58666
##################### ACCEPTABLE SUBNET NUMBER: 30  #########################
          0.689537
 3
10
11
12
 0
           0.66961
          0.765628
         -0.512696
          0.776509
        -0.0227525
        -0.0930171
##################### ACCEPTABLE SUBNET NUMBER: 31  #########################
          0.973594
 6
26
27
25
12
21
19
 1
22
          0.781203
          0.899736
          0.601279
          0.315616
          0.951322
          0.136048
         -0.672934
          -1.30417
          -1.30417
           0.86134
##################### ACCEPTABLE SUBNET NUMBER: 32  #########################
          0.488511
 3
 7
21
19
 4
22
20
23
24
          0.193615
           0.23453
          0.343459
          0.266106
          0.250368
          0.519014
         -0.426583
           0.65608
         -0.325235
         -0.423748
##################### ACCEPTABLE SUBNET NUMBER: 33  #########################
           1.31665
 1
 1
 0
         -0.587878
          -2.47659
         -0.307365
          -1.34933
##################### ACCEPTABLE SUBNET NUMBER: 34  #########################
          0.717278
 8
 5
 7
 9
10
11
12
26
27
 3
36
31
29
           1.48936
           1.60009
          0.660308
          0.559864
          0.817435
         -0.027997
          0.185989
          0.260582
          0.183945
          0.389501
          0.319808
          0.645552
          0.502023
         -0.823201
##################### ACCEPTABLE SUBNET NUMBER: 35  #########################
           1.31665
 3
35
34
39
 0
          -1.84202
          -2.47674
           2.43207
          0.302356
         -0.167154
           1.14107
##################### ACCEPTABLE SUBNET NUMBER: 36  #########################
           1.31221
 1
14
 0
          -1.17758
          -4.62896
         -0.160678
         -0.647987
##################### ACCEPTABLE SUBNET NUMBER: 37  #########################
           0.79858
 9
32
35
13
12
10
15
17
18
26
 0
          0.371992
          0.146546
         -0.209631
        -0.0595271
         -0.138614
         -0.627218
         -0.552615
         -0.554264
          -1.22613
          -1.59912
         -0.744635
         -0.192045
##################### ACCEPTABLE SUBNET NUMBER: 38  #########################
          0.374184
 1
35
 3
49
36
48
           1.67867
            1.7379
           1.12295
          0.455958
          0.923093
           1.10683
          0.960471
##################### ACCEPTABLE SUBNET NUMBER: 39  #########################
          0.634658
 5
35
34
37
33
 7
 1
49
          0.507595
          0.495589
          0.171264
          -1.18013
          -1.15683
         -0.930372
         -0.689354
         -0.140664
          0.173249
##################### ACCEPTABLE SUBNET NUMBER: 40  #########################
           1.31959
 1
47
 0
         -0.926139
           -5.3186
         -0.233216
         -0.868414
##################### ACCEPTABLE SUBNET NUMBER: 41  #########################
           0.67363
11
 4
 5
 7
 9
10
19
21
 2
28
17
27
 7
 8
 6
22
48
20
29
16
           1.02978
           1.14758
           1.64704
           1.27266
           1.41729
           1.58991
           1.36334
           1.29204
         -0.580539
           1.18103
           1.04224
          0.794551
         -0.234767
          0.473996
            1.5385
           1.18052
           1.52413
         -0.560333
           1.63433
          0.200045
           1.38641
##################### ACCEPTABLE SUBNET NUMBER: 42  #########################
           0.56703
 3
47
40
39
 4
20
46
45
42
           1.77328
           1.79988
           1.06143
          0.045991
           1.16845
          0.293142
           1.30792
        -0.0721521
           1.01674
           1.03574
##################### ACCEPTABLE SUBNET NUMBER: 43  #########################
           1.13498
 3
19
37
26
 3
44
23
24
           1.08069
           1.20178
           1.04558
          -0.24942
          0.376927
          -1.78928
           0.98903
          -1.80279
           1.02554
##################### ACCEPTABLE SUBNET NUMBER: 44  #########################
          0.302178
 6
19
 3
34
10
32
 2
 6
23
24
22
31
36
44
          0.347324
          0.439468
          0.104983
          -1.67411
          0.299053
          -1.11068
           0.72242
         -0.166092
         -0.938524
        -0.0422492
          -1.30161
          0.236511
         -0.231635
         -0.262584
         -0.744058
##################### ACCEPTABLE SUBNET NUMBER: 45  #########################
           1.12361
 1
 3
 2
22
23
          -0.28988
          -1.69441
         -0.373657
         -0.174672
          -1.30952
         -0.331951
##################### ACCEPTABLE SUBNET NUMBER: 46  #########################
           1.21005
 0
 1
24
          0.637637
          -2.64693
         -0.616718
        -0.0924152
##################### ACCEPTABLE SUBNET NUMBER: 47  #########################
          0.344252
 4
 3
10
14
28
 2
48
20
          0.995416
           1.04357
          0.774684
          -1.72283
          0.248423
           1.02666
          -1.03056
           0.54785
           1.08016
##################### ACCEPTABLE SUBNET NUMBER: 48  #########################
          0.833812
 2
15
 5
 3
48
36
16
           0.57732
           0.69175
          0.554014
         -0.783419
         -0.273419
          -0.94854
          0.532653
         -0.783964
##################### ACCEPTABLE SUBNET NUMBER: 49  #########################
           1.31557
 1
 5
 0
         -0.987923
          -3.78596
         -0.214778
         -0.839892
##################### ACCEPTABLE SUBNET NUMBER: 50  #########################
          0.437679
 7
15
14
17
13
18
19
33
 3
43
20
16
           1.85217
           1.91545
           1.43004
           1.41158
         -0.248945
           1.66625
         -0.381225
           1.39746
         -0.206346
           1.41413
          0.792665
            1.7678
          0.420992
##################### ACCEPTABLE SUBNET NUMBER: 51  #########################
           1.67441
10
40
39
26
 3
21
33
17
18
25
28
 6
29
42
22
44
45
24
          0.112144
          0.264269
           1.51632
          0.227988
          0.273984
         -0.368927
          -0.26597
         -0.764101
         -0.737028
         -0.180304
          0.122968
          0.945642
          -0.13957
           1.43905
          0.250349
        -0.0163451
          0.497134
          0.763556
          0.945642
##################### ACCEPTABLE SUBNET NUMBER: 52  #########################
          0.614793
 2
 7
18
 1
36
          0.358153
          0.236338
          0.015702
          0.165368
         -0.217818
         0.0244932
##################### ACCEPTABLE SUBNET NUMBER: 53  #########################
           1.31452
 1
18
 0
         -0.806712
          -3.84558
         -0.265221
          -0.23776
##################### ACCEPTABLE SUBNET NUMBER: 54  #########################
           1.31675
 0
 0
          -0.31472
          -2.59514
         -0.382247
##################### ACCEPTABLE SUBNET NUMBER: 55  #########################
           1.31943
 0
 1
 8
          -1.00561
          -5.27515
         -0.210605
         -0.933752
##################### ACCEPTABLE SUBNET NUMBER: 56  #########################
           1.38487
 0
 0
           1.19106
          -1.77937
          -0.70986
##################### ACCEPTABLE SUBNET NUMBER: 57  #########################
          0.608311
 8
 4
17
15
14
19
21
13
32
 7
20
22
31
48
49
46
45
         0.0670634
          0.156479
           1.03493
          0.641467
          -1.27928
         -0.476925
          -1.33787
          -1.30761
          -1.31464
         -0.507568
         -0.483936
         -0.493893
          -1.32918
         -0.314768
          -1.43308
          0.938784
          -1.44636
           0.90311
##################### ACCEPTABLE SUBNET NUMBER: 58  #########################
          0.407793
 0
 1
44
           -0.9415
           -1.1498
         0.0856038
          0.159932
##################### ACCEPTABLE SUBNET NUMBER: 59  #########################
           1.31957
 0
 1
44
         -0.998232
           -5.3061
         -0.213265
         -0.709353
##################### ACCEPTABLE SUBNET NUMBER: 60  #########################
          0.776563
 7
38
37
 7
50
10
11
35
 2
31
36
           1.47478
           1.59592
          0.987349
          0.194831
         -0.781206
         0.0194038
          0.919225
           0.99404
         -0.612191
         -0.806258
          0.960947
         -0.748943
##################### ACCEPTABLE SUBNET NUMBER: 61  #########################
           1.49008
 4
10
14
40
21
 5
 6
43
16
48
45
           1.76454
           1.91246
           1.83845
         -0.825118
          0.486605
         -0.445268
          -2.40507
           1.77989
          -1.64982
          0.617794
         -0.617381
         -0.177719
##################### ACCEPTABLE SUBNET NUMBER: 62  #########################
          0.744332
 8
34
33
35
32
18
19
17
21
 2
31
20
          0.114996
          0.177998
         -0.101259
           0.38143
         -0.168579
         -0.253192
          0.105068
         -0.669938
         -0.469135
         -0.763349
         -0.779264
         -0.313483
         -0.756244
##################### ACCEPTABLE SUBNET NUMBER: 63  #########################
          0.651904
 2
26
27
 0
         0.0305943
         -0.182032
        -0.0948975
        -0.0502248
         -0.615664
##################### ACCEPTABLE SUBNET NUMBER: 64  #########################
           1.10978
 6
25
28
40
19
13
 4
 2
24
43
           1.67764
           1.81392
            1.8374
           1.87001
          -0.34052
           1.18941
         -0.884025
           1.11223
          0.156299
            1.9185
          -1.83237
##################### ACCEPTABLE SUBNET NUMBER: 65  #########################
           1.31665
 3
47
26
27
 1
48
          -1.84209
          -2.47676
           3.27876
         -0.743609
          -1.95233
           1.05537
          -2.66987
##################### ACCEPTABLE SUBNET NUMBER: 66  #########################
           1.31674
 0
 1
49
          -1.85611
          -2.58844
           3.67805
          0.306841
##################### ACCEPTABLE SUBNET NUMBER: 67  #########################
           1.31528
 1
32
 1
31
          0.790213
          -2.46614
         -0.657454
          -1.99755
         -0.990185
##################### ACCEPTABLE SUBNET NUMBER: 68  #########################
          0.715166
 1
47
 4
29
31
46
45
           1.40798
           1.49999
           1.37126
           1.40561
            1.1255
          0.399373
         -0.630215
           1.40475
##################### ACCEPTABLE SUBNET NUMBER: 69  #########################
           1.30118
 1
39
 0
         -0.428411
          -2.27388
         -0.340076
          -0.42452
##################### ACCEPTABLE SUBNET NUMBER: 70  #########################
           1.31677
 0
 0
           1.96769
          -2.54347
         -0.954592
##################### ACCEPTABLE SUBNET NUMBER: 71  #########################
          0.425535
 4
26
32
33
28
 3
31
29
42
          0.262444
          0.316267
           0.26855
          0.115556
          -1.30233
          -1.47659
          -1.52778
          0.197854
         -0.221802
          0.210196
##################### ACCEPTABLE SUBNET NUMBER: 72  #########################
          0.465072
 1
10
 3
23
24
 8
          0.990779
          0.997741
         0.0804974
          0.409119
        -0.0768459
          0.088709
          -2.57463
##################### ACCEPTABLE SUBNET NUMBER: 73  #########################
           1.20825
 0
 1
49
         -0.370529
          -2.26574
          -0.32041
       -0.00859946
##################### ACCEPTABLE SUBNET NUMBER: 74  #########################
           1.31672
 0
 1
49
         -0.525863
          -2.59237
         -0.327484
          -1.21497
##################### ACCEPTABLE SUBNET NUMBER: 75  #########################
          0.636667
 0
 2
43
49
          0.519046
          0.295663
       -0.00515647
          -1.33753
         0.0251905
----------Number of Acceptable Subnets found: 75 -----------
----------END FOR GENE 41 -----------
