File open successful. It contains: 
Finished reading file, will close now.
File x_dt open successful.
Finished reading file x_dt, will close now.
File sd_d open successful.
Finished reading file sd_d, will close now.
--------START FOR GENE 9 -----------
 Values arranged as error, n_ka, gene ids for ka, n_kd, gene ids for kd,
 r0, d, ea, ka_values, kd_values for each subnet. 
##################### ACCEPTABLE SUBNET NUMBER: 1  #########################
           1.60049
23
30
12
14
16
11
10
20
21
22
 8
35
50
48
46
45
44
39
33
32
19
36
31
 3
 5
18
34
41
15
49
          -1.39655
         -0.798496
          -1.01208
        -0.0759181
           0.48994
           1.64058
           0.82958
          0.826083
           1.37361
           0.49342
           1.75606
          0.549802
           1.51566
          0.797313
          0.414863
          0.395243
         -0.257417
          0.807437
         -0.298562
          0.777558
          0.818136
         -0.279162
          0.808596
         0.0858382
          0.326965
          0.661435
           1.53339
           1.33247
         -0.991238
         -0.469674
           0.91202
##################### ACCEPTABLE SUBNET NUMBER: 2  #########################
           1.86763
 1
 7
 0
          -0.11898
         -0.960718
         -0.464481
         -0.797318
##################### ACCEPTABLE SUBNET NUMBER: 3  #########################
           1.59126
 0
 1
34
         -0.419665
         -0.733445
         -0.171002
          0.252415
##################### ACCEPTABLE SUBNET NUMBER: 4  #########################
           1.85597
12
 2
 3
 7
 8
10
11
13
25
27
28
23
29
 3
 4
42
26
          -1.19251
         -0.971847
         -0.184944
          -1.21477
         -0.728552
         -0.431653
          -1.76949
          -1.76949
          -1.76949
          -1.76949
          -1.19674
          -1.20721
          -1.20733
          -1.20807
          -1.20913
         -0.114912
          -2.17534
          -1.20596
##################### ACCEPTABLE SUBNET NUMBER: 5  #########################
          0.664367
 5
13
31
20
23
25
 1
49
          0.607439
          0.664843
         -0.157183
           0.23017
         -0.440058
         0.0488799
         -0.271809
          0.055558
          0.169313
##################### ACCEPTABLE SUBNET NUMBER: 6  #########################
           1.86215
 0
 1
41
          0.340684
         -0.950358
         -0.564308
         -0.170103
##################### ACCEPTABLE SUBNET NUMBER: 7  #########################
           1.86641
 0
 1
49
           3.97145
           -0.9617
          -1.48675
         -0.315949
##################### ACCEPTABLE SUBNET NUMBER: 8  #########################
          0.605352
13
 3
13
14
 2
 7
 8
27
20
50
35
23
16
25
 2
 4
15
           1.36083
           1.54034
         -0.206019
         -0.641293
         -0.891652
          0.482493
           -1.0741
          -1.34909
          -1.41903
         -0.405276
         0.0149336
         -0.244587
         -0.661308
           0.16033
           -1.4706
         -0.309577
         -0.415206
          0.245607
##################### ACCEPTABLE SUBNET NUMBER: 9  #########################
          0.649977
 9
25
27
32
29
35
43
16
28
 7
 1
18
          0.268241
          0.426795
          -1.61326
          -0.42196
          -1.36344
         -0.220149
            0.1429
         -0.928878
         -0.487438
       -0.00452758
         -0.132496
         -0.322685
          -2.05944
##################### ACCEPTABLE SUBNET NUMBER: 10  #########################
           1.86501
 0
 1
34
          0.158585
         -0.957963
          -0.53067
         -0.360505
##################### ACCEPTABLE SUBNET NUMBER: 11  #########################
           1.84642
 2
 7
14
 0
          -1.77858
         -0.920879
         -0.494209
          0.160992
          0.705999
##################### ACCEPTABLE SUBNET NUMBER: 12  #########################
           1.86764
 0
 1
41
         -0.384513
         -0.959011
         -0.394369
         -0.659126
##################### ACCEPTABLE SUBNET NUMBER: 13  #########################
          0.589611
 7
20
23
31
 5
28
29
48
 0
          0.657436
          0.838303
          -0.23713
          0.121219
          0.116821
            -1.016
         -0.541667
         -0.179057
         -0.161686
       -0.00799229
##################### ACCEPTABLE SUBNET NUMBER: 14  #########################
           1.66544
 7
11
13
20
14
16
32
21
 0
          0.242593
          0.581509
         -0.210349
          0.281988
          0.134726
           0.46829
         -0.906956
         -0.313678
         -0.260213
         0.0580134
##################### ACCEPTABLE SUBNET NUMBER: 15  #########################
            1.8677
 0
 0
         -0.535251
         -0.959122
         -0.355688
##################### ACCEPTABLE SUBNET NUMBER: 16  #########################
           1.86768
 0
 1
41
        -0.0412192
         -0.959142
         -0.481972
         -0.775608
##################### ACCEPTABLE SUBNET NUMBER: 17  #########################
            1.8677
 0
 0
          -1.79618
         -0.959018
         0.0738158
##################### ACCEPTABLE SUBNET NUMBER: 18  #########################
          0.749033
 9
43
32
33
 1
50
 5
 7
10
16
 2
42
41
          0.885317
           1.09572
           -0.3523
          0.442685
          0.349987
          -0.18969
         -0.557347
          -1.50062
          0.437434
         -0.948428
          -1.35908
         -0.871001
           0.28601
          0.533761
##################### ACCEPTABLE SUBNET NUMBER: 19  #########################
           1.84946
 8
48
46
45
44
43
13
12
11
 2
47
42
          -1.98267
         -0.975929
         -0.361172
         -0.249424
          0.432895
          -0.79079
          -0.75388
         -0.758623
          -1.24986
          -1.24986
          -0.90117
         -0.678281
         -0.732236
##################### ACCEPTABLE SUBNET NUMBER: 20  #########################
           2.26454
 9
32
19
 5
 7
23
13
29
20
 3
 1
34
         -0.178848
         0.0230124
         0.0294581
         -0.585043
         -0.209881
          -0.69647
          -1.98835
         0.0841659
          -1.58272
          -1.54077
         -0.815265
          -2.90228
          0.236388
##################### ACCEPTABLE SUBNET NUMBER: 21  #########################
          0.604989
 7
37
25
48
35
16
19
 2
 0
           0.53309
          0.751636
         -0.255314
         -0.288757
          -1.14222
         -0.334206
         -0.368074
         0.0325473
          0.244364
          0.250133
##################### ACCEPTABLE SUBNET NUMBER: 22  #########################
          0.552438
 5
 8
10
11
12
48
 0
           1.00953
           1.05967
         -0.281566
         -0.672563
         -0.503193
         0.0162556
         -0.247469
        -0.0659632
##################### ACCEPTABLE SUBNET NUMBER: 23  #########################
            1.8424
 1
14
 0
         -0.864341
         -0.479904
         -0.137465
          0.524226
##################### ACCEPTABLE SUBNET NUMBER: 24  #########################
          0.472698
 2
29
48
 0
          0.817586
          0.395447
         -0.369892
         -0.169556
         -0.217409
##################### ACCEPTABLE SUBNET NUMBER: 25  #########################
           1.85532
12
48
 5
 8
10
11
13
25
36
33
37
32
45
 2
 4
34
          -1.95692
         -0.976207
         -0.165645
          0.463009
          -0.80874
         -0.829754
         -0.827799
         -0.831025
         -0.830819
        0.00675457
          -1.84118
          -1.84126
          -1.26313
          -1.84141
          -1.26325
          0.195012
           -1.2411
##################### ACCEPTABLE SUBNET NUMBER: 26  #########################
          0.595784
 4
23
25
 5
 2
 2
 4
40
          0.939745
          0.878478
         -0.201806
          0.140927
        -0.0396227
         -0.945847
          -1.73846
         -0.861286
          0.135807
##################### ACCEPTABLE SUBNET NUMBER: 27  #########################
           1.86771
 0
 0
         -0.691081
         -0.959332
         -0.315315
##################### ACCEPTABLE SUBNET NUMBER: 28  #########################
           0.48904
 5
31
23
12
25
28
 1
 6
          0.638715
          0.745194
         -0.169457
          -0.48802
          0.145238
         -0.599422
        -0.0411198
          -1.04866
          0.036785
##################### ACCEPTABLE SUBNET NUMBER: 29  #########################
           1.86767
 0
 1
34
           0.55354
         -0.959141
         -0.631629
         -0.836525
##################### ACCEPTABLE SUBNET NUMBER: 30  #########################
           1.82501
 8
11
 2
 3
29
21
 8
19
20
 1
18
         -0.305408
         0.0556553
         -0.119435
          0.423875
         -0.495512
          0.506334
          -1.93619
         -0.542046
          -1.12352
           -2.1632
           -2.1632
           -1.0442
##################### ACCEPTABLE SUBNET NUMBER: 31  #########################
          0.549172
 6
22
33
16
13
12
30
 1
15
          0.600324
          0.109439
         -0.338437
         0.0857114
         -0.808814
          -1.35706
          0.165629
         -0.050448
          -0.87407
          0.390686
##################### ACCEPTABLE SUBNET NUMBER: 32  #########################
           1.86711
 1
 2
 1
 4
           -1.3849
         -0.949976
         -0.109721
        -0.0889462
          -2.89358
##################### ACCEPTABLE SUBNET NUMBER: 33  #########################
           1.81045
 1
 2
 1
41
          0.617707
          -0.87319
          -0.54112
         -0.781639
         0.0945669
##################### ACCEPTABLE SUBNET NUMBER: 34  #########################
           1.85391
 1
32
 0
        -0.0419808
          -1.00831
         -0.628446
         -0.520981
##################### ACCEPTABLE SUBNET NUMBER: 35  #########################
          0.696065
 5
12
32
14
 3
27
 2
34
15
          0.828755
          0.834857
         -0.230343
         0.0369888
         -0.535977
          0.359601
         -0.479681
          0.153313
         -0.149734
          0.262398
##################### ACCEPTABLE SUBNET NUMBER: 36  #########################
           1.83569
 2
22
16
 2
15
40
         0.0680618
         -0.848814
         -0.486841
         -0.415413
         -0.461632
         -0.344357
           -1.1564
##################### ACCEPTABLE SUBNET NUMBER: 37  #########################
           1.79544
 8
 2
39
37
36
35
12
11
13
 2
40
41
         -0.621559
         -0.977807
         -0.884381
         -0.192178
         -0.289089
           -1.5957
          -1.59613
          -1.59619
          -2.63031
          -2.63031
          -2.63031
          -1.12009
           -1.5956
##################### ACCEPTABLE SUBNET NUMBER: 38  #########################
           1.85388
 2
32
44
 0
          -1.99707
         -0.972523
          -1.30413
          0.851133
         -0.572165
##################### ACCEPTABLE SUBNET NUMBER: 39  #########################
          0.715056
 4
11
46
13
43
 2
34
 6
          0.588263
           0.87855
         -0.173344
          0.407134
         -0.917063
           0.48797
         -0.799638
         -0.114643
          0.291605
##################### ACCEPTABLE SUBNET NUMBER: 40  #########################
          0.916725
 9
28
25
 3
43
 5
 7
27
45
19
 1
15
           1.15655
           1.37526
         -0.155367
          0.163654
         -0.529632
         -0.851347
         -0.283506
          0.221412
          -1.60583
          -1.09089
         -0.126026
         -0.193746
         -0.029528
##################### ACCEPTABLE SUBNET NUMBER: 41  #########################
            1.8017
 3
25
 2
 3
 1
 6
          -1.60677
         -0.975403
        -0.0292198
          -1.17486
         -0.212145
         -0.180526
          0.159845
##################### ACCEPTABLE SUBNET NUMBER: 42  #########################
          0.648047
 2
13
16
 0
            1.1129
           1.36656
         -0.158943
          0.315432
           0.04183
##################### ACCEPTABLE SUBNET NUMBER: 43  #########################
            1.8061
 1
46
 2
41
40
          -1.84503
         -0.968245
          0.163415
           1.22818
            1.1661
         -0.798433
##################### ACCEPTABLE SUBNET NUMBER: 44  #########################
          0.447294
 3
 5
 2
48
 0
          0.449847
           0.52047
         -0.217083
         0.0366949
          -1.01424
          -0.10667
##################### ACCEPTABLE SUBNET NUMBER: 45  #########################
           0.89311
 3
 5
22
23
 0
          0.730994
          0.975081
         -0.120413
          0.171053
          -0.52117
          0.188633
##################### ACCEPTABLE SUBNET NUMBER: 46  #########################
            1.8677
 1
32
 0
         -0.186351
         -0.959129
         -0.445215
          -1.37624
##################### ACCEPTABLE SUBNET NUMBER: 47  #########################
           1.79542
 6
31
30
35
 5
27
39
 2
41
40
          0.257279
          0.616345
         -0.360753
          0.450897
          0.268842
          -1.55384
         -0.156478
         -0.610826
         -0.850013
         0.0813538
         -0.795978
##################### ACCEPTABLE SUBNET NUMBER: 48  #########################
           1.94651
13
 2
21
19
43
 8
16
28
10
 7
25
14
32
11
 8
41
47
38
49
40
 4
26
34
           1.25747
           1.53778
           1.93571
         -0.302932
          -1.76322
          -1.73953
           0.88347
           1.02076
          0.853605
          -1.20675
         -0.537504
         -0.177826
          0.328077
          -1.61592
         -0.183074
           1.98102
           2.10112
          0.968554
         -0.139581
         -0.250179
         -0.022452
         -0.241683
        0.00553591
          0.643186
##################### ACCEPTABLE SUBNET NUMBER: 49  #########################
           1.77823
 0
 1
18
         0.0393749
         -0.931411
         -0.461514
          0.100995
##################### ACCEPTABLE SUBNET NUMBER: 50  #########################
            1.8917
 6
 8
35
44
45
36
16
 1
34
          0.548606
          0.875243
         -0.344232
          -1.10034
         -0.814372
         -0.624182
          0.351552
         -0.764781
         -0.898694
          0.218134
##################### ACCEPTABLE SUBNET NUMBER: 51  #########################
           1.86574
 0
 1
15
          0.154508
         -0.959711
         -0.531148
         -0.410465
##################### ACCEPTABLE SUBNET NUMBER: 52  #########################
           1.57324
 0
 1
34
            0.1528
         -0.690403
         -0.292745
          0.288947
##################### ACCEPTABLE SUBNET NUMBER: 53  #########################
           1.83706
 1
39
 1
41
          -1.66863
         -0.987549
         -0.121104
         0.0432695
         0.0403815
##################### ACCEPTABLE SUBNET NUMBER: 54  #########################
           1.85523
 1
16
 1
15
         -0.295733
         -0.972181
         -0.425138
         -0.680855
         -0.117841
##################### ACCEPTABLE SUBNET NUMBER: 55  #########################
          0.417943
 3
25
23
48
 0
           1.20149
           1.35243
         -0.234638
         -0.313518
          0.123705
         -0.012607
##################### ACCEPTABLE SUBNET NUMBER: 56  #########################
           1.41469
 4
33
20
16
11
 2
40
15
          0.844261
          0.983916
         -0.920377
         -0.180532
          0.509419
          -0.35229
         -0.963921
          0.243647
         -0.663554
##################### ACCEPTABLE SUBNET NUMBER: 57  #########################
           1.86759
 0
 1
40
           1.19006
         -0.959283
         -0.790956
         -0.634402
##################### ACCEPTABLE SUBNET NUMBER: 58  #########################
           1.86332
 0
 1
 4
          0.116574
          -1.02258
         -0.546572
          0.509187
##################### ACCEPTABLE SUBNET NUMBER: 59  #########################
            1.8677
 0
 0
         -0.153707
          -0.95927
          -0.45354
##################### ACCEPTABLE SUBNET NUMBER: 60  #########################
           1.56572
10
11
20
25
48
 3
 2
23
32
46
12
 0
           0.58346
          0.899775
         -0.276325
          0.266219
          0.443296
         -0.876614
          -1.15861
         -0.942275
         0.0817407
         -0.161232
         -0.163117
          -1.06128
         -0.549747
##################### ACCEPTABLE SUBNET NUMBER: 61  #########################
           2.08205
27
11
12
10
28
 5
33
14
31
25
45
30
37
48
 7
36
 3
 1
39
22
 2
35
27
23
43
32
 8
46
 5
34
15
18
40
42
           1.14196
           1.53191
            1.2792
           2.13637
          0.170589
          0.114734
        -0.0656159
         -0.354227
         -0.850211
          -1.64464
         -0.252673
           1.94403
          -1.05246
          -1.57741
         -0.823623
       -0.00831994
          0.858237
          0.462979
          0.428635
         -0.413134
           1.06922
         -0.767704
          0.625084
         -0.389153
           1.17276
         -0.936581
          -0.88028
          -1.83238
        -0.0350366
          -2.44007
           1.76061
           1.53503
         -0.228126
         -0.928337
         -0.262028
##################### ACCEPTABLE SUBNET NUMBER: 62  #########################
          0.642787
 6
 3
12
39
 8
16
 5
 1
15
           1.30713
           1.50893
         -0.122647
          0.566843
          0.367788
          -1.56657
         -0.203672
         -0.140998
         -0.322129
           0.43898
##################### ACCEPTABLE SUBNET NUMBER: 63  #########################
            1.5749
 1
 3
 3
34
 4
47
         0.0701513
         -0.819339
         -0.327375
         -0.682968
          0.254116
         -0.023679
         -0.613332
##################### ACCEPTABLE SUBNET NUMBER: 64  #########################
           1.72883
 6
14
23
 7
12
43
13
 5
41
 4
26
42
40
         0.0268264
          0.383078
         -0.209525
          0.636965
          0.380878
         -0.117478
         -0.716579
        -0.0708963
          -1.29638
         0.0740528
          -1.09858
          -2.86795
          -1.65995
         -0.703545
##################### ACCEPTABLE SUBNET NUMBER: 65  #########################
           1.83192
 6
11
29
14
 2
25
48
 1
15
         -0.703515
         -0.349861
         -0.113864
          0.321607
         0.0672623
          -1.20825
         0.0373326
         -0.340443
         -0.456883
          -1.19857
##################### ACCEPTABLE SUBNET NUMBER: 66  #########################
           1.86752
 2
29
30
 1
26
          -1.97176
         -0.958678
          -1.36561
           0.47794
           1.86309
          0.907422
##################### ACCEPTABLE SUBNET NUMBER: 67  #########################
           1.83073
 6
 1
12
32
46
14
27
 0
          0.914171
           1.28606
         -0.256782
          0.918209
         -0.801016
          -1.11018
          -0.14051
          0.536165
          -0.53862
##################### ACCEPTABLE SUBNET NUMBER: 68  #########################
          0.740675
 5
45
22
21
16
39
 0
           1.66328
           1.76832
          -0.25459
         -0.131123
         0.0460563
         -0.510288
        -0.0336151
         -0.291974
##################### ACCEPTABLE SUBNET NUMBER: 69  #########################
           1.84981
 1
12
 0
         0.0887171
          0.456958
         -0.097806
          0.573709
##################### ACCEPTABLE SUBNET NUMBER: 70  #########################
            1.8081
18
37
35
13
25
46
29
31
 5
48
16
36
28
19
22
45
32
 3
 8
 3
26
34
24
          0.677875
           1.02602
          0.680467
           1.71535
         -0.549574
         -0.474303
           1.99088
           1.79046
          0.181212
          0.540529
          0.460171
          0.897236
          0.546539
          -1.62083
          0.851623
         -0.499515
          -1.17428
          0.684766
          0.539467
           0.69187
           0.49679
           1.84094
            1.7294
         -0.738591
##################### ACCEPTABLE SUBNET NUMBER: 71  #########################
           1.85798
 0
 1
 4
         0.0727387
          -0.97191
         -0.517756
         -0.136563
##################### ACCEPTABLE SUBNET NUMBER: 72  #########################
           1.76223
 6
33
10
11
 8
14
 7
 0
          -2.04708
          -1.00807
          -1.45894
          0.384551
         0.0905424
          -1.06925
           -1.0709
         -0.937724
        -0.0853386
##################### ACCEPTABLE SUBNET NUMBER: 73  #########################
           1.86769
 0
 1
18
         -0.206934
         -0.959025
         -0.439846
          -1.00775
##################### ACCEPTABLE SUBNET NUMBER: 74  #########################
           1.80602
 7
 2
25
 1
 3
14
35
16
 1
34
           1.41553
           1.78816
        -0.0318326
           0.28955
          0.268869
          0.830953
          -1.19381
        -0.0185069
        -0.0851168
         -0.759292
         0.0974978
##################### ACCEPTABLE SUBNET NUMBER: 75  #########################
           1.79972
 4
48
10
25
27
 1
26
          0.816385
         -0.952431
          -1.55804
         -0.611584
         -0.535228
          -1.37726
          -1.39253
           -1.3888
----------Number of Acceptable Subnets found: 75 -----------
----------END FOR GENE 9 -----------
--------START FOR GENE 10 -----------
 Values arranged as error, n_ka, gene ids for ka, n_kd, gene ids for kd,
 r0, d, ea, ka_values, kd_values for each subnet. 
##################### ACCEPTABLE SUBNET NUMBER: 1  #########################
          0.665285
 0
 1
36
         -0.593325
         -0.535312
          0.935129
           1.20729
##################### ACCEPTABLE SUBNET NUMBER: 2  #########################
          0.713526
 2
43
 7
 6
 5
23
38
14
18
15
           1.06488
            1.2412
         -0.365165
          0.488845
          0.270143
          0.381806
          0.303062
         -0.235216
           0.64509
         -0.381029
          -1.45846
##################### ACCEPTABLE SUBNET NUMBER: 3  #########################
           1.17626
 0
 5
25
24
26
14
28
         -0.231901
         -0.608897
         -0.049038
          -0.36784
           0.49258
          -1.35672
         -0.390927
         -0.191265
##################### ACCEPTABLE SUBNET NUMBER: 4  #########################
          0.714278
 3
48
35
50
 4
17
22
38
21
           1.15097
           1.17331
          0.605661
          -1.90671
          0.787571
          0.808429
          0.968886
            1.0509
          0.837952
          -0.67555
##################### ACCEPTABLE SUBNET NUMBER: 5  #########################
          0.864528
 2
16
35
11
44
11
49
31
12
40
28
23
21
32
46
           1.50015
           1.56804
           1.82197
         -0.888892
          -0.20464
           1.28932
           0.81721
           1.93132
         0.0120062
           1.00799
           2.01589
         -0.163664
           0.59047
           -1.4909
           0.63619
          0.183717
##################### ACCEPTABLE SUBNET NUMBER: 6  #########################
          0.450048
 0
 1
40
         -0.360668
          -0.32084
          0.223068
          0.450113
##################### ACCEPTABLE SUBNET NUMBER: 7  #########################
           1.24908
 0
 2
 5
17
         -0.552669
         -0.308433
          0.883773
           1.05233
         -0.134302
##################### ACCEPTABLE SUBNET NUMBER: 8  #########################
          0.489762
 2
16
27
 2
14
26
         -0.358469
         -0.614013
         0.0616203
          -0.41773
          -1.95961
          0.607936
          0.114059
##################### ACCEPTABLE SUBNET NUMBER: 9  #########################
          0.716695
 0
 8
24
25
 5
14
49
20
45
44
          0.639858
          0.440249
        -0.0127447
          -1.74626
         0.0954238
        -0.0811017
         -0.511926
          0.204138
           -0.2325
         -0.611296
         -0.255318
##################### ACCEPTABLE SUBNET NUMBER: 10  #########################
          0.749101
 0
 2
45
 5
        -0.0399284
         -0.434408
        -0.0776161
          0.226873
           0.13538
##################### ACCEPTABLE SUBNET NUMBER: 11  #########################
          0.562107
 0
 5
 5
21
24
23
20
          0.889244
         -0.489672
         -0.395692
          0.102058
          -1.32751
        -0.0515085
         -0.805999
          0.249644
##################### ACCEPTABLE SUBNET NUMBER: 12  #########################
          0.838043
 1
 2
 7
20
17
33
47
12
31
38
          0.634578
          0.599807
        -0.0782795
          0.900593
           0.61455
          0.409788
         0.0916186
         -0.327176
         -0.233106
         -0.639778
          -2.18487
##################### ACCEPTABLE SUBNET NUMBER: 13  #########################
          0.666055
 0
 1
31
          0.489262
         -0.417305
         -0.258371
          0.249257
##################### ACCEPTABLE SUBNET NUMBER: 14  #########################
          0.666055
 0
 1
31
          0.489262
         -0.417305
         -0.258371
          0.249257
##################### ACCEPTABLE SUBNET NUMBER: 15  #########################
          0.666055
 0
 1
31
          0.489262
         -0.417305
         -0.258371
          0.249257
##################### ACCEPTABLE SUBNET NUMBER: 16  #########################
          0.894138
 5
42
 4
50
35
 9
10
12
36
23
17
14
26
47
24
31
21
            1.7144
           1.92672
          0.648785
          0.991019
          0.481406
           1.36608
          0.749758
           1.17685
           1.44919
        -0.0698606
          0.494892
           1.45003
         -0.815295
          -1.41896
          0.310075
          -1.27835
         -0.660822
         -0.383109
##################### ACCEPTABLE SUBNET NUMBER: 17  #########################
          0.568516
 0
 5
22
23
24
21
25
         -0.238983
         -0.561264
        -0.0860668
          -1.05641
           0.33782
         -0.886613
         -0.448352
        -0.0347103
##################### ACCEPTABLE SUBNET NUMBER: 18  #########################
          0.899227
 4
 4
 6
 8
 1
 8
22
13
31
14
30
26
40
23
          0.638054
          0.730486
          0.188178
          0.363912
         -0.960344
          -1.44564
         -0.829125
         -0.363966
         -0.182492
          0.520591
         -0.907923
         0.0294125
         -0.573507
         -0.140849
          -1.85509
##################### ACCEPTABLE SUBNET NUMBER: 19  #########################
          0.856496
 1
 7
 5
45
44
38
40
13
          0.110583
         -0.464163
         -0.106703
          -1.45762
          0.291336
         -0.226695
          -0.59687
          -0.37504
         -0.141624
##################### ACCEPTABLE SUBNET NUMBER: 20  #########################
          0.613386
 0
 3
 5
17
40
          -0.65662
         -0.443659
          0.916963
           1.08422
           1.02194
         -0.642167
##################### ACCEPTABLE SUBNET NUMBER: 21  #########################
          0.631828
 1
 6
 1
40
          0.104182
          0.010678
         0.0443916
       -0.00661339
          0.302157
##################### ACCEPTABLE SUBNET NUMBER: 22  #########################
          0.717065
 2
 6
 7
 1
17
          0.304518
          0.467949
         -0.107761
         -0.579844
          0.395421
          -0.16158
##################### ACCEPTABLE SUBNET NUMBER: 23  #########################
          0.732468
 4
 6
 7
50
 1
11
45
46
38
40
20
21
18
32
49
22
28
          0.262692
         -0.350338
          0.648731
          0.751764
         -0.981868
          -1.18945
         -0.504224
          0.993247
          0.674835
          0.999391
          0.879304
          -1.10688
           0.35188
          -0.80072
         -0.144097
          -1.09566
          0.948607
          -1.29305
##################### ACCEPTABLE SUBNET NUMBER: 24  #########################
          0.660373
 1
 3
 1
36
         -0.585784
         -0.540329
           1.09908
          0.141977
            1.3799
##################### ACCEPTABLE SUBNET NUMBER: 25  #########################
          0.371435
 3
50
41
 4
 8
21
23
34
38
13
40
26
25
           1.05643
           1.18936
          0.533137
           1.31545
          0.314993
          0.663906
          0.427058
         -0.121093
          -1.44666
         -0.930403
           1.44568
           1.26475
         -0.708794
           0.45758
##################### ACCEPTABLE SUBNET NUMBER: 26  #########################
           1.08021
 2
41
50
 3
40
21
33
           1.49468
           1.62252
            1.2998
          0.495321
         -0.945912
           1.51669
           0.19007
          -1.08569
##################### ACCEPTABLE SUBNET NUMBER: 27  #########################
          0.596711
 2
 4
43
 3
39
20
28
            1.3501
            1.4456
           1.35596
          0.148778
           1.69786
           1.36257
           1.96084
        0.00889831
##################### ACCEPTABLE SUBNET NUMBER: 28  #########################
          0.715274
 0
 3
40
38
37
          0.418563
          0.458451
          0.277445
          0.459679
          0.378324
          -0.63406
##################### ACCEPTABLE SUBNET NUMBER: 29  #########################
          0.443496
 0
 3
31
34
30
         -0.121624
         -0.488719
        -0.0974687
          0.262606
          -1.55298
         -0.265759
##################### ACCEPTABLE SUBNET NUMBER: 30  #########################
          0.309683
 0
 3
23
40
38
         -0.346976
         -0.287769
             1.309
          0.152303
           1.44809
           1.41184
##################### ACCEPTABLE SUBNET NUMBER: 31  #########################
          0.730781
 2
 6
 7
 4
20
 5
36
28
         0.0461933
          0.208683
         -0.103397
          -2.78088
           0.40142
          -1.04525
          -2.39692
          -2.38934
        -0.0715696
##################### ACCEPTABLE SUBNET NUMBER: 32  #########################
          0.864098
 1
42
 5
49
40
13
28
30
           1.28444
           1.35445
           1.48276
          0.762816
           1.58799
           1.67539
         -0.580823
             1.095
          -1.21142
##################### ACCEPTABLE SUBNET NUMBER: 33  #########################
          0.466055
 1
41
 1
14
           0.11391
         -0.614629
         -0.235378
         -0.335296
          0.408321
##################### ACCEPTABLE SUBNET NUMBER: 34  #########################
          0.734349
 0
 1
40
          0.032439
         -0.127601
        0.00834823
          0.277495
##################### ACCEPTABLE SUBNET NUMBER: 35  #########################
          0.734349
 0
 1
40
          0.032439
         -0.127601
        0.00834823
          0.277495
##################### ACCEPTABLE SUBNET NUMBER: 36  #########################
          0.734349
 0
 1
40
          0.032439
         -0.127601
        0.00834823
          0.277495
##################### ACCEPTABLE SUBNET NUMBER: 37  #########################
          0.595056
 0
 5
14
 5
38
12
21
         -0.385882
          -0.33395
          0.957109
          -0.17414
          0.867468
           1.11677
           1.06713
         -0.455646
##################### ACCEPTABLE SUBNET NUMBER: 38  #########################
          0.977409
 2
 4
43
 6
38
30
46
20
15
21
          0.993944
           1.00931
          0.367131
          0.111499
          -1.08358
          0.554449
          0.539448
         -0.170213
         -0.821018
         -0.527034
          -1.34126
##################### ACCEPTABLE SUBNET NUMBER: 39  #########################
          0.725623
 1
27
 2
20
15
        -0.0931229
         -0.508605
         -0.129837
          -1.27298
          0.412862
         -0.627909
##################### ACCEPTABLE SUBNET NUMBER: 40  #########################
           0.85686
 3
50
 8
 2
 7
49
38
32
40
28
20
23
            1.0951
           1.15982
          0.560479
         -0.129476
         -0.998653
          0.658086
          0.675488
        -0.0378598
          -1.12102
          0.750666
          -0.93788
         -0.907406
         0.0862984
##################### ACCEPTABLE SUBNET NUMBER: 41  #########################
          0.490438
 1
 4
 3
40
20
21
         -0.133505
         -0.532683
        -0.0853461
         -0.854099
          0.128575
         -0.648145
          0.410741
##################### ACCEPTABLE SUBNET NUMBER: 42  #########################
          0.964802
 2
50
 8
 2
21
38
          0.987448
           1.00155
          0.787939
          0.732041
         -0.261561
          0.954346
           1.00216
##################### ACCEPTABLE SUBNET NUMBER: 43  #########################
          0.693286
 5
35
16
43
 7
 2
11
14
21
38
40
23
49
31
25
 5
36
34
           1.04358
           1.22476
          0.693351
            1.0785
         -0.418048
           1.12169
          0.507883
         -0.540942
           1.43263
           -1.6427
           0.16634
         -0.731152
        -0.0612682
          -0.78711
          -2.29956
         -0.854306
        -0.0676339
          -2.33661
         -0.202532
##################### ACCEPTABLE SUBNET NUMBER: 44  #########################
          0.403525
 0
 4
 5
22
23
36
          0.225998
         -0.557641
         -0.225886
         0.0963334
         -0.224368
          0.263678
       -0.00226997
##################### ACCEPTABLE SUBNET NUMBER: 45  #########################
            1.0138
 2
 8
 1
 4
40
38
47
32
           1.06246
           1.17938
           0.68344
          -1.54672
          0.567945
          0.909409
           0.24632
         -0.992949
         -0.349345
##################### ACCEPTABLE SUBNET NUMBER: 46  #########################
          0.708742
 0
 9
12
13
34
15
14
17
30
22
23
         -0.275934
         -0.651031
        -0.0854835
         0.0799813
          0.438026
          -1.11194
          0.147346
         -0.761286
         -0.204224
         -0.949964
          0.273016
          0.212797
##################### ACCEPTABLE SUBNET NUMBER: 47  #########################
          0.883291
 1
43
 1
20
         -0.412771
         -0.466881
         0.0418936
          -1.32069
          0.532055
##################### ACCEPTABLE SUBNET NUMBER: 48  #########################
          0.685623
 0
 3
47
31
21
         -0.545356
         -0.458928
          0.383097
          0.413245
           0.62719
        -0.0490667
##################### ACCEPTABLE SUBNET NUMBER: 49  #########################
          0.288671
 3
 2
 3
 4
 4
20
12
 5
32
         -0.200959
        -0.0418183
          0.344588
         -0.103834
         -0.361802
           0.48391
           0.79022
         -0.674602
         -0.386421
        -0.0170913
##################### ACCEPTABLE SUBNET NUMBER: 50  #########################
          0.682154
 0
 4
29
 5
15
33
          0.723092
         -0.560159
         -0.324761
          0.374518
          0.184432
         -0.749003
         -0.809998
##################### ACCEPTABLE SUBNET NUMBER: 51  #########################
          0.423331
 0
 6
 5
40
39
47
14
13
         -0.034581
         -0.601625
           -0.1541
          0.144111
          -1.19241
          -1.40241
         -0.944909
          0.186559
          0.433296
##################### ACCEPTABLE SUBNET NUMBER: 52  #########################
          0.381097
 1
 4
 6
17
33
11
18
20
49
           1.09653
            1.2799
          0.429234
          0.559052
         -0.973576
          -1.37706
          -1.04721
         -0.177734
          0.872215
         -0.741405
##################### ACCEPTABLE SUBNET NUMBER: 53  #########################
           0.40565
 1
 1
 4
15
38
17
12
           1.97888
         -0.607486
         -0.684449
         -0.790354
          0.194009
         -0.703749
          0.200315
          0.325228
##################### ACCEPTABLE SUBNET NUMBER: 54  #########################
          0.367657
 1
50
 5
13
49
47
46
25
          0.270986
         -0.575315
         -0.260504
         -0.244012
          0.357161
          -1.21544
         -0.745891
         -0.820512
         0.0078055
##################### ACCEPTABLE SUBNET NUMBER: 55  #########################
            1.1492
 2
35
 2
 7
49
40
18
46
22
38
13
           0.90411
          0.929643
          0.766557
        -0.0204311
         -0.708492
          0.952545
        -0.0243922
          0.574957
          -1.03183
         -0.845838
          0.834569
          0.494962
##################### ACCEPTABLE SUBNET NUMBER: 56  #########################
          0.609366
 2
35
50
 4
40
14
24
45
          0.811543
          0.415705
         -0.214846
         0.0391818
         0.0174989
          -1.46046
          0.522216
          0.160565
         -0.320319
##################### ACCEPTABLE SUBNET NUMBER: 57  #########################
           1.06161
 0
 4
40
23
20
26
          0.697346
          0.823865
          0.641393
           0.85381
          0.104665
          -1.21368
         -0.879305
##################### ACCEPTABLE SUBNET NUMBER: 58  #########################
           1.39884
 0
 9
25
23
46
12
44
30
40
34
39
          0.864184
           1.10283
          0.392637
           0.45193
          0.423951
         -0.916478
          0.395652
         -0.407942
       -0.00910608
          -1.00207
          -1.44761
          -1.96948
##################### ACCEPTABLE SUBNET NUMBER: 59  #########################
           1.68068
 0
 8
20
17
38
12
40
45
13
47
          0.869784
           1.04836
           1.42157
           1.85515
           1.59393
          0.441776
          0.760602
         -0.447891
         -0.144979
          0.925863
        -0.0552636
##################### ACCEPTABLE SUBNET NUMBER: 60  #########################
          0.697902
 2
 2
 6
 5
31
13
47
29
46
          0.571637
          0.599159
         0.0465135
           0.82287
          0.298489
          0.482601
         -0.514494
         -0.174701
         -0.921511
          -0.54289
##################### ACCEPTABLE SUBNET NUMBER: 61  #########################
          0.744667
 0
12
38
36
17
15
45
18
26
31
49
23
25
24
         -0.164649
         -0.188858
           1.26902
           1.47864
          0.318214
          -1.26077
          -1.21696
           1.01644
          0.984938
         -0.645837
          -1.31714
         -0.840709
           1.31926
           1.08847
          0.942297
##################### ACCEPTABLE SUBNET NUMBER: 62  #########################
          0.499242
 2
 7
16
 4
23
 5
14
17
          0.699265
          0.864137
         -0.062048
          0.380457
          -1.50572
         -0.485459
         -0.196629
          0.106151
         -0.244867
##################### ACCEPTABLE SUBNET NUMBER: 63  #########################
          0.607432
 0
 4
21
24
14
45
         -0.533991
         -0.517854
          0.520582
          0.760049
          0.381446
          0.686956
          0.740819
##################### ACCEPTABLE SUBNET NUMBER: 64  #########################
          0.715748
 0
 5
47
40
24
49
15
          0.270528
         -0.122468
        -0.0377354
         0.0817398
         -0.611692
         -0.800321
          0.266458
         -0.459422
##################### ACCEPTABLE SUBNET NUMBER: 65  #########################
           2.64504
 0
 1
17
         -0.472595
         -0.633271
        -0.0419079
          0.363834
##################### ACCEPTABLE SUBNET NUMBER: 66  #########################
           0.71487
 1
41
 4
37
29
26
45
          -0.68493
         -0.551697
         -0.832432
          0.278127
          -1.00337
          0.205686
         -0.343175
          0.141263
##################### ACCEPTABLE SUBNET NUMBER: 67  #########################
           1.00542
 4
43
41
 8
48
 6
12
40
30
17
28
49
           1.51794
           1.67849
          0.124854
          0.963043
          0.840189
          0.615226
          0.408994
         -0.233001
          0.988309
          0.663427
         -0.362336
          0.445074
         -0.474184
##################### ACCEPTABLE SUBNET NUMBER: 68  #########################
          0.703049
 3
41
35
 4
 2
31
26
           1.48258
           1.64323
           1.51002
          0.745569
           1.71507
         -0.130617
           1.86375
          -2.51415
##################### ACCEPTABLE SUBNET NUMBER: 69  #########################
           2.82375
 3
 6
27
 4
 7
36
15
32
44
49
23
17
          0.228661
         -0.672198
          0.367515
        -0.0599281
          -1.91762
          -1.70746
          0.991101
          0.805128
         -0.522872
         -0.540569
          -1.70746
          -1.36189
          0.498207
##################### ACCEPTABLE SUBNET NUMBER: 70  #########################
           1.20813
 1
41
 1
15
         -0.382093
         -0.314421
         -0.628756
          0.146702
         -0.470634
##################### ACCEPTABLE SUBNET NUMBER: 71  #########################
          0.640567
 2
43
35
 7
47
14
45
44
17
49
34
          0.679694
          0.842096
          0.150574
           1.25223
           1.11257
          0.468211
           1.51332
         -0.297881
          -0.36392
            1.1289
         -0.556211
         -0.617103
##################### ACCEPTABLE SUBNET NUMBER: 72  #########################
           1.25441
 0
 1
22
         -0.761815
         -0.615968
          0.966159
           1.35956
##################### ACCEPTABLE SUBNET NUMBER: 73  #########################
          0.677934
 4
41
16
 8
 7
 2
24
11
         -0.516893
         -0.455353
          -0.72971
          0.138927
         -0.867261
         -0.152804
         0.0587959
         0.0862003
         -0.736569
##################### ACCEPTABLE SUBNET NUMBER: 74  #########################
           1.06165
 0
 1
40
          0.669015
          0.795001
           1.00923
           1.22531
##################### ACCEPTABLE SUBNET NUMBER: 75  #########################
          0.713658
 3
 8
43
 4
 9
12
20
30
25
17
 5
28
45
29
          0.232993
        -0.0243154
         0.0973959
          0.428336
          -2.23446
         -0.852023
          0.534763
          -1.41343
          0.506002
          -1.10765
           -1.0526
          -1.26953
            0.2117
          0.362167
         -0.758551
----------Number of Acceptable Subnets found: 75 -----------
----------END FOR GENE 10 -----------
--------START FOR GENE 11 -----------
 Values arranged as error, n_ka, gene ids for ka, n_kd, gene ids for kd,
 r0, d, ea, ka_values, kd_values for each subnet. 
##################### ACCEPTABLE SUBNET NUMBER: 1  #########################
           1.53875
 5
31
12
25
37
38
 2
42
28
          0.213127
           0.25885
         -0.178491
          0.179628
          0.450873
         -0.073865
         -0.745549
         -0.744101
           0.19429
          -1.55332
##################### ACCEPTABLE SUBNET NUMBER: 2  #########################
           1.52222
 7
22
45
41
38
48
19
14
 0
         -0.258693
         -0.259077
         -0.247895
          -1.49533
        -0.0178839
          -1.93938
          -1.81818
          -1.08156
          -1.15168
          0.283689
##################### ACCEPTABLE SUBNET NUMBER: 3  #########################
          0.675248
 9
45
14
50
37
35
39
24
13
34
 5
 5
 4
36
42
 9
          0.138072
       -0.00383469
         -0.295412
          -0.10491
          0.326599
         -0.542847
         -0.372755
          -2.62489
          -1.93566
         -0.174995
          -1.99685
          -1.89514
         -0.114481
          0.172044
          -2.50837
          -1.17513
          -1.60988
##################### ACCEPTABLE SUBNET NUMBER: 4  #########################
           1.66499
 4
12
31
40
32
 0
         -0.146508
         -0.112636
         -0.191747
          0.276585
        -0.0640513
         -0.142736
          -1.27699
##################### ACCEPTABLE SUBNET NUMBER: 5  #########################
           1.64871
 8
12
31
45
22
23
19
25
41
 2
 3
42
        -0.0864477
        -0.0494855
         -0.191921
          0.282593
         0.0225167
         -0.243053
          -2.28731
          -2.28658
          -1.16825
          -1.59736
          -1.28284
         -0.896431
          -1.28284
##################### ACCEPTABLE SUBNET NUMBER: 6  #########################
           1.48004
 4
31
14
37
33
 0
           0.14463
          0.163942
         -0.228021
          0.160203
          0.279189
         -0.844633
         -0.967142
##################### ACCEPTABLE SUBNET NUMBER: 7  #########################
            1.7701
 2
40
47
 0
          0.181675
        -0.0189477
         -0.436094
       0.000109852
         -0.139054
##################### ACCEPTABLE SUBNET NUMBER: 8  #########################
            1.6806
 7
22
31
24
25
27
45
50
 0
         -0.308519
         -0.307741
         -0.285242
         -0.376941
         -0.608452
        -0.0383474
          -1.62844
          0.234152
           -1.1727
          -1.30272
##################### ACCEPTABLE SUBNET NUMBER: 9  #########################
           1.47995
 2
40
14
 0
         -0.118682
         -0.308117
         -0.276634
        -0.0577761
         0.0334972
##################### ACCEPTABLE SUBNET NUMBER: 10  #########################
           1.77471
 4
12
40
27
30
 1
26
           1.65038
            1.7093
           1.31416
           1.77441
           1.61924
          0.750966
           1.29454
           1.58882
##################### ACCEPTABLE SUBNET NUMBER: 11  #########################
           1.55163
 3
12
40
38
 1
42
         0.0412449
         0.0889105
         -0.186156
          0.441504
         0.0340295
          -1.24979
          0.166489
##################### ACCEPTABLE SUBNET NUMBER: 12  #########################
           1.29522
 7
40
37
25
14
15
22
32
 0
      -0.000311109
        -0.0490946
          -1.38166
        -0.0827438
         -0.181582
        -0.0885322
           0.20876
         -0.852679
          -1.28747
         -0.222336
##################### ACCEPTABLE SUBNET NUMBER: 13  #########################
           1.90994
10
12
31
40
45
13
24
25
22
46
32
 1
 9
        -0.0945619
         -0.300939
          -0.30845
         -0.103728
         -0.318602
        -0.0294882
         -0.535272
          -1.15986
         -0.890149
         -0.884809
          -0.90051
          -1.48158
          -1.22158
          -1.05293
##################### ACCEPTABLE SUBNET NUMBER: 14  #########################
           1.81001
 3
31
40
14
 4
42
 5
 2
 3
        -0.0531889
         -0.422114
         -0.417865
         -0.328504
       -0.00121066
          -1.25856
         0.0720419
        -0.0884777
          -1.54272
         -0.445265
##################### ACCEPTABLE SUBNET NUMBER: 15  #########################
           1.55705
 4
40
24
16
14
 0
         -0.100889
         -0.350712
         -0.348961
         -0.184715
          0.106463
         -0.307023
         -0.970059
##################### ACCEPTABLE SUBNET NUMBER: 16  #########################
          0.730796
 5
27
38
12
30
14
 6
42
 4
 3
 5
36
10
          0.333718
          0.107134
          -0.72833
          0.164514
          -0.17793
         -0.529284
         -0.096199
          0.257101
        -0.0222311
          0.216466
         -0.796337
         -0.758814
         -0.917956
         -0.740027
##################### ACCEPTABLE SUBNET NUMBER: 17  #########################
           1.61602
10
31
38
24
25
23
32
30
16
15
48
 0
          0.237855
          0.221291
         -0.241756
          0.128222
         -0.253357
         -0.123085
          -0.16122
         0.0471987
         -0.790364
         -0.797868
          -1.17545
          -1.17592
         -0.996895
##################### ACCEPTABLE SUBNET NUMBER: 18  #########################
           1.55773
 4
12
40
16
23
 4
 5
 9
49
42
          0.141178
          0.182103
         -0.196996
          0.370773
      -0.000532793
          -2.79991
         -0.428307
         -0.116408
          -0.22106
         -0.842056
         0.0279887
##################### ACCEPTABLE SUBNET NUMBER: 19  #########################
           1.57258
 4
12
31
29
14
 1
 3
          0.466518
          0.494193
         -0.380317
          0.078636
          0.212322
          0.175092
          -2.24463
         -0.202215
##################### ACCEPTABLE SUBNET NUMBER: 20  #########################
             1.902
 8
22
31
40
37
35
38
41
50
 0
        -0.0621873
         -0.247516
         -0.309598
         -0.195905
         -0.113624
        -0.0215087
         -0.675229
         -0.750762
          -0.74353
          -1.39831
          -1.14211
##################### ACCEPTABLE SUBNET NUMBER: 21  #########################
           1.61349
 5
12
29
13
19
18
 0
        -0.0264204
         0.0240296
         -0.196969
          0.310468
          -1.13828
          0.263428
        -0.0948538
         -0.879904
##################### ACCEPTABLE SUBNET NUMBER: 22  #########################
           1.61773
 5
12
31
25
18
19
 1
 3
         0.0124104
         0.0198068
         -0.198223
           0.26362
         0.0537237
         -0.456199
          -1.31704
          -1.26864
       -0.00149222
##################### ACCEPTABLE SUBNET NUMBER: 23  #########################
           1.90084
 8
31
45
14
15
24
46
18
29
 1
28
         -0.412743
         -0.562053
          -1.20956
         -0.957648
         -0.216684
         -0.483283
         -0.279244
          0.186755
          -0.35696
          -2.15714
         -0.271621
          -1.35891
##################### ACCEPTABLE SUBNET NUMBER: 24  #########################
           2.96769
 5
12
22
40
14
18
 0
          0.426759
         -0.513537
         -0.436054
          -1.61457
         -0.221831
          -0.71151
          -1.10005
          -1.16324
##################### ACCEPTABLE SUBNET NUMBER: 25  #########################
           1.70814
15
12
22
31
45
 1
32
14
47
33
15
16
38
34
30
39
 4
42
 4
 5
36
         -0.295433
         -0.317292
         -0.366526
          0.208376
         -0.717266
         -0.202252
       0.000152198
          -1.10775
          -1.78489
          -1.62268
         -0.947764
          -0.99571
         -0.677007
          -0.89294
        -0.0534052
          -1.78379
          -0.66669
         -0.676507
         0.0656178
          -1.52628
         -0.184397
         -0.853149
##################### ACCEPTABLE SUBNET NUMBER: 26  #########################
           1.62089
 5
12
40
47
50
29
 2
42
 5
        0.00389914
         0.0304321
          -0.21029
          0.328876
        -0.0469185
         -0.956378
         -0.337211
          -1.31043
          -1.59284
         0.0183218
##################### ACCEPTABLE SUBNET NUMBER: 27  #########################
           1.51087
10
31
12
39
38
34
14
50
23
24
27
 0
          0.210592
          0.237098
         -0.234063
          0.105285
          0.156137
          -2.31012
          -0.13258
          -0.60989
          0.272142
         -0.795562
         -0.856335
         -0.691685
         -0.891927
##################### ACCEPTABLE SUBNET NUMBER: 28  #########################
           2.13735
 3
22
29
37
 0
         -0.208058
         -0.157798
         -0.314601
          0.382611
           -2.5793
         -0.886471
##################### ACCEPTABLE SUBNET NUMBER: 29  #########################
           1.97874
 6
12
40
35
41
37
38
 1
 3
         -0.410296
         -0.415736
          -1.29471
          0.187473
         -0.185518
          0.118134
         -0.918222
         -0.294138
         -0.887953
         -0.435467
##################### ACCEPTABLE SUBNET NUMBER: 30  #########################
           1.59612
 1
12
 2
 5
 2
         -0.176471
         -0.181968
         -0.200608
          0.381139
          0.191794
         -0.913312
##################### ACCEPTABLE SUBNET NUMBER: 31  #########################
           1.70288
13
12
31
40
45
14
47
50
48
23
15
24
25
22
 0
           1.42549
           1.45092
         -0.992505
          0.189377
        0.00872128
         0.0454685
       0.000735613
          -0.33747
         -0.386125
         -0.162431
          -1.19057
          -1.14469
         -0.626795
          -1.47278
          -1.32869
          0.150871
##################### ACCEPTABLE SUBNET NUMBER: 32  #########################
           2.00227
 2
40
32
 0
         0.0992591
          -0.38583
         -0.396654
        -0.0991982
         -0.996752
##################### ACCEPTABLE SUBNET NUMBER: 33  #########################
           1.55864
15
12
31
45
24
33
37
18
46
13
25
23
41
29
14
27
 0
          0.958029
           0.99054
         -0.830918
          0.170617
          0.210043
         -0.380647
        -0.0767304
           -0.3876
         -0.340638
          -1.41235
         -0.218248
        -0.0595019
         -0.668072
         -0.165836
         -0.641102
        -0.0574952
          0.114413
          -1.05179
##################### ACCEPTABLE SUBNET NUMBER: 34  #########################
           1.20286
 2
25
27
 1
 4
          0.287004
          0.138186
         -0.300158
         -0.148783
           0.17802
         0.0592355
##################### ACCEPTABLE SUBNET NUMBER: 35  #########################
           1.61201
16
12
22
31
40
45
47
46
19
30
13
23
48
33
41
29
25
 0
        0.00252177
         0.0503972
         -0.742078
           0.29398
         -0.140498
         -0.124103
         -0.257738
        -0.0709443
         -0.242479
         -0.184723
          -1.73554
          -1.23947
          0.235365
         -0.334268
          -0.53337
         -0.625608
          -2.71484
         -0.429285
          -1.90493
##################### ACCEPTABLE SUBNET NUMBER: 36  #########################
           1.57097
16
12
25
38
37
45
27
34
30
41
24
14
15
35
39
29
33
 3
 3
42
 7
         0.0574535
          0.053589
         -0.251128
          0.242029
         -0.388967
         -0.112815
          -1.09824
          -0.10464
         0.0323099
          -0.67829
         -0.823873
         -0.867764
          -0.50284
          -1.11338
          -1.13715
           -1.6068
          -1.22641
         -0.697518
         -0.725302
       -0.00334932
         -0.415681
         -0.383554
##################### ACCEPTABLE SUBNET NUMBER: 37  #########################
           1.68294
 4
31
40
27
19
 4
10
 7
 8
 9
        -0.0614343
         -0.383397
         -0.312903
         -0.454554
         -0.128579
        -0.0831331
          -1.07314
         -0.469472
          -2.15496
          -2.15496
          -2.10496
##################### ACCEPTABLE SUBNET NUMBER: 38  #########################
           1.55813
 5
12
45
23
46
 6
 1
42
          0.211098
          0.259004
         -0.209625
          0.426629
        -0.0888855
          0.233847
         -0.438762
         -0.757524
          0.137579
##################### ACCEPTABLE SUBNET NUMBER: 39  #########################
           1.63441
 4
12
32
34
27
 0
         -0.199656
         -0.170187
         -0.264667
          0.174396
         -0.973632
          -1.35092
          0.244155
##################### ACCEPTABLE SUBNET NUMBER: 40  #########################
           1.60452
 7
12
31
14
13
25
46
41
 1
 9
          0.264791
          0.294826
         -0.205302
           0.23746
          0.140121
        -0.0968774
          -1.18463
         -0.213538
           -1.2834
         -0.626706
         0.0563944
##################### ACCEPTABLE SUBNET NUMBER: 41  #########################
             1.647
 2
12
18
 0
         0.0780416
          0.124386
         -0.172965
          0.332143
         -0.413188
##################### ACCEPTABLE SUBNET NUMBER: 42  #########################
           1.58258
 9
12
40
16
32
13
29
15
48
38
 4
 8
42
 5
17
          0.121346
          0.145793
         -0.214215
          0.325114
        -0.0978834
         -0.282274
         -0.417444
         -0.186174
         -0.160047
         -0.455164
          -1.28214
         -0.704864
        -0.0465203
         -0.482827
       -0.00453102
          -0.66512
##################### ACCEPTABLE SUBNET NUMBER: 43  #########################
           1.51725
 3
14
13
24
 0
         -0.192036
         -0.161592
         -0.220854
          0.369414
         -0.726416
         0.0723677
##################### ACCEPTABLE SUBNET NUMBER: 44  #########################
           1.58145
 6
12
31
40
 1
27
37
 1
42
         -0.345206
         -0.826323
          -1.29758
         -0.868196
          -1.58268
         -0.624785
         -0.247898
         0.0138546
        -0.0687986
          0.270721
##################### ACCEPTABLE SUBNET NUMBER: 45  #########################
           1.56609
 7
12
37
13
38
25
16
35
 1
 3
         -0.191233
         -0.273885
         -0.648732
         0.0919664
        -0.0521118
          0.170484
         -0.053659
          -1.38331
         -0.630068
         -0.675373
         0.0934751
##################### ACCEPTABLE SUBNET NUMBER: 46  #########################
           1.28234
13
31
 1
24
23
16
15
38
19
25
22
 6
14
48
 6
49
17
 4
 7
 3
 2
          0.991066
          0.705736
          0.521836
           1.75423
          -1.13271
          0.301408
          0.160577
          0.369775
         -0.253737
          0.107102
          0.912925
          -0.55389
          0.455712
         0.0891661
            1.7703
        -0.0624586
           1.81282
          0.712403
         -0.981897
          0.357963
           1.10957
          -2.11059
##################### ACCEPTABLE SUBNET NUMBER: 47  #########################
           1.49214
 3
40
27
14
 0
         -0.130348
         -0.257435
         -0.265639
        -0.0244966
         -0.698127
         0.0848235
##################### ACCEPTABLE SUBNET NUMBER: 48  #########################
           1.86419
 3
12
31
40
 0
        -0.0967419
         -0.231849
         -0.278526
        -0.0750276
        -0.0698707
        -0.0301124
##################### ACCEPTABLE SUBNET NUMBER: 49  #########################
           1.11225
14
22
40
37
16
24
25
14
 6
30
47
32
31
45
48
 1
36
         -0.170515
         -0.294598
         -0.991014
         -0.726729
         -0.401722
         -0.883051
         -0.758167
        -0.0344576
         -0.141431
          0.135208
         -0.736016
         -0.285002
          -1.45423
         -0.221906
         -0.887332
          -1.01157
          -1.84612
         -0.384386
##################### ACCEPTABLE SUBNET NUMBER: 50  #########################
           1.57002
 9
12
40
47
29
27
13
33
50
15
 0
           1.05811
           1.10645
         -0.363607
          0.333281
         -0.038062
          -2.28672
         0.0866365
          -1.06279
           0.24997
          -1.21134
        -0.0700785
          -2.07933
##################### ACCEPTABLE SUBNET NUMBER: 51  #########################
           0.93887
 7
31
14
16
46
33
34
32
 3
17
 4
49
          0.208781
        -0.0996475
         -0.634631
          -0.56352
          0.207363
         -0.224675
          -0.29349
         -0.344434
         -0.967231
           -0.9154
          0.174483
         -0.900156
         -0.189004
##################### ACCEPTABLE SUBNET NUMBER: 52  #########################
           1.61329
 5
12
31
40
48
29
 2
 8
 3
         0.0647218
          0.103267
         -0.198336
           0.29842
         -0.173235
        -0.0532552
         -0.390602
          -1.41942
         -0.217959
         -0.434882
##################### ACCEPTABLE SUBNET NUMBER: 53  #########################
           1.51932
 5
12
31
16
29
14
 0
          0.558892
          0.596646
         -0.213656
          0.232309
          0.123123
         -0.285055
         -0.514579
          0.294201
##################### ACCEPTABLE SUBNET NUMBER: 54  #########################
            1.3655
 5
22
14
15
37
 1
 0
         -0.314099
         -0.601272
         -0.303415
         -0.531948
         0.0395128
           -1.3726
         -0.257651
         -0.195002
##################### ACCEPTABLE SUBNET NUMBER: 55  #########################
           1.60903
 9
12
40
45
41
38
48
50
46
 6
 1
49
          0.168642
          0.200068
         -0.291748
          0.273072
         -0.152265
        -0.0885962
         -0.344245
        -0.0831492
         -0.313049
         -0.829211
         -0.518305
         -0.654989
         -0.303365
##################### ACCEPTABLE SUBNET NUMBER: 56  #########################
           1.71222
 4
40
27
14
33
 0
        -0.0513222
         -0.342361
         -0.319147
        -0.0800912
         -0.101709
          -1.56952
         -0.916439
##################### ACCEPTABLE SUBNET NUMBER: 57  #########################
           1.70341
 4
12
40
48
30
 1
 8
         -0.240455
         -0.225356
         -0.186975
          0.276664
         -0.342829
          -1.05293
         -0.900031
         0.0562722
##################### ACCEPTABLE SUBNET NUMBER: 58  #########################
            1.4824
 4
40
14
35
 6
 1
49
        -0.0303794
        -0.0467505
         -0.245634
         0.0192193
          0.348427
          -1.72577
         -0.986429
         0.0160355
##################### ACCEPTABLE SUBNET NUMBER: 59  #########################
           1.64176
 3
12
14
16
 0
          0.222971
          0.270808
         -0.170541
          0.341633
         -0.498041
         -0.562911
##################### ACCEPTABLE SUBNET NUMBER: 60  #########################
          0.711555
 4
12
27
14
24
 3
 2
 4
20
         -0.085937
         -0.309496
         -0.277641
        -0.0941445
          -0.12258
          0.249044
         -0.271304
          -1.35771
          0.182769
         -0.225827
##################### ACCEPTABLE SUBNET NUMBER: 61  #########################
           1.63639
 5
12
40
19
33
37
 0
        -0.0621455
        -0.0236683
          -0.19579
            0.2932
        -0.0509247
            -1.171
         -0.996771
          -2.01326
##################### ACCEPTABLE SUBNET NUMBER: 62  #########################
           1.53333
 4
12
40
13
14
 0
         0.0394908
         0.0773778
         -0.210154
          0.209524
        -0.0654508
         -0.517211
          0.336572
##################### ACCEPTABLE SUBNET NUMBER: 63  #########################
           1.33765
 2
14
39
 0
         -0.196522
         -0.522633
         -0.281415
         0.0261857
         -0.681202
##################### ACCEPTABLE SUBNET NUMBER: 64  #########################
           1.32977
 1
24
 1
10
           0.12095
         -0.489416
         -0.394999
        -0.0185669
         -0.715925
##################### ACCEPTABLE SUBNET NUMBER: 65  #########################
           1.63938
 2
12
16
 0
         -0.083847
        -0.0497503
         -0.186203
          0.284436
         -0.221664
##################### ACCEPTABLE SUBNET NUMBER: 66  #########################
           1.82139
 1
31
 0
        -0.0725177
         -0.105394
         -0.240421
          0.148645
##################### ACCEPTABLE SUBNET NUMBER: 67  #########################
            1.3384
 3
12
31
19
 2
 3
17
          0.166823
         -0.168002
         -0.287187
          0.140681
         -0.345942
        -0.0661147
          0.198779
         -0.727866
##################### ACCEPTABLE SUBNET NUMBER: 68  #########################
           1.67134
 5
48
39
27
24
 6
 1
 7
          0.443056
          0.473716
         -0.705517
         -0.734089
         -0.665012
          0.324408
         -0.492168
         -0.663807
         -0.671818
##################### ACCEPTABLE SUBNET NUMBER: 69  #########################
           1.60039
 6
31
27
 1
29
15
24
 3
42
 3
 4
          0.239129
          0.243527
         -0.266269
           0.23839
         -0.157399
         -0.165391
         -0.321726
         -0.210771
         -0.783955
        0.00844292
         -0.324461
         -0.419989
##################### ACCEPTABLE SUBNET NUMBER: 70  #########################
           1.92394
 4
40
24
25
27
 0
          0.611989
         -0.380801
         -0.499555
          -0.26116
          -1.43365
          -1.36991
         -0.590131
##################### ACCEPTABLE SUBNET NUMBER: 71  #########################
             2.046
 5
22
31
40
45
24
 0
         0.0259025
        -0.0956175
          -1.59148
           -1.9467
         -0.240405
         -0.102381
         0.0476615
          -1.69483
##################### ACCEPTABLE SUBNET NUMBER: 72  #########################
           1.60299
 1
31
 1
 3
           0.47099
          0.474937
         -0.242058
          0.209242
         -0.321628
##################### ACCEPTABLE SUBNET NUMBER: 73  #########################
           1.88304
 6
40
37
46
13
27
25
 1
26
        -0.0973582
         -0.301013
         -0.626201
       0.000151128
         -0.136216
         -0.342374
         -0.907494
           -1.4429
          -1.44617
           -1.4429
##################### ACCEPTABLE SUBNET NUMBER: 74  #########################
           1.83665
 3
12
40
47
 0
         -0.147538
         -0.283314
         -0.321984
         -0.011283
        -0.0234274
         -0.185215
##################### ACCEPTABLE SUBNET NUMBER: 75  #########################
           1.60443
 7
12
25
27
30
14
31
35
 1
 7
          0.744449
          0.794091
         -0.167739
          0.363352
         -0.864591
         -0.258629
         -0.312041
        -0.0518405
         -0.202622
          -2.21888
         -0.219526
----------Number of Acceptable Subnets found: 75 -----------
----------END FOR GENE 11 -----------
