  1   289
  2   291
  3   278
  4   358
  5   362
  6   295
  7   236
  8   374
  9   205
 10   273
 11   240
 12   236
 13   315
 14   275
 15   252
 16   255
 17   329
 18   332
 19   298
 20     0
 21   273
 22   301
 23   312
 24   227
 25   273
  1   153
  2   241
  3   310
  4   173
  5   170
  6   224
  7   180
  8   145
  9   232
 10   190
 11   205
 12   250
 13   240
 14   248
 15   209
 16   129
 17   187
 18   214
 19   203
 20     0
 21   246
 22   233
 23   262
 24   313
 25   215
