File open successful. It contains: 
Finished reading file, will close now.
File x_dt open successful.
Finished reading file x_dt, will close now.
------------ START FOR ACTIVATORS --------------
  1   289
  2   291
  3   278
  4   358
  5   362
  6   295
  7   236
  8   374
  9   205
 10   273
 11   240
 12   236
 13   315
 14   275
 15   252
 16   255
 17   329
 18   332
 19   298
 20     0
 21   273
 22   301
 23   312
 24   227
 25   273
-------------- END FOR ACTIVATORS --------------
  1   153
  2   241
  3   310
  4   173
  5   170
  6   224
  7   180
  8   145
  9   232
 10   190
 11   205
 12   250
 13   240
 14   248
 15   209
 16   129
 17   187
 18   214
 19   203
 20     0
 21   246
 22   233
 23   262
 24   313
 25   215
----------Number of Acceptable Subnets found: 1319 -----------
----------Time taken for the process is:            44.9678 -----------
----------END FOR GENE 20 -----------
   0                0.04
   1                0.02
   2                0.01
   3                0.03
   4                0.02
   5                0.02
   6                0.02
   7                0.02
   8                0.02
   9                0.03
  10                0.02
  11                0.03
  12                0.02
  13                0.02
  14                0.02
  15                0.02
  16                0.02
  17                0.01
  18                0.02
  19                0.02
  20                0.02
  21                0.02
  22                0.02
  23                0.03
  24                0.02
  25                0.04
  26                0.04
  27                0.03
  28                0.01
  29                0.03
  30                0.02
  31                0.02
  32                0.03
  33                0.01
  34                0.02
  35                0.04
  36                0.04
  37                0.04
  38                0.04
  39                0.03
  40                0.03
  41                0.03
  42                0.03
  43                0.02
  44                0.03
  45                0.03
  46                0.04
  47                0.04
  48                0.04
  49                0.05
  50                0.04
  51                0.03
  52                0.05
  53                0.05
  54                0.01
  55                0.02
  56                0.01
  57                0.02
  58                0.04
  59                0.02
  60                0.04
  61                0.01
  62                0.04
  63                0.02
  64                0.01
  65                0.01
  66                0.05
  67                0.05
  68                0.05
  69                0.05
  70                0.01
  71                0.04
  72                0.04
  73                0.02
  74                0.02
  75                0.03
  76                0.02
  77                0.02
  78                0.02
  79                0.03
  80                0.03
  81                0.03
  82                0.02
  83                0.02
  84                0.01
  85                0.02
  86                0.01
  87                0.02
  88                0.02
  89                0.02
  90                0.01
  91                0.02
  92                0.02
  93                0.02
  94                0.02
  95                0.02
  96                0.02
  97                0.02
  98                0.02
  99                0.03
 100                0.02
 101                0.02
 102                0.02
 103                0.02
 104                0.02
 105                0.01
 106                0.02
 107                0.02
 108                0.02
 109                0.02
 110                0.03
 111                0.01
 112                0.03
 113                0.02
 114                0.01
 115                0.03
 116                0.02
 117                0.01
 118                0.02
 119                0.02
 120                0.02
 121                0.01
 122                0.02
 123                0.01
 124                0.02
 125                0.02
 126                0.02
 127                0.01
 128                0.02
 129                0.02
 130                0.04
 131                0.02
 132                0.02
 133                0.01
 134                0.02
 135                0.02
 136                0.05
 137                0.02
 138                0.01
 139                0.02
 140                0.02
 141                0.03
 142                0.02
 143                0.02
 144                0.02
 145                0.03
 146                0.01
 147                0.02
 148                0.05
 149                0.02
 150                0.02
 151                0.02
 152                0.02
 153                0.02
 154                0.04
 155                0.07
 156                0.06
 157                0.06
 158                0.06
 159                0.04
 160                0.03
 161                0.05
 162                0.04
 163                0.04
 164                0.05
 165                0.04
 166                0.04
 167                0.04
 168                0.04
 169                0.05
 170                0.05
 171                0.05
 172                0.05
 173                0.04
 174                0.06
 175                0.05
 176                0.03
 177                0.04
 178                0.03
 179                0.06
 180                0.02
 181                0.03
 182                0.02
 183                0.03
 184                0.02
 185                0.02
 186                0.02
 187                0.01
 188                0.02
 189                0.02
 190                0.02
 191                0.02
 192                0.02
 193                0.02
 194                0.02
 195                0.02
 196                0.02
 197                0.02
 198                0.04
 199                0.04
 200                0.04
 201                0.04
 202                0.04
 203                0.03
 204                0.04
 205                0.03
 206                0.04
 207                0.03
 208                0.04
 209                0.04
 210                0.04
 211                0.03
 212                0.04
 213                0.03
 214                0.04
 215                0.03
 216                0.05
 217                0.04
 218                0.03
 219                0.04
 220                0.04
 221                0.05
 222                0.04
 223                0.04
 224                0.02
 225                0.02
 226                0.02
 227                0.02
 228                0.02
 229                0.03
 230                0.01
 231                0.02
 232                0.02
 233                0.02
 234                0.02
 235                0.02
 236                0.02
 237                0.02
 238                0.01
 239                0.02
 240                0.02
 241                0.02
 242                0.03
 243                0.02
 244                0.02
 245                0.01
 246                0.01
 247                0.02
 248                0.01
 249                0.02
 250                0.02
 251                0.05
 252                0.02
 253                0.05
 254                0.01
 255                0.02
 256                0.04
 257                0.03
 258                0.05
 259                0.03
 260                0.04
 261                0.02
 262                0.04
 263                0.04
 264                0.02
 265                0.04
 266                0.02
 267                0.05
 268                0.02
 269                0.03
 270                0.05
 271                0.04
 272                0.06
 273                0.03
 274                0.02
 275                0.02
 276                0.03
 277                0.05
 278                0.03
 279                0.05
 280                0.04
 281                0.06
 282                0.02
 283                0.04
 284                0.03
 285                0.02
 286                0.01
 287                0.01
 288                0.03
 289                0.01
 290                0.01
 291                0.03
 292                0.02
 293                0.01
 294                0.02
 295                0.02
 296                0.04
 297                0.02
 298                0.02
 299                0.01
 300                0.01
 301                0.06
 302                0.06
 303                0.02
 304                0.02
 305                0.03
 306                0.04
 307                0.04
 308                0.04
 309                0.05
 310                0.04
 311                0.05
 312                0.05
 313                0.04
 314                0.03
 315                0.03
 316                0.03
 317                0.03
 318                0.03
 319                0.03
 320                0.04
 321                0.03
 322                0.02
 323                0.03
 324                0.03
 325                0.02
 326                0.01
 327                0.01
 328                0.03
 329                0.02
 330                0.04
 331                0.02
 332                0.04
 333                0.05
 334                0.04
 335                0.02
 336                0.02
 337                0.02
 338                0.03
 339                0.01
 340                0.02
 341                0.02
 342                0.02
 343                0.02
 344                0.03
 345                0.02
 346                0.03
 347                0.03
 348                0.02
 349                0.02
 350                0.03
 351                0.02
 352                0.02
 353                0.02
 354                0.02
 355                0.02
 356                0.02
 357                0.02
 358                0.01
 359                0.02
 360                0.02
 361                0.02
 362                0.02
 363                0.02
 364                0.02
 365                0.02
 366                0.02
 367                0.02
 368                0.01
 369                0.01
 370                0.02
 371                0.02
 372                0.02
 373                0.02
 374                0.02
 375                0.02
 376                0.04
 377                0.02
 378                0.02
 379                0.02
 380                0.01
 381                0.01
 382                0.02
 383                0.01
 384                0.02
 385                0.03
 386                0.03
 387                0.02
 388                0.02
 389                0.01
 390                0.02
 391                0.03
 392                0.02
 393                0.02
 394                0.01
 395                0.02
 396                0.01
 397                0.02
 398                0.02
 399                0.01
 400                0.01
 401                0.01
 402                0.02
 403                0.02
 404                0.02
 405                0.02
 406                0.02
 407                0.02
 408                0.02
 409                0.02
 410                0.02
 411                0.03
 412                0.02
 413                0.02
 414                0.03
 415                0.02
 416                0.03
 417                0.03
 418                0.04
 419                0.02
 420                0.02
 421                0.02
 422                0.01
 423                0.03
 424                0.03
 425                0.02
 426                0.01
 427                0.02
 428                0.03
 429                0.02
 430                0.02
 431                0.04
 432                0.03
 433                0.02
 434                0.02
 435                0.03
 436                0.01
 437                0.02
 438                0.02
 439                0.02
 440                0.02
 441                0.03
 442                0.03
 443                0.02
 444                0.02
 445                0.03
 446                0.05
 447                0.04
 448                0.04
 449                0.01
 450                0.02
 451                0.03
 452                0.02
 453                0.02
 454                0.03
 455                0.02
 456                0.03
 457                0.03
 458                0.03
 459                0.03
 460                0.03
 461                0.03
 462                0.02
 463                0.02
 464                0.02
 465                0.02
 466                0.01
 467                0.02
 468                0.02
 469                0.02
 470                0.04
 471                0.02
 472                0.02
 473                0.02
 474                0.01
 475                0.05
 476                0.03
 477                0.03
 478                0.03
 479                0.03
 480                0.01
 481                0.03
 482                0.02
 483                0.03
 484                0.02
 485                0.02
 486                0.03
 487                0.03
 488                0.04
 489                0.02
 490                0.03
 491                0.02
 492                0.05
 493                0.02
 494                0.05
 495                0.02
 496                0.04
 497                0.02
 498                0.02
 499                0.04
 500                0.04
 501                0.03
 502                0.04
 503                0.04
 504                0.03
 505                0.05
 506                0.04
 507                0.04
 508                0.03
 509                0.03
 510                0.03
 511                0.04
 512                0.03
 513                0.03
 514                0.04
 515                0.04
 516                0.03
 517                0.04
 518                0.04
 519                0.02
 520                0.02
 521                0.02
 522                0.02
 523                0.02
 524                0.04
 525                0.02
 526                0.01
 527                0.04
 528                0.03
 529                0.04
 530                0.04
 531                0.03
 532                0.02
 533                0.03
 534                0.03
 535                0.03
 536                0.03
 537                0.04
 538                0.04
 539                0.03
 540                0.04
 541                0.04
 542                0.03
 543                0.04
 544                0.04
 545                0.04
 546                0.03
 547                0.04
 548                0.03
 549                0.02
 550                0.02
 551                0.03
 552                0.06
 553                0.02
 554                0.02
 555                0.02
 556                0.02
 557                0.01
 558                0.02
 559                0.05
 560                0.02
 561                0.04
 562                0.03
 563                0.01
 564                0.02
 565                0.02
 566                0.01
 567                0.02
 568                0.02
 569                0.01
 570                0.02
 571                0.01
 572                0.03
 573                0.02
 574                0.01
 575                0.02
 576                0.01
 577                0.02
 578                0.02
 579                0.02
 580                0.04
 581                0.05
 582                0.04
 583                0.04
 584                0.04
 585                0.03
 586                0.04
 587                0.04
 588                0.05
 589                0.05
 590                0.04
 591                0.01
 592                0.04
 593                0.05
 594                0.04
 595                0.04
 596                0.05
 597                0.03
 598                0.04
 599                0.06
 600                0.03
 601                0.03
 602                0.04
 603                0.02
 604                0.04
 605                0.02
 606                0.02
 607                0.02
 608                0.01
 609                0.03
 610                0.02
 611                0.01
 612                0.02
 613                0.02
 614                0.01
 615                0.02
 616                0.02
 617                0.01
 618                0.04
 619                0.03
 620                0.01
 621                0.02
 622                0.03
 623                0.02
 624                0.04
 625                0.02
 626                0.03
 627                0.05
 628                0.04
 629                0.02
 630                0.04
 631                0.02
 632                0.01
 633                0.02
 634                0.05
 635                0.01
 636                0.02
 637                0.01
 638                0.02
 639                0.05
 640                0.04
 641                0.03
 642                0.05
 643                0.04
 644                0.03
 645                0.03
 646                0.04
 647                0.02
 648                0.05
 649                0.02
 650                0.02
 651                0.03
 652                0.05
 653                0.04
 654                0.03
 655                0.03
 656                0.04
 657                0.03
 658                0.03
 659                0.02
 660                0.02
 661                0.03
 662                0.02
 663                0.03
 664                0.02
 665                0.03
 666                0.02
 667                0.06
 668                0.02
 669                0.02
 670                0.04
 671                0.05
 672                0.04
 673                0.03
 674                0.02
 675                0.04
 676                0.02
 677                0.02
 678                0.02
 679                0.01
 680                0.02
 681                0.02
 682                0.01
 683                0.02
 684                0.02
 685                0.02
 686                0.02
 687                0.02
 688                0.03
 689                0.03
 690                0.02
 691                0.02
 692                0.02
 693                0.02
 694                0.04
 695                0.01
 696                0.01
 697                0.03
 698                0.02
 699                0.01
 700                0.02
 701                0.02
 702                0.02
 703                0.03
 704                0.02
 705                0.02
 706                0.02
 707                0.02
 708                0.03
 709                0.03
 710                0.03
 711                0.03
 712                0.04
 713                0.03
 714                0.03
 715                0.02
 716                0.02
 717                0.01
 718                0.02
 719                0.02
 720                0.04
 721                0.02
 722                0.01
 723                0.02
 724                0.01
 725                0.01
 726                0.02
 727                0.01
 728                0.02
 729                0.02
 730                0.02
 731                0.01
 732                0.01
 733                0.03
 734                0.02
 735                0.02
 736                0.02
 737                0.02
 738                0.02
 739                0.02
 740                0.03
 741                0.03
 742                0.02
 743                0.02
 744                0.01
 745                0.01
 746                0.02
 747                0.01
 748                0.02
 749                0.03
 750                0.03
 751                0.04
 752                0.04
 753                0.06
 754                0.06
 755                0.06
 756                0.04
 757                0.05
 758                0.01
 759                0.02
 760                0.06
 761                0.05
 762                0.01
 763                0.02
 764                0.01
 765                0.04
 766                0.03
 767                0.05
 768                0.03
 769                0.04
 770                0.04
 771                0.03
 772                0.03
 773                0.03
 774                0.02
 775                0.02
 776                0.03
 777                0.02
 778                0.03
 779                0.03
 780                0.02
 781                0.04
 782                0.04
 783                0.02
 784                0.02
 785                0.02
 786                0.02
 787                0.03
 788                0.02
 789                0.02
 790                0.01
 791                0.02
 792                0.02
 793                0.03
 794                0.03
 795                0.02
 796                0.02
 797                0.02
 798                0.03
 799                0.01
 800                0.02
 801                0.03
 802                0.02
 803                0.03
 804                0.05
 805                0.03
 806                0.03
 807                0.06
 808                0.01
 809                0.02
 810                0.03
 811                0.03
 812                0.02
 813                0.02
 814                0.02
 815                0.01
 816                0.02
 817                0.02
 818                0.02
 819                0.02
 820                0.01
 821                0.04
 822                0.02
 823                0.03
 824                0.03
 825                0.04
 826                0.02
 827                0.03
 828                0.03
 829                0.02
 830                0.03
 831                0.03
 832                0.04
 833                0.03
 834                0.03
 835                0.05
 836                0.04
 837                0.05
 838                0.04
 839                0.04
 840                0.02
 841                0.03
 842                0.04
 843                0.02
 844                0.03
 845                0.03
 846                0.02
 847                0.02
 848                0.02
 849                0.04
 850                0.03
 851                0.02
 852                0.02
 853                0.02
 854                0.01
 855                0.05
 856                0.02
 857                0.02
 858                0.02
 859                0.02
 860                0.03
 861                0.01
 862                0.02
 863                0.02
 864                0.02
 865                0.02
 866                0.02
 867                0.02
 868                0.02
 869                0.02
 870                0.02
 871                0.02
 872                0.02
 873                0.01
 874                0.02
 875                0.02
 876                0.03
 877                0.02
 878                0.02
 879                0.02
 880                0.03
 881                0.03
 882                0.03
 883                0.03
 884                0.03
 885                0.04
 886                0.04
 887                0.04
 888                0.04
 889                0.02
 890                0.01
 891                0.02
 892                0.01
 893                0.02
 894                0.01
 895                0.03
 896                0.01
 897                0.06
 898                0.05
 899                0.06
 900                0.02
 901                0.03
 902                0.05
 903                0.04
 904                0.03
 905                0.05
 906                0.03
 907                0.04
 908                0.04
 909                0.04
 910                0.04
 911                0.04
 912                0.03
 913                0.04
 914                0.04
 915                0.02
 916                0.04
 917                0.04
 918                0.05
 919                0.04
 920                0.04
 921                0.06
 922                0.03
 923                0.04
 924                0.05
 925                0.05
 926                0.03
 927                0.05
 928                0.04
 929                0.04
 930                0.04
 931                0.01
 932                0.04
 933                0.03
 934                0.02
 935                0.02
 936                0.02
 937                0.01
 938                0.05
 939                0.05
 940                0.01
 941                0.05
 942                0.01
 943                0.03
 944                0.01
 945                0.02
 946                0.02
 947                0.03
 948                0.02
 949                0.02
 950                0.04
 951                0.03
 952                0.02
 953                0.03
 954                0.02
 955                0.03
 956                0.05
 957                0.03
 958                0.02
 959                0.01
 960                0.02
 961                0.02
 962                0.04
 963                0.05
 964                0.02
 965                0.02
 966                0.01
 967                0.05
 968                0.04
 969                0.04
 970                0.04
 971                0.05
 972                0.04
 973                0.05
 974                0.04
 975                0.04
 976                0.05
 977                0.04
 978                0.02
 979                0.02
 980                0.02
 981                0.02
 982                0.02
 983                0.02
 984                0.02
 985                0.02
 986                0.02
 987                0.01
 988                0.02
 989                0.03
 990                0.02
 991                0.01
 992                0.02
 993                0.02
 994                0.01
 995                0.02
 996                0.02
 997                0.01
 998                0.02
 999                0.02
1000                0.01
1001                0.02
1002                0.02
1003                0.02
1004                0.02
1005                0.02
1006                0.02
1007                0.02
1008                0.02
1009                0.02
1010                0.02
1011                0.02
1012                0.02
1013                0.02
1014                0.03
1015                0.02
1016                0.03
1017                0.02
1018                0.02
1019                0.01
1020                0.02
1021                0.02
1022                0.03
1023                0.01
1024                0.02
1025                0.02
1026                0.02
1027                0.02
1028                0.01
1029                0.02
1030                0.04
1031                0.05
1032                0.03
1033                0.04
1034                0.04
1035                0.04
1036                0.04
1037                0.05
1038                0.04
1039                0.02
1040                0.04
1041                0.04
1042                0.04
1043                0.04
1044                0.04
1045                0.02
1046                0.05
1047                0.04
1048                0.06
1049                0.05
1050                0.05
1051                0.03
1052                0.05
1053                0.05
1054                0.04
1055                0.03
1056                0.02
1057                0.02
1058                0.02
1059                0.02
1060                0.04
1061                0.04
1062                0.03
1063                0.03
1064                0.03
1065                0.02
1066                0.03
1067                0.02
1068                0.05
1069                0.04
1070                0.02
1071                0.04
1072                0.02
1073                0.04
1074                0.02
1075                0.02
1076                0.01
1077                0.03
1078                0.02
1079                0.03
1080                0.04
1081                0.04
1082                0.03
1083                0.04
1084                0.05
1085                0.05
1086                0.04
1087                0.02
1088                0.03
1089                0.02
1090                0.03
1091                0.03
1092                0.02
1093                0.03
1094                0.03
1095                0.03
1096                0.04
1097                0.02
1098                0.02
1099                0.02
1100                0.02
1101                0.02
1102                0.02
1103                0.03
1104                0.02
1105                0.04
1106                0.02
1107                0.02
1108                0.02
1109                0.05
1110                0.04
1111                0.03
1112                0.02
1113                0.02
1114                0.04
1115                0.02
1116                0.03
1117                0.03
1118                0.04
1119                0.02
1120                0.02
1121                0.02
1122                0.03
1123                0.04
1124                0.04
1125                0.04
1126                0.05
1127                0.03
1128                0.04
1129                0.03
1130                0.04
1131                0.03
1132                0.02
1133                0.02
1134                0.03
1135                0.03
1136                0.04
1137                0.02
1138                0.04
1139                0.03
1140                0.02
1141                0.04
1142                0.03
1143                0.04
1144                0.03
1145                0.04
1146                0.05
1147                0.03
1148                0.04
1149                0.05
1150                0.03
1151                0.04
1152                0.02
1153                0.01
1154                0.04
1155                0.04
1156                0.02
1157                0.02
1158                0.02
1159                0.02
1160                0.02
1161                0.02
1162                0.02
1163                0.02
1164                0.02
1165                0.01
1166                0.02
1167                0.02
1168                0.03
1169                0.03
1170                0.02
1171                0.02
1172                0.02
1173                0.03
1174                0.03
1175                0.02
1176                0.01
1177                0.02
1178                0.04
1179                0.02
1180                0.02
1181                0.02
1182                0.02
1183                0.02
1184                0.03
1185                0.03
1186                0.03
1187                0.03
1188                0.04
1189                0.03
1190                0.04
1191                0.03
1192                0.02
1193                0.04
1194                0.04
1195                0.04
1196                0.04
1197                0.05
1198                0.04
1199                0.03
1200                0.04
1201                0.03
1202                0.04
1203                0.04
1204                0.04
1205                0.02
1206                0.03
1207                0.02
1208                0.03
1209                0.05
1210                0.04
1211                0.02
1212                0.05
1213                0.03
1214                0.05
1215                0.02
1216                0.05
1217                0.03
1218                0.04
1219                0.01
1220                0.02
1221                0.01
1222                0.02
1223                0.02
1224                0.02
1225                0.01
1226                0.02
1227                0.02
1228                0.02
1229                0.02
1230                0.01
1231                0.03
1232                0.01
1233                0.02
1234                0.02
1235                0.01
1236                0.02
1237                0.02
1238                0.01
1239                0.02
1240                0.03
1241                0.03
1242                0.04
1243                0.03
1244                0.03
1245                0.03
1246                0.03
1247                0.04
1248                0.02
1249                0.04
1250                0.03
1251                0.04
1252                0.01
1253                0.02
1254                0.02
1255                0.02
1256                0.02
1257                0.03
1258                0.03
1259                0.02
1260                0.03
1261                0.04
1262                0.04
1263                0.05
1264                0.04
1265                0.04
1266                0.05
1267                0.05
1268                0.04
1269                0.04
1270                0.02
1271                0.01
1272                0.01
1273                0.01
1274                0.02
1275                0.02
1276                0.01
1277                0.02
1278                0.01
1279                0.04
1280                0.02
1281                0.01
1282                0.02
1283                0.04
1284                0.04
1285                0.05
1286                0.06
1287                0.05
1288                0.03
1289                0.06
1290                0.06
1291                0.06
1292                0.02
1293                0.06
1294                0.02
1295                0.07
1296                0.03
1297                0.06
1298                0.05
1299                0.06
1300                0.06
1301                0.06
1302                0.04
1303                0.03
1304                0.04
1305                0.04
1306                0.06
1307                0.03
1308                0.02
1309                0.01
1310                0.02
1311                0.01
1312                0.02
1313                0.01
1314                0.02
1315                0.02
1316                0.01
1317                0.05
1318                0.05
1319                0.02
1320                0.04
1321                0.04
1322                0.04
1323                0.05
1324                0.06
1325                0.04
1326                0.05
1327                0.05
1328                0.05
1329                0.05
1330                0.05
1331                0.05
1332                0.05
1333                0.05
1334                0.02
1335                0.01
1336                0.01
1337                0.02
1338                0.02
1339                0.02
1340                0.01
1341                0.02
1342                0.01
1343                0.02
1344                0.02
1345                0.01
1346                0.02
1347                0.01
1348                0.05
1349                0.06
1350                0.02
1351                0.02
1352                0.02
1353                0.01
1354                0.01
1355                0.01
1356                0.02
1357                0.02
1358                0.02
1359                0.01
1360                0.02
1361                0.02
1362                0.02
1363                0.01
1364                0.02
1365                0.02
1366                0.02
1367                0.02
1368                0.02
1369                0.03
1370                0.02
1371                0.02
1372                0.02
1373                0.03
1374                0.02
1375                0.03
1376                0.03
1377                0.02
1378                0.03
1379                0.03
1380                0.03
1381                0.02
1382                0.01
1383                0.02
1384                0.02
1385                0.04
1386                0.04
1387                0.02
1388                0.03
1389                0.04
1390                0.02
1391                0.01
1392                0.02
1393                0.04
1394                0.05
1395                0.05
1396                0.05
1397                0.05
1398                0.04
1399                0.05
1400                0.04
1401                0.05
1402                0.04
1403                0.04
1404                0.04
1405                0.05
1406                0.02
1407                0.04
1408                0.04
1409                0.04
1410                0.05
1411                0.05
1412                0.04
1413                0.05
1414                0.04
1415                0.05
1416                0.05
1417                0.02
1418                0.02
1419                0.03
1420                0.02
1421                0.02
1422                0.02
1423                0.05
1424                0.06
1425                0.04
1426                0.04
1427                0.02
1428                0.02
1429                0.01
1430                0.01
1431                0.02
1432                0.04
1433                0.04
1434                0.05
1435                0.04
1436                0.03
1437                0.04
1438                0.03
1439                0.03
1440                0.03
1441                0.05
1442                0.04
1443                0.03
1444                0.03
1445                0.03
1446                0.02
1447                0.01
1448                0.05
1449                0.03
1450                0.04
1451                0.02
1452                0.02
1453                0.02
1454                0.01
1455                0.02
1456                0.02
1457                0.02
1458                0.02
1459                0.02
1460                0.03
1461                0.03
1462                0.03
1463                0.03
1464                0.04
1465                0.03
1466                0.01
1467                0.03
1468                0.02
1469                0.03
1470                0.02
1471                0.03
1472                0.02
1473                0.03
1474                0.03
1475                0.04
1476                0.03
1477                0.03
1478                0.05
1479                0.04
1480                0.04
1481                0.04
1482                0.04
1483                0.03
1484                0.03
1485                0.02
1486                0.03
1487                0.01
1488                0.03
1489                0.02
1490                0.02
1491                0.02
1492                0.03
1493                0.03
1494                0.03
1495                0.01
1496                0.03
1497                0.02
1498                0.02
1499                0.02
1500                0.02
1501                0.02
1502                0.02
1503                0.02
1504                0.02
1505                0.02
1506                0.02
1507                0.02
1508                0.02
1509                0.03
1510                0.03
1511                0.03
1512                0.03
1513                0.03
1514                0.03
1515                0.03
1516                0.03
1517                0.04
1518                0.03
1519                0.03
1520                0.05
1521                0.04
1522                0.02
1523                0.02
1524                0.01
1525                0.02
1526                0.02
1527                0.01
1528                0.02
1529                0.02
1530                0.02
1531                0.02
1532                0.02
1533                0.02
1534                0.01
1535                0.02
1536                0.04
1537                0.01
1538                0.02
1539                0.02
1540                0.02
1541                0.02
1542                0.03
1543                0.03
1544                0.04
1545                0.02
1546                0.03
1547                0.03
1548                0.03
1549                0.04
1550                0.03
1551                0.04
1552                0.03
1553                0.04
1554                0.03
1555                0.03
1556                0.03
1557                0.03
1558                0.05
1559                0.03
1560                0.03
1561                0.03
1562                0.04
1563                0.02
1564                0.02
1565                0.02
1566                0.02
1567                0.04
1568                0.05
1569                0.04
1570                0.04
1571                0.04
1572                0.03
1573                0.03
1574                0.04
1575                0.02
1576                0.02
1577                0.02
1578                0.02
1579                0.01
1580                0.02
1581                0.02
1582                0.04
1583                0.02
1584                0.02
1585                0.04
1586                0.02
1587                0.04
1588                0.03
1589                0.04
1590                0.04
1591                0.05
1592                0.03
1593                0.04
1594                0.02
1595                0.02
1596                0.01
1597                0.03
1598                0.01
1599                0.03
