File open successful. It contains: 
Finished reading file, will close now.
File x_dt open successful.
Finished reading file x_dt, will close now.
------------ START FOR ACTIVATORS --------------
  1   350
  2   302
  3   300
  4   337
  5   263
  6   281
  7   318
  8   396
  9   390
 10   338
 11   335
 12   355
 13   388
 14   335
 15   314
 16   290
 17   329
 18   371
 19   339
 20     0
 21   269
 22   291
 23   312
 24   306
 25   374
-------------- END FOR ACTIVATORS --------------
  1   137
  2   142
  3   194
  4   139
  5   133
  6   158
  7   158
  8   127
  9    86
 10   129
 11   138
 12   142
 13   132
 14   145
 15   159
 16   162
 17   147
 18   164
 19   131
 20     0
 21   120
 22   157
 23   195
 24   141
 25   120
----------Number of Acceptable Subnets found: 1322 -----------
----------Time taken for the process is:              44.26 -----------
----------END FOR GENE 20 -----------
   0                0.03
   1                0.02
   2                0.02
   3                0.02
   4                0.02
   5                0.02
   6                0.02
   7                0.01
   8                0.02
   9                0.02
  10                0.04
  11                0.02
  12                0.03
  13                0.02
  14                0.02
  15                0.02
  16                0.02
  17                0.03
  18                0.03
  19                0.02
  20                0.03
  21                0.03
  22                0.03
  23                0.02
  24                0.04
  25                0.02
  26                0.03
  27                0.02
  28                0.02
  29                0.02
  30                0.01
  31                0.02
  32                0.02
  33                0.02
  34                0.02
  35                0.02
  36                0.01
  37                0.02
  38                0.02
  39                0.02
  40                0.02
  41                0.02
  42                0.02
  43                0.02
  44                0.02
  45                0.02
  46                0.01
  47                0.02
  48                0.01
  49                0.02
  50                0.02
  51                0.02
  52                0.02
  53                0.02
  54                0.01
  55                0.02
  56                0.02
  57                0.02
  58                0.02
  59                0.02
  60                0.02
  61                0.02
  62                0.02
  63                0.03
  64                0.03
  65                0.02
  66                0.03
  67                0.02
  68                0.02
  69                0.02
  70                0.02
  71                0.02
  72                0.01
  73                0.02
  74                0.02
  75                0.02
  76                0.02
  77                0.02
  78                0.02
  79                0.02
  80                0.01
  81                0.01
  82                0.03
  83                0.01
  84                0.03
  85                0.02
  86                0.02
  87                0.03
  88                0.02
  89                0.02
  90                0.04
  91                0.02
  92                0.02
  93                0.03
  94                0.03
  95                0.03
  96                0.04
  97                0.02
  98                0.04
  99                0.03
 100                0.04
 101                0.04
 102                0.04
 103                0.04
 104                0.03
 105                0.04
 106                0.03
 107                0.03
 108                0.04
 109                0.03
 110                0.04
 111                0.03
 112                0.03
 113                0.03
 114                0.02
 115                0.03
 116                0.04
 117                0.03
 118                0.03
 119                0.02
 120                0.03
 121                0.02
 122                0.02
 123                0.05
 124                0.01
 125                0.03
 126                0.02
 127                0.02
 128                0.02
 129                0.01
 130                0.02
 131                0.04
 132                0.04
 133                0.02
 134                0.04
 135                0.02
 136                0.05
 137                0.02
 138                0.02
 139                0.02
 140                0.02
 141                0.03
 142                0.05
 143                0.02
 144                0.01
 145                0.02
 146                0.01
 147                0.02
 148                0.02
 149                0.02
 150                0.01
 151                0.02
 152                0.02
 153                0.02
 154                0.02
 155                0.01
 156                0.03
 157                0.02
 158                0.04
 159                0.05
 160                0.02
 161                0.02
 162                0.02
 163                0.03
 164                0.01
 165                0.02
 166                0.02
 167                0.01
 168                0.04
 169                0.03
 170                0.01
 171                0.03
 172                0.03
 173                0.01
 174                0.03
 175                0.02
 176                0.02
 177                0.01
 178                0.03
 179                0.03
 180                0.03
 181                0.03
 182                0.02
 183                0.02
 184                0.02
 185                0.03
 186                0.03
 187                0.03
 188                0.03
 189                0.03
 190                0.03
 191                0.03
 192                0.03
 193                0.03
 194                0.03
 195                0.03
 196                0.02
 197                0.02
 198                0.02
 199                0.02
 200                0.04
 201                0.02
 202                0.04
 203                0.05
 204                0.06
 205                0.05
 206                0.05
 207                0.04
 208                0.05
 209                0.03
 210                0.02
 211                0.02
 212                0.03
 213                0.05
 214                0.02
 215                0.05
 216                0.06
 217                0.02
 218                0.04
 219                0.04
 220                0.04
 221                0.04
 222                0.02
 223                0.03
 224                0.02
 225                0.05
 226                0.04
 227                0.05
 228                0.03
 229                0.06
 230                0.04
 231                0.02
 232                0.05
 233                0.05
 234                0.03
 235                0.06
 236                0.04
 237                0.03
 238                0.04
 239                0.03
 240                0.02
 241                0.05
 242                0.03
 243                0.05
 244                0.03
 245                0.02
 246                0.04
 247                0.04
 248                0.02
 249                0.03
 250                0.02
 251                0.02
 252                0.02
 253                0.02
 254                0.03
 255                0.02
 256                0.01
 257                0.02
 258                0.02
 259                0.01
 260                0.02
 261                0.02
 262                0.02
 263                0.02
 264                0.01
 265                0.01
 266                0.02
 267                0.02
 268                0.02
 269                0.01
 270                0.02
 271                0.02
 272                0.02
 273                0.02
 274                0.02
 275                0.02
 276                0.02
 277                0.02
 278                0.03
 279                0.04
 280                0.04
 281                0.03
 282                0.05
 283                0.04
 284                0.03
 285                0.04
 286                0.04
 287                0.04
 288                0.03
 289                0.04
 290                0.04
 291                0.04
 292                0.02
 293                0.02
 294                0.01
 295                0.02
 296                0.02
 297                0.02
 298                0.02
 299                0.01
 300                0.02
 301                0.02
 302                0.02
 303                0.01
 304                0.02
 305                0.03
 306                0.02
 307                0.03
 308                0.02
 309                0.02
 310                0.02
 311                0.02
 312                0.03
 313                0.02
 314                0.04
 315                0.03
 316                0.03
 317                0.04
 318                0.03
 319                0.04
 320                0.06
 321                0.03
 322                0.06
 323                0.05
 324                0.03
 325                0.05
 326                0.05
 327                0.05
 328                0.01
 329                0.03
 330                0.04
 331                0.02
 332                0.04
 333                0.04
 334                0.02
 335                0.05
 336                0.04
 337                0.03
 338                0.03
 339                0.03
 340                0.04
 341                0.04
 342                0.03
 343                0.03
 344                0.04
 345                0.03
 346                0.04
 347                0.05
 348                0.02
 349                0.02
 350                0.03
 351                0.04
 352                0.02
 353                0.03
 354                0.02
 355                0.03
 356                0.03
 357                0.04
 358                0.01
 359                0.04
 360                0.01
 361                0.02
 362                0.02
 363                0.02
 364                0.01
 365                0.02
 366                0.04
 367                0.01
 368                0.02
 369                0.02
 370                0.02
 371                0.02
 372                0.02
 373                0.03
 374                0.02
 375                0.03
 376                0.03
 377                0.02
 378                0.02
 379                0.02
 380                0.02
 381                0.02
 382                0.02
 383                0.02
 384                0.02
 385                0.04
 386                0.02
 387                0.03
 388                0.04
 389                0.02
 390                0.02
 391                0.03
 392                0.02
 393                0.04
 394                0.02
 395                0.01
 396                0.06
 397                0.05
 398                0.06
 399                0.02
 400                0.03
 401                0.04
 402                0.04
 403                0.02
 404                0.03
 405                0.04
 406                0.06
 407                0.04
 408                0.06
 409                0.05
 410                0.05
 411                0.01
 412                0.05
 413                0.03
 414                0.03
 415                0.03
 416                0.03
 417                0.05
 418                0.03
 419                0.03
 420                0.03
 421                0.04
 422                0.02
 423                0.02
 424                0.03
 425                0.03
 426                0.05
 427                0.03
 428                0.04
 429                0.04
 430                0.04
 431                0.04
 432                0.04
 433                0.03
 434                0.04
 435                0.05
 436                0.04
 437                0.03
 438                0.04
 439                0.03
 440                0.04
 441                0.04
 442                0.05
 443                0.03
 444                0.04
 445                0.03
 446                0.06
 447                0.05
 448                0.03
 449                0.04
 450                0.03
 451                0.04
 452                0.02
 453                0.03
 454                0.02
 455                0.03
 456                0.05
 457                0.04
 458                0.05
 459                0.02
 460                0.02
 461                0.02
 462                0.02
 463                0.03
 464                0.02
 465                0.02
 466                0.03
 467                0.03
 468                0.02
 469                0.03
 470                0.02
 471                0.04
 472                0.02
 473                0.02
 474                0.03
 475                0.02
 476                0.02
 477                0.02
 478                0.05
 479                0.02
 480                0.02
 481                0.02
 482                0.02
 483                0.02
 484                0.02
 485                0.02
 486                0.02
 487                0.02
 488                0.02
 489                0.02
 490                0.03
 491                0.01
 492                0.02
 493                0.03
 494                0.02
 495                0.03
 496                0.03
 497                0.03
 498                0.02
 499                0.02
 500                0.02
 501                0.02
 502                0.02
 503                0.02
 504                0.01
 505                0.02
 506                0.02
 507                0.02
 508                0.04
 509                0.05
 510                0.03
 511                0.05
 512                0.04
 513                0.05
 514                0.05
 515                0.06
 516                0.05
 517                0.03
 518                0.03
 519                0.06
 520                0.02
 521                0.02
 522                0.05
 523                0.03
 524                0.03
 525                0.03
 526                0.04
 527                0.03
 528                0.06
 529                0.05
 530                0.04
 531                0.06
 532                0.05
 533                0.04
 534                0.04
 535                0.01
 536                0.06
 537                0.02
 538                0.07
 539                0.04
 540                0.06
 541                0.05
 542                0.06
 543                0.04
 544                0.06
 545                0.02
 546                0.02
 547                0.02
 548                0.02
 549                0.01
 550                0.03
 551                0.02
 552                0.02
 553                0.03
 554                0.03
 555                0.03
 556                0.03
 557                0.03
 558                0.03
 559                0.02
 560                0.05
 561                0.03
 562                0.06
 563                0.03
 564                0.02
 565                0.03
 566                0.03
 567                0.02
 568                0.04
 569                0.02
 570                0.03
 571                0.01
 572                0.04
 573                0.02
 574                0.02
 575                0.02
 576                0.03
 577                0.01
 578                0.02
 579                0.01
 580                0.02
 581                0.01
 582                0.04
 583                0.02
 584                0.02
 585                0.02
 586                0.02
 587                0.04
 588                0.02
 589                0.02
 590                0.02
 591                0.05
 592                0.04
 593                0.04
 594                0.02
 595                0.02
 596                0.01
 597                0.02
 598                0.02
 599                0.01
 600                0.01
 601                0.02
 602                0.02
 603                0.01
 604                0.02
 605                0.01
 606                0.03
 607                0.05
 608                0.05
 609                0.01
 610                0.02
 611                0.01
 612                0.02
 613                0.02
 614                0.02
 615                0.03
 616                0.04
 617                0.02
 618                0.03
 619                0.03
 620                0.04
 621                0.04
 622                0.03
 623                0.04
 624                0.04
 625                0.03
 626                0.03
 627                0.04
 628                0.02
 629                0.02
 630                0.02
 631                0.02
 632                0.05
 633                0.04
 634                0.06
 635                0.03
 636                0.05
 637                0.03
 638                0.04
 639                0.02
 640                0.03
 641                0.03
 642                0.04
 643                0.02
 644                0.03
 645                0.03
 646                0.03
 647                0.02
 648                0.02
 649                0.02
 650                0.03
 651                0.03
 652                0.05
 653                0.03
 654                0.02
 655                0.02
 656                0.03
 657                0.03
 658                0.04
 659                0.02
 660                0.03
 661                0.03
 662                0.03
 663                0.02
 664                0.03
 665                0.04
 666                0.03
 667                0.03
 668                0.03
 669                0.04
 670                0.04
 671                0.03
 672                0.04
 673                0.04
 674                0.03
 675                0.05
 676                0.03
 677                0.03
 678                0.03
 679                0.04
 680                0.04
 681                0.03
 682                0.03
 683                0.03
 684                0.03
 685                0.03
 686                0.02
 687                0.03
 688                0.01
 689                0.02
 690                0.03
 691                0.03
 692                0.02
 693                0.01
 694                0.02
 695                0.02
 696                0.02
 697                0.03
 698                0.03
 699                0.04
 700                0.01
 701                0.04
 702                0.03
 703                0.01
 704                0.05
 705                0.01
 706                0.02
 707                0.03
 708                0.02
 709                0.05
 710                0.05
 711                0.02
 712                0.04
 713                0.02
 714                0.01
 715                0.02
 716                0.02
 717                0.03
 718                0.04
 719                0.03
 720                0.05
 721                0.03
 722                0.04
 723                0.03
 724                0.03
 725                0.02
 726                0.02
 727                0.04
 728                0.02
 729                0.02
 730                0.03
 731                0.03
 732                0.03
 733                0.04
 734                0.02
 735                0.04
 736                0.03
 737                0.02
 738                0.02
 739                0.06
 740                0.03
 741                0.02
 742                0.03
 743                0.04
 744                0.02
 745                0.04
 746                0.02
 747                0.04
 748                0.04
 749                0.03
 750                0.04
 751                0.04
 752                0.04
 753                0.05
 754                0.03
 755                0.04
 756                0.04
 757                0.07
 758                0.02
 759                0.04
 760                0.03
 761                0.04
 762                0.03
 763                0.04
 764                0.05
 765                0.04
 766                0.03
 767                0.03
 768                0.02
 769                0.03
 770                0.02
 771                0.03
 772                0.03
 773                0.03
 774                0.03
 775                0.04
 776                0.02
 777                0.05
 778                0.03
 779                0.04
 780                0.03
 781                0.03
 782                0.03
 783                0.02
 784                0.02
 785                0.02
 786                0.02
 787                0.02
 788                0.04
 789                0.03
 790                0.04
 791                0.03
 792                0.03
 793                0.04
 794                0.03
 795                0.03
 796                0.04
 797                0.04
 798                0.03
 799                0.03
 800                0.04
 801                0.03
 802                0.04
 803                0.03
 804                0.03
 805                0.03
 806                0.02
 807                0.03
 808                0.01
 809                0.03
 810                0.02
 811                0.01
 812                0.02
 813                0.02
 814                0.04
 815                0.03
 816                0.03
 817                0.03
 818                0.03
 819                0.02
 820                0.03
 821                0.02
 822                0.02
 823                0.03
 824                0.02
 825                0.02
 826                0.02
 827                0.02
 828                0.02
 829                0.02
 830                0.02
 831                0.02
 832                0.01
 833                0.02
 834                0.04
 835                0.02
 836                0.02
 837                0.02
 838                0.05
 839                0.04
 840                0.02
 841                0.02
 842                0.02
 843                0.02
 844                0.02
 845                0.02
 846                0.03
 847                0.02
 848                0.02
 849                0.02
 850                0.02
 851                0.04
 852                0.04
 853                0.05
 854                0.04
 855                0.02
 856                0.04
 857                0.02
 858                0.03
 859                0.04
 860                0.01
 861                0.04
 862                0.02
 863                0.01
 864                0.02
 865                0.02
 866                0.02
 867                0.01
 868                0.02
 869                0.02
 870                0.02
 871                0.02
 872                0.01
 873                0.02
 874                0.02
 875                0.03
 876                0.03
 877                0.02
 878                0.05
 879                0.03
 880                0.02
 881                0.04
 882                0.04
 883                0.04
 884                0.01
 885                0.03
 886                0.04
 887                0.05
 888                0.04
 889                0.05
 890                0.05
 891                0.05
 892                0.03
 893                0.05
 894                0.04
 895                0.02
 896                0.02
 897                0.02
 898                0.03
 899                0.02
 900                0.02
 901                0.04
 902                0.03
 903                0.04
 904                0.03
 905                0.02
 906                0.05
 907                0.03
 908                0.05
 909                0.02
 910                0.05
 911                0.02
 912                0.02
 913                0.01
 914                0.03
 915                0.01
 916                0.02
 917                0.02
 918                0.02
 919                0.03
 920                0.03
 921                0.02
 922                0.02
 923                0.02
 924                0.02
 925                0.01
 926                0.02
 927                0.02
 928                0.03
 929                0.01
 930                0.02
 931                0.01
 932                0.02
 933                0.02
 934                0.01
 935                0.03
 936                0.03
 937                0.04
 938                0.02
 939                0.04
 940                0.02
 941                0.03
 942                0.02
 943                0.02
 944                0.02
 945                0.01
 946                0.02
 947                0.04
 948                0.03
 949                0.02
 950                0.03
 951                0.03
 952                0.03
 953                0.03
 954                0.02
 955                0.02
 956                0.02
 957                0.02
 958                0.02
 959                0.01
 960                0.02
 961                0.02
 962                0.02
 963                0.02
 964                0.03
 965                0.03
 966                0.01
 967                0.02
 968                0.02
 969                0.02
 970                0.02
 971                0.01
 972                0.02
 973                0.02
 974                0.02
 975                0.02
 976                0.02
 977                0.02
 978                0.01
 979                0.02
 980                0.02
 981                0.02
 982                0.02
 983                0.02
 984                0.04
 985                0.03
 986                0.02
 987                0.04
 988                0.01
 989                0.03
 990                0.03
 991                0.03
 992                0.03
 993                0.02
 994                0.02
 995                0.02
 996                0.03
 997                0.03
 998                0.02
 999                0.04
1000                0.04
1001                0.04
1002                0.06
1003                0.03
1004                0.04
1005                0.03
1006                0.07
1007                0.05
1008                0.05
1009                0.05
1010                0.02
1011                0.02
1012                0.02
1013                0.02
1014                0.02
1015                0.02
1016                0.01
1017                0.02
1018                0.02
1019                0.02
1020                0.02
1021                0.02
1022                0.01
1023                0.02
1024                0.02
1025                0.03
1026                0.02
1027                0.03
1028                0.02
1029                0.03
1030                0.03
1031                0.02
1032                0.02
1033                0.02
1034                0.01
1035                0.02
1036                0.02
1037                0.02
1038                0.02
1039                0.02
1040                0.02
1041                0.01
1042                0.02
1043                0.02
1044                0.01
1045                0.02
1046                0.02
1047                0.02
1048                0.02
1049                0.01
1050                0.02
1051                0.02
1052                0.02
1053                0.02
1054                0.03
1055                0.02
1056                0.02
1057                0.02
1058                0.05
1059                0.02
1060                0.02
1061                0.02
1062                0.03
1063                0.02
1064                0.02
1065                0.04
1066                0.02
1067                0.02
1068                0.02
1069                0.02
1070                0.02
1071                0.02
1072                0.02
1073                0.02
1074                0.04
1075                0.04
1076                0.02
1077                0.04
1078                0.02
1079                0.02
1080                0.03
1081                0.02
1082                0.02
1083                0.01
1084                0.02
1085                0.02
1086                0.02
1087                0.02
1088                0.03
1089                0.02
1090                0.02
1091                0.03
1092                0.01
1093                0.02
1094                0.02
1095                0.02
1096                0.01
1097                0.03
1098                0.04
1099                0.02
1100                0.03
1101                0.03
1102                0.02
1103                0.03
1104                0.01
1105                0.02
1106                0.02
1107                0.02
1108                0.03
1109                0.04
1110                0.02
1111                0.02
1112                0.02
1113                0.02
1114                0.01
1115                0.02
1116                0.02
1117                0.02
1118                0.01
1119                0.03
1120                0.01
1121                0.03
1122                0.01
1123                0.06
1124                0.02
1125                0.01
1126                0.02
1127                0.02
1128                0.04
1129                0.02
1130                0.02
1131                0.02
1132                0.01
1133                0.03
1134                0.03
1135                0.01
1136                0.03
1137                0.02
1138                0.02
1139                0.02
1140                0.03
1141                0.02
1142                0.04
1143                0.02
1144                0.02
1145                0.04
1146                0.02
1147                0.02
1148                0.02
1149                0.03
1150                0.04
1151                0.04
1152                0.04
1153                0.02
1154                0.02
1155                0.02
1156                0.04
1157                0.02
1158                0.02
1159                0.02
1160                0.05
1161                0.02
1162                0.02
1163                0.02
1164                0.02
1165                0.03
1166                0.01
1167                0.02
1168                0.03
1169                0.02
1170                0.02
1171                0.01
1172                0.02
1173                0.02
1174                0.02
1175                0.02
1176                0.02
1177                0.02
1178                0.02
1179                0.02
1180                0.05
1181                0.02
1182                0.02
1183                0.02
1184                0.02
1185                0.02
1186                0.02
1187                0.03
1188                0.02
1189                0.03
1190                0.02
1191                0.02
1192                0.02
1193                0.02
1194                0.02
1195                0.02
1196                0.02
1197                0.01
1198                0.02
1199                0.02
1200                0.01
1201                0.02
1202                0.03
1203                0.05
1204                0.02
1205                0.02
1206                0.02
1207                0.03
1208                0.04
1209                0.03
1210                0.02
1211                0.04
1212                0.04
1213                0.04
1214                0.03
1215                0.04
1216                0.02
1217                0.02
1218                0.01
1219                0.02
1220                0.02
1221                0.02
1222                0.02
1223                0.01
1224                0.02
1225                0.02
1226                0.02
1227                0.03
1228                0.05
1229                0.02
1230                0.03
1231                0.02
1232                0.02
1233                0.02
1234                0.02
1235                0.03
1236                0.02
1237                0.02
1238                0.03
1239                0.03
1240                0.01
1241                0.02
1242                0.02
1243                0.01
1244                0.02
1245                0.02
1246                0.02
1247                0.02
1248                0.04
1249                0.02
1250                0.02
1251                0.02
1252                0.03
1253                0.02
1254                0.02
1255                0.02
1256                0.03
1257                0.02
1258                0.02
1259                0.02
1260                0.02
1261                0.02
1262                0.01
1263                0.02
1264                0.02
1265                0.02
1266                0.04
1267                0.02
1268                0.02
1269                0.03
1270                0.02
1271                0.01
1272                0.02
1273                0.02
1274                0.01
1275                0.02
1276                0.02
1277                0.02
1278                0.02
1279                0.02
1280                0.05
1281                0.02
1282                0.03
1283                0.02
1284                0.03
1285                0.02
1286                0.01
1287                0.02
1288                0.03
1289                0.03
1290                0.02
1291                0.01
1292                0.02
1293                0.01
1294                0.02
1295                0.02
1296                0.02
1297                0.01
1298                0.02
1299                0.01
1300                0.02
1301                0.03
1302                0.03
1303                0.03
1304                0.03
1305                0.04
1306                0.04
1307                0.03
1308                0.05
1309                0.04
1310                0.06
1311                0.05
1312                0.03
1313                0.06
1314                0.03
1315                0.02
1316                0.02
1317                0.03
1318                0.02
1319                0.02
1320                0.04
1321                0.04
1322                0.03
1323                0.02
1324                0.02
1325                0.03
1326                0.02
1327                0.02
1328                0.03
1329                0.02
1330                0.03
1331                0.03
1332                0.03
1333                0.03
1334                0.01
1335                0.02
1336                0.02
1337                0.03
1338                0.02
1339                0.01
1340                0.02
1341                0.02
1342                0.05
1343                0.03
1344                0.03
1345                0.01
1346                0.02
1347                0.01
1348                0.02
1349                0.03
1350                0.01
1351                0.02
1352                0.03
1353                0.03
1354                0.01
1355                0.01
1356                0.03
1357                0.02
1358                0.02
1359                0.02
1360                0.02
1361                0.01
1362                0.02
1363                0.01
1364                0.03
1365                0.02
1366                0.02
1367                0.02
1368                0.02
1369                0.02
1370                0.02
1371                0.02
1372                0.02
1373                0.02
1374                0.03
1375                0.03
1376                0.04
1377                0.03
1378                0.02
1379                0.02
1380                0.04
1381                0.02
1382                0.03
1383                0.02
1384                0.02
1385                0.03
1386                0.02
1387                0.02
1388                0.01
1389                0.02
1390                0.03
1391                0.03
1392                0.03
1393                0.02
1394                0.03
1395                0.03
1396                0.01
1397                0.01
1398                0.03
1399                0.02
1400                0.03
1401                0.03
1402                0.06
1403                0.04
1404                0.01
1405                0.04
1406                0.03
1407                0.03
1408                0.04
1409                0.03
1410                0.02
1411                0.04
1412                0.01
1413                0.03
1414                0.01
1415                0.02
1416                0.02
1417                0.02
1418                0.02
1419                0.02
1420                0.03
1421                0.03
1422                0.04
1423                0.04
1424                0.05
1425                0.04
1426                0.03
1427                0.05
1428                0.02
1429                0.04
1430                0.02
1431                0.04
1432                0.03
1433                0.05
1434                0.02
1435                0.02
1436                0.05
1437                0.04
1438                0.01
1439                0.04
1440                0.02
1441                0.05
1442                0.05
1443                0.04
1444                0.03
1445                0.04
1446                0.02
1447                0.04
1448                0.05
1449                0.03
1450                0.05
1451                0.03
1452                0.02
1453                0.04
1454                0.05
1455                0.01
1456                0.04
1457                0.04
1458                0.03
1459                0.03
1460                0.03
1461                0.04
1462                0.04
1463                0.05
1464                0.05
1465                0.01
1466                0.05
1467                0.03
1468                0.03
1469                0.04
1470                0.04
1471                0.02
1472                0.05
1473                0.03
1474                0.03
1475                0.04
1476                0.03
1477                0.04
1478                0.04
1479                0.04
1480                0.03
1481                0.04
1482                0.04
1483                0.04
1484                0.04
1485                0.05
1486                0.02
1487                0.06
1488                0.04
1489                0.04
1490                0.05
1491                0.04
1492                0.05
1493                0.03
1494                0.04
1495                0.05
1496                0.04
1497                0.05
1498                0.05
1499                0.04
1500                0.04
1501                0.04
1502                0.05
1503                0.06
1504                0.04
1505                0.02
1506                0.04
1507                0.01
1508                0.03
1509                0.02
1510                0.02
1511                0.02
1512                0.02
1513                0.04
1514                0.02
1515                0.01
1516                0.03
1517                0.01
1518                0.05
1519                0.03
1520                0.02
1521                0.04
1522                0.04
1523                0.01
1524                0.01
1525                0.02
1526                0.01
1527                0.02
1528                0.01
1529                0.02
1530                0.02
1531                0.01
1532                0.03
1533                0.02
1534                0.03
1535                0.04
1536                0.05
1537                0.05
1538                0.05
1539                0.02
1540                0.03
1541                0.03
1542                0.04
1543                0.02
1544                0.05
1545                0.05
1546                0.04
1547                0.05
1548                0.05
1549                0.05
1550                0.03
1551                0.03
1552                0.02
1553                0.02
1554                0.03
1555                0.02
1556                0.02
1557                0.02
1558                0.02
1559                0.02
1560                0.02
1561                0.05
1562                0.04
1563                0.02
1564                0.07
1565                0.05
1566                0.04
1567                0.06
1568                0.05
1569                0.03
1570                0.04
1571                0.04
1572                0.05
1573                0.02
1574                0.02
1575                0.03
1576                0.02
1577                0.06
1578                0.03
1579                0.02
1580                0.02
1581                0.02
1582                0.01
1583                0.02
1584                0.02
1585                0.05
1586                0.03
1587                0.02
1588                0.02
1589                0.01
1590                0.02
1591                0.03
1592                0.03
1593                0.03
1594                0.03
1595                0.05
1596                0.05
1597                0.03
1598                0.05
1599                0.02
