File open successful. It contains: 
Finished reading file, will close now.
File x_dt open successful.
Finished reading file x_dt, will close now.
------------ START FOR ACTIVATORS --------------
  1     2
  2     8
  3     6
  4     9
  5     9
  6    11
  7    14
  8     6
  9     7
 10     3
 11     7
 12     7
 13     0
 14     8
 15    15
 16     3
 17     7
 18    16
 19     2
 20     0
 21    10
 22    21
 23    14
 24     3
 25     2
-------------- END FOR ACTIVATORS --------------
  1     6
  2     1
  3     6
  4     1
  5     2
  6     5
  7     1
  8     3
  9     4
 10    19
 11     0
 12     3
 13     7
 14    11
 15    10
 16     1
 17     8
 18     0
 19     2
 20     0
 21     3
 22     6
 23     2
 24     3
 25     1
----------Number of Acceptable Subnets found: 113 -----------
----------Time taken for the process is:              12.21 -----------
----------END FOR GENE 20 -----------
   0                   0
   1                0.01
   2                0.01
   3                   0
   4                0.01
   5                0.01
   6                   0
   7                0.01
   8                   0
   9                0.01
  10                0.01
  11                   0
  12                0.01
  13                   0
  14                0.01
  15                   0
  16                0.01
  17                0.01
  18                   0
  19                0.01
  20                   0
  21                0.01
  22                   0
  23                0.01
  24                   0
  25                0.01
  26                0.01
  27                0.01
  28                   0
  29                0.01
  30                   0
  31                0.01
  32                   0
  33                0.01
  34                0.01
  35                   0
  36                   0
  37                0.01
  38                0.01
  39                   0
  40                0.01
  41                   0
  42                0.01
  43                   0
  44                0.01
  45                   0
  46                0.01
  47                   0
  48                0.01
  49                   0
  50                0.01
  51                0.01
  52                   0
  53                0.01
  54                   0
  55                0.01
  56                   0
  57                0.01
  58                   0
  59                0.01
  60                0.01
  61                   0
  62                0.01
  63                   0
  64                0.01
  65                   0
  66                0.01
  67                   0
  68                0.01
  69                0.01
  70                   0
  71                0.01
  72                   0
  73                0.01
  74                0.01
  75                   0
  76                0.01
  77                   0
  78                0.01
  79                0.01
  80                   0
  81                0.01
  82                   0
  83                0.01
  84                   0
  85                0.01
  86                   0
  87                0.01
  88                   0
  89                0.01
  90                0.01
  91                   0
  92                0.01
  93                0.01
  94                   0
  95                0.01
  96                   0
  97                0.01
  98                0.01
  99                   0
 100                0.01
 101                0.01
 102                   0
 103                0.01
 104                0.01
 105                0.01
 106                   0
 107                0.01
 108                0.01
 109                   0
 110                0.01
 111                0.01
 112                   0
 113                0.01
 114                   0
 115                0.01
 116                   0
 117                0.01
 118                0.01
 119                   0
 120                0.01
 121                   0
 122                0.01
 123                0.01
 124                   0
 125                0.01
 126                0.01
 127                   0
 128                0.01
 129                0.01
 130                0.01
 131                   0
 132                0.01
 133                   0
 134                0.01
 135                0.01
 136                   0
 137                0.01
 138                0.01
 139                   0
 140                0.01
 141                0.01
 142                   0
 143                0.01
 144                0.01
 145                   0
 146                0.01
 147                   0
 148                0.01
 149                   0
 150                0.01
 151                0.01
 152                   0
 153                0.01
 154                0.01
 155                   0
 156                0.01
 157                0.01
 158                   0
 159                0.01
 160                0.01
 161                   0
 162                0.01
 163                   0
 164                0.01
 165                0.01
 166                   0
 167                0.01
 168                0.01
 169                   0
 170                0.01
 171                   0
 172                0.01
 173                   0
 174                0.01
 175                0.01
 176                0.01
 177                   0
 178                0.01
 179                   0
 180                0.01
 181                   0
 182                0.01
 183                   0
 184                0.01
 185                0.01
 186                   0
 187                0.01
 188                0.01
 189                   0
 190                0.01
 191                   0
 192                0.01
 193                   0
 194                0.01
 195                   0
 196                0.01
 197                0.01
 198                   0
 199                0.01
 200                0.01
 201                   0
 202                0.01
 203                   0
 204                0.01
 205                   0
 206                0.01
 207                0.02
 208                0.03
 209                0.02
 210                0.01
 211                0.05
 212                0.02
 213                   0
 214                0.01
 215                   0
 216                0.01
 217                   0
 218                0.01
 219                   0
 220                0.01
 221                   0
 222                0.01
 223                   0
 224                0.01
 225                0.01
 226                   0
 227                0.01
 228                   0
 229                0.01
 230                0.02
 231                0.06
 232                 0.1
 233                0.04
 234                0.01
 235                0.03
 236                0.01
 237                0.03
 238                   0
 239                0.02
 240                0.04
 241                0.01
 242                   0
 243                0.01
 244                   0
 245                0.01
 246                0.01
 247                   0
 248                0.01
 249                0.04
 250                0.02
 251                0.02
 252                0.03
 253                   0
 254                0.02
 255                0.01
 256                   0
 257                0.01
 258                0.02
 259                0.01
 260                   0
 261                0.01
 262                0.01
 263                0.01
 264                   0
 265                0.01
 266                   0
 267                0.01
 268                0.01
 269                0.03
 270                0.01
 271                0.01
 272                0.02
 273                   0
 274                0.01
 275                   0
 276                0.01
 277                   0
 278                0.01
 279                0.05
 280                   0
 281                0.01
 282                0.09
 283                0.02
 284                0.02
 285                0.04
 286                0.01
 287                0.01
 288                0.01
 289                0.02
 290                0.03
 291                0.01
 292                0.01
 293                0.01
 294                   0
 295                0.01
 296                   0
 297                0.01
 298                0.01
 299                   0
 300                0.01
 301                   0
 302                0.03
 303                   0
 304                0.01
 305                   0
 306                0.01
 307                   0
 308                0.01
 309                0.01
 310                   0
 311                0.01
 312                   0
 313                0.01
 314                0.01
 315                0.01
 316                   0
 317                0.01
 318                0.01
 319                   0
 320                0.01
 321                   0
 322                0.01
 323                0.01
 324                   0
 325                0.01
 326                   0
 327                0.01
 328                   0
 329                0.01
 330                0.01
 331                   0
 332                0.01
 333                   0
 334                0.01
 335                0.03
 336                0.01
 337                0.01
 338                0.01
 339                   0
 340                0.01
 341                0.01
 342                   0
 343                0.01
 344                   0
 345                0.01
 346                   0
 347                0.01
 348                0.01
 349                   0
 350                0.01
 351                0.01
 352                   0
 353                0.01
 354                   0
 355                0.01
 356                   0
 357                0.01
 358                   0
 359                0.01
 360                   0
 361                0.01
 362                0.01
 363                   0
 364                0.01
 365                   0
 366                0.01
 367                   0
 368                0.01
 369                   0
 370                0.01
 371                0.01
 372                   0
 373                0.01
 374                0.01
 375                   0
 376                0.01
 377                   0
 378                0.01
 379                0.01
 380                   0
 381                0.01
 382                   0
 383                0.01
 384                0.01
 385                   0
 386                0.01
 387                0.01
 388                   0
 389                0.01
 390                   0
 391                0.01
 392                0.01
 393                   0
 394                0.01
 395                0.01
 396                   0
 397                0.01
 398                0.01
 399                   0
 400                0.01
 401                   0
 402                0.01
 403                0.01
 404                   0
 405                0.01
 406                0.01
 407                   0
 408                0.01
 409                   0
 410                0.01
 411                   0
 412                0.01
 413                0.01
 414                0.01
 415                   0
 416                0.01
 417                   0
 418                0.01
 419                0.01
 420                   0
 421                0.01
 422                0.01
 423                   0
 424                0.01
 425                0.01
 426                   0
 427                0.01
 428                   0
 429                0.01
 430                0.01
 431                   0
 432                0.01
 433                   0
 434                0.01
 435                0.01
 436                   0
 437                0.01
 438                   0
 439                0.01
 440                0.01
 441                   0
 442                0.01
 443                   0
 444                0.01
 445                   0
 446                0.01
 447                0.01
 448                   0
 449                0.01
 450                   0
 451                0.01
 452                   0
 453                0.01
 454                0.01
 455                   0
 456                0.01
 457                   0
 458                0.01
 459                   0
 460                0.01
 461                   0
 462                0.01
 463                   0
 464                0.01
 465                   0
 466                0.01
 467                   0
 468                0.01
 469                   0
 470                0.01
 471                0.01
 472                0.01
 473                0.01
 474                0.01
 475                0.02
 476                0.01
 477                   0
 478                0.01
 479                   0
 480                0.01
 481                0.01
 482                0.01
 483                   0
 484                0.01
 485                   0
 486                0.01
 487                0.01
 488                   0
 489                0.01
 490                   0
 491                0.01
 492                   0
 493                0.01
 494                0.01
 495                   0
 496                0.01
 497                   0
 498                0.01
 499                   0
 500                0.01
 501                   0
 502                0.01
 503                   0
 504                0.01
 505                0.01
 506                   0
 507                0.01
 508                   0
 509                0.01
 510                   0
 511                0.01
 512                   0
 513                0.01
 514                   0
 515                0.01
 516                   0
 517                0.01
 518                0.01
 519                   0
 520                0.01
 521                   0
 522                0.01
 523                0.01
 524                   0
 525                0.01
 526                   0
 527                0.01
 528                   0
 529                0.03
 530                   0
 531                0.01
 532                   0
 533                0.01
 534                0.04
 535                0.02
 536                0.02
 537                   0
 538                0.01
 539                   0
 540                0.01
 541                   0
 542                0.01
 543                   0
 544                0.02
 545                0.01
 546                   0
 547                0.01
 548                   0
 549                0.01
 550                0.04
 551                   0
 552                0.01
 553                0.01
 554                0.02
 555                0.01
 556                0.01
 557                0.02
 558                   0
 559                0.01
 560                   0
 561                0.01
 562                0.02
 563                0.02
 564                0.01
 565                0.02
 566                0.04
 567                0.02
 568                0.05
 569                   0
 570                0.01
 571                   0
 572                0.01
 573                   0
 574                0.01
 575                   0
 576                0.01
 577                   0
 578                0.01
 579                0.01
 580                   0
 581                0.01
 582                   0
 583                0.01
 584                0.01
 585                   0
 586                0.01
 587                   0
 588                0.01
 589                   0
 590                0.01
 591                   0
 592                0.01
 593                0.01
 594                   0
 595                0.01
 596                   0
 597                0.01
 598                   0
 599                0.01
 600                   0
 601                0.01
 602                0.01
 603                   0
 604                0.01
 605                   0
 606                0.01
 607                0.01
 608                   0
 609                0.01
 610                0.01
 611                0.01
 612                   0
 613                0.01
 614                0.01
 615                   0
 616                0.01
 617                   0
 618                0.01
 619                   0
 620                0.01
 621                   0
 622                0.01
 623                   0
 624                0.01
 625                0.01
 626                   0
 627                0.01
 628                   0
 629                0.01
 630                   0
 631                0.01
 632                   0
 633                0.01
 634                0.01
 635                   0
 636                0.01
 637                0.02
 638                0.01
 639                0.03
 640                0.01
 641                   0
 642                0.01
 643                0.03
 644                   0
 645                0.01
 646                   0
 647                0.01
 648                0.01
 649                   0
 650                0.01
 651                   0
 652                0.01
 653                   0
 654                0.04
 655                0.01
 656                   0
 657                0.01
 658                   0
 659                0.01
 660                0.02
 661                0.01
 662                   0
 663                0.01
 664                0.01
 665                0.01
 666                0.01
 667                   0
 668                0.01
 669                0.01
 670                   0
 671                0.01
 672                0.01
 673                   0
 674                0.01
 675                   0
 676                0.01
 677                0.01
 678                   0
 679                0.01
 680                   0
 681                0.01
 682                   0
 683                0.01
 684                0.01
 685                   0
 686                0.01
 687                0.01
 688                   0
 689                0.01
 690                   0
 691                0.01
 692                   0
 693                0.01
 694                0.01
 695                0.01
 696                   0
 697                0.01
 698                   0
 699                0.01
 700                0.01
 701                   0
 702                0.01
 703                   0
 704                0.01
 705                   0
 706                0.01
 707                   0
 708                0.01
 709                   0
 710                0.01
 711                   0
 712                0.01
 713                   0
 714                0.01
 715                0.01
 716                   0
 717                0.01
 718                   0
 719                0.01
 720                   0
 721                0.01
 722                0.01
 723                   0
 724                0.01
 725                   0
 726                0.01
 727                0.01
 728                   0
 729                0.01
 730                   0
 731                0.01
 732                0.01
 733                   0
 734                0.01
 735                   0
 736                0.01
 737                   0
 738                0.01
 739                   0
 740                0.01
 741                   0
 742                0.01
 743                   0
 744                0.01
 745                   0
 746                0.01
 747                   0
 748                0.01
 749                0.01
 750                   0
 751                0.01
 752                   0
 753                0.01
 754                   0
 755                0.01
 756                   0
 757                0.01
 758                0.01
 759                   0
 760                0.01
 761                   0
 762                0.01
 763                0.01
 764                   0
 765                0.01
 766                   0
 767                0.01
 768                   0
 769                0.01
 770                0.01
 771                   0
 772                0.01
 773                0.01
 774                   0
 775                0.01
 776                   0
 777                0.01
 778                   0
 779                0.01
 780                0.01
 781                   0
 782                0.01
 783                   0
 784                0.01
 785                   0
 786                0.03
 787                0.01
 788                   0
 789                0.01
 790                   0
 791                0.01
 792                0.03
 793                0.03
 794                0.01
 795                0.02
 796                   0
 797                0.02
 798                   0
 799                0.01
 800                   0
 801                0.01
 802                0.02
 803                   0
 804                0.01
 805                   0
 806                0.02
 807                0.01
 808                0.02
 809                0.02
 810                0.02
 811                0.02
 812                0.01
 813                0.15
 814                0.02
 815                0.01
 816                   0
 817                0.01
 818                0.01
 819                0.01
 820                0.01
 821                   0
 822                0.01
 823                   0
 824                0.01
 825                   0
 826                0.01
 827                0.01
 828                   0
 829                0.01
 830                   0
 831                0.02
 832                   0
 833                0.04
 834                0.02
 835                0.02
 836                0.01
 837                   0
 838                0.01
 839                0.01
 840                0.02
 841                0.03
 842                0.01
 843                0.02
 844                   0
 845                0.05
 846                0.04
 847                   0
 848                0.01
 849                   0
 850                0.02
 851                0.02
 852                0.01
 853                   0
 854                0.01
 855                0.01
 856                0.02
 857                0.01
 858                0.01
 859                   0
 860                0.01
 861                   0
 862                0.01
 863                0.01
 864                   0
 865                0.03
 866                0.02
 867                0.02
 868                   0
 869                0.01
 870                0.01
 871                   0
 872                0.01
 873                   0
 874                0.01
 875                   0
 876                0.01
 877                0.01
 878                0.01
 879                   0
 880                0.01
 881                   0
 882                0.01
 883                   0
 884                0.01
 885                0.01
 886                   0
 887                0.01
 888                   0
 889                0.01
 890                   0
 891                0.01
 892                0.02
 893                   0
 894                0.01
 895                   0
 896                0.01
 897                0.01
 898                   0
 899                0.01
 900                0.01
 901                   0
 902                0.01
 903                   0
 904                0.01
 905                0.01
 906                   0
 907                0.01
 908                0.01
 909                0.01
 910                   0
 911                0.01
 912                   0
 913                0.01
 914                0.01
 915                   0
 916                0.01
 917                0.01
 918                   0
 919                0.01
 920                   0
 921                0.01
 922                0.01
 923                   0
 924                0.01
 925                0.01
 926                   0
 927                0.01
 928                0.01
 929                   0
 930                0.01
 931                0.01
 932                   0
 933                0.01
 934                0.01
 935                   0
 936                0.01
 937                0.01
 938                   0
 939                0.01
 940                   0
 941                0.01
 942                0.01
 943                0.01
 944                0.01
 945                   0
 946                0.01
 947                0.01
 948                   0
 949                0.01
 950                0.01
 951                   0
 952                0.01
 953                   0
 954                0.01
 955                0.01
 956                   0
 957                0.01
 958                   0
 959                0.01
 960                   0
 961                0.01
 962                0.01
 963                   0
 964                0.01
 965                   0
 966                0.01
 967                   0
 968                0.01
 969                   0
 970                0.01
 971                0.01
 972                   0
 973                0.01
 974                   0
 975                0.01
 976                   0
 977                0.01
 978                   0
 979                0.01
 980                0.01
 981                   0
 982                0.01
 983                0.01
 984                   0
 985                0.01
 986                   0
 987                0.01
 988                0.01
 989                   0
 990                0.01
 991                   0
 992                0.01
 993                   0
 994                0.01
 995                0.01
 996                   0
 997                0.01
 998                   0
 999                0.01
1000                   0
1001                0.01
1002                   0
1003                0.01
1004                0.01
1005                   0
1006                0.01
1007                   0
1008                0.01
1009                   0
1010                0.01
1011                   0
1012                0.01
1013                0.01
1014                   0
1015                0.01
1016                   0
1017                0.01
1018                   0
1019                0.01
1020                   0
1021                0.01
1022                0.01
1023                   0
1024                0.01
1025                   0
1026                0.01
1027                   0
1028                0.01
1029                   0
1030                0.01
1031                   0
1032                0.01
1033                   0
1034                0.01
1035                0.01
1036                   0
1037                0.01
1038                   0
1039                0.01
1040                0.01
1041                   0
1042                0.01
1043                   0
1044                0.01
1045                   0
1046                0.01
1047                   0
1048                0.01
1049                   0
1050                0.01
1051                   0
1052                0.01
1053                   0
1054                0.01
1055                   0
1056                0.01
1057                   0
1058                0.01
1059                0.01
1060                   0
1061                0.01
1062                   0
1063                0.01
1064                   0
1065                0.01
1066                   0
1067                0.01
1068                   0
1069                0.01
1070                   0
1071                0.01
1072                   0
1073                0.01
1074                   0
1075                0.01
1076                   0
1077                0.01
1078                   0
1079                0.01
1080                0.01
1081                   0
1082                0.01
1083                   0
1084                0.01
1085                   0
1086                0.01
1087                   0
1088                0.01
1089                0.01
1090                   0
1091                0.01
1092                0.01
1093                   0
1094                0.01
1095                   0
1096                0.01
1097                   0
1098                0.01
1099                0.01
1100                   0
1101                0.01
1102                   0
1103                0.01
1104                   0
1105                0.01
1106                0.01
1107                   0
1108                0.01
1109                   0
1110                0.01
1111                0.01
1112                   0
1113                0.01
1114                   0
1115                0.01
1116                   0
1117                0.01
1118                0.01
1119                   0
1120                0.01
1121                   0
1122                0.01
1123                   0
1124                0.01
1125                0.01
1126                   0
1127                0.01
1128                   0
1129                0.01
1130                   0
1131                0.01
1132                0.01
1133                   0
1134                0.01
1135                0.01
1136                   0
1137                0.01
1138                   0
1139                0.01
1140                   0
1141                0.01
1142                0.01
1143                   0
1144                0.01
1145                0.01
1146                   0
1147                0.01
1148                   0
1149                0.01
1150                   0
1151                0.01
1152                   0
1153                0.01
1154                   0
1155                0.01
1156                   0
1157                0.01
1158                0.01
1159                   0
1160                0.01
1161                   0
1162                0.01
1163                   0
1164                0.01
1165                   0
1166                0.01
1167                   0
1168                0.01
1169                0.01
1170                0.01
1171                   0
1172                   0
1173                0.01
1174                0.01
1175                   0
1176                0.01
1177                   0
1178                0.01
1179                   0
1180                0.01
1181                   0
1182                0.01
1183                   0
1184                0.01
1185                   0
1186                0.01
1187                   0
1188                0.01
1189                   0
1190                0.01
1191                   0
1192                0.01
1193                0.01
1194                   0
1195                0.01
1196                   0
1197                0.01
1198                   0
1199                0.01
1200                   0
1201                0.01
1202                0.01
1203                0.01
1204                   0
1205                0.01
1206                   0
1207                0.01
1208                   0
1209                0.01
1210                   0
1211                0.01
1212                   0
1213                0.01
1214                0.02
1215                0.02
1216                0.01
1217                0.01
1218                0.02
1219                0.01
1220                   0
1221                0.01
1222                0.01
1223                0.09
1224                   0
1225                0.01
1226                   0
1227                0.03
1228                0.01
1229                   0
1230                0.01
1231                   0
1232                0.01
1233                0.03
1234                0.05
1235                0.11
1236                0.02
1237                0.03
1238                   0
1239                0.01
1240                   0
1241                0.01
1242                   0
1243                0.03
1244                0.01
1245                0.01
1246                   0
1247                0.02
1248                0.01
1249                   0
1250                0.01
1251                   0
1252                0.01
1253                0.01
1254                   0
1255                0.01
1256                0.01
1257                   0
1258                0.01
1259                   0
1260                0.01
1261                0.01
1262                   0
1263                0.01
1264                0.01
1265                   0
1266                0.01
1267                   0
1268                0.01
1269                   0
1270                0.01
1271                   0
1272                0.01
1273                0.01
1274                0.01
1275                   0
1276                0.01
1277                   0
1278                0.01
1279                0.01
1280                0.01
1281                   0
1282                0.01
1283                   0
1284                0.01
1285                0.01
1286                   0
1287                0.01
1288                0.01
1289                   0
1290                0.01
1291                0.01
1292                   0
1293                0.01
1294                   0
1295                0.01
1296                0.01
1297                   0
1298                0.01
1299                0.01
1300                   0
1301                0.01
1302                   0
1303                0.01
1304                0.01
1305                0.01
1306                   0
1307                0.01
1308                   0
1309                0.01
1310                   0
1311                0.01
1312                0.01
1313                   0
1314                0.01
1315                0.01
1316                   0
1317                0.01
1318                   0
1319                0.01
1320                   0
1321                0.01
1322                   0
1323                0.01
1324                   0
1325                0.01
1326                0.01
1327                   0
1328                0.01
1329                0.01
1330                   0
1331                0.01
1332                   0
1333                0.01
1334                   0
1335                0.01
1336                   0
1337                0.03
1338                0.01
1339                0.02
1340                   0
1341                0.01
1342                   0
1343                0.01
1344                0.01
1345                0.01
1346                   0
1347                0.01
1348                0.01
1349                0.05
1350                   0
1351                0.01
1352                   0
1353                0.01
1354                   0
1355                0.01
1356                   0
1357                0.01
1358                   0
1359                0.01
1360                   0
1361                0.01
1362                0.01
1363                   0
1364                0.01
1365                   0
1366                0.01
1367                   0
1368                0.01
1369                   0
1370                0.01
1371                   0
1372                0.01
1373                   0
1374                0.01
1375                   0
1376                0.01
1377                0.01
1378                   0
1379                0.01
1380                0.01
1381                   0
1382                0.01
1383                   0
1384                0.01
1385                0.01
1386                   0
1387                0.01
1388                0.01
1389                   0
1390                0.01
1391                0.01
1392                   0
1393                0.01
1394                   0
1395                0.01
1396                0.01
1397                   0
1398                0.01
1399                0.01
1400                   0
1401                0.01
1402                0.01
1403                0.01
1404                   0
1405                0.01
1406                0.01
1407                   0
1408                0.01
1409                   0
1410                0.01
1411                0.01
1412                0.01
1413                   0
1414                0.01
1415                   0
1416                0.01
1417                0.01
1418                0.01
1419                0.01
1420                   0
1421                0.01
1422                0.01
1423                0.01
1424                   0
1425                0.01
1426                0.01
1427                   0
1428                0.01
1429                0.01
1430                0.01
1431                   0
1432                0.01
1433                   0
1434                0.01
1435                0.01
1436                   0
1437                0.01
1438                   0
1439                0.01
1440                0.01
1441                   0
1442                0.01
1443                0.01
1444                0.01
1445                   0
1446                0.01
1447                   0
1448                0.01
1449                0.01
1450                   0
1451                0.01
1452                0.01
1453                   0
1454                0.01
1455                   0
1456                0.01
1457                0.01
1458                   0
1459                0.01
1460                0.01
1461                   0
1462                0.01
1463                0.01
1464                   0
1465                0.01
1466                0.01
1467                   0
1468                0.01
1469                   0
1470                0.01
1471                0.01
1472                0.01
1473                   0
1474                0.01
1475                   0
1476                0.01
1477                0.01
1478                   0
1479                0.01
1480                   0
1481                0.01
1482                0.01
1483                   0
1484                0.01
1485                   0
1486                0.01
1487                0.01
1488                0.01
1489                   0
1490                0.01
1491                0.01
1492                   0
1493                0.01
1494                   0
1495                0.01
1496                0.01
1497                   0
1498                0.01
1499                0.01
1500                   0
1501                0.01
1502                   0
1503                0.01
1504                0.01
1505                   0
1506                0.01
1507                   0
1508                0.01
1509                0.01
1510                   0
1511                0.01
1512                   0
1513                0.01
1514                0.01
1515                   0
1516                0.02
1517                0.01
1518                   0
1519                0.01
1520                   0
1521                0.01
1522                   0
1523                0.01
1524                   0
1525                0.01
1526                0.01
1527                   0
1528                0.01
1529                   0
1530                0.03
1531                   0
1532                0.01
1533                0.01
1534                   0
1535                0.01
1536                   0
1537                0.01
1538                   0
1539                0.01
1540                   0
1541                0.01
1542                   0
1543                0.01
1544                   0
1545                0.01
1546                   0
1547                0.01
1548                   0
1549                0.03
1550                0.03
1551                0.02
1552                   0
1553                0.01
1554                0.02
1555                0.03
1556                   0
1557                0.05
1558                0.02
1559                0.01
1560                0.05
1561                   0
1562                0.01
1563                0.01
1564                   0
1565                0.01
1566                   0
1567                0.02
1568                0.02
1569                0.01
1570                0.01
1571                0.01
1572                0.01
1573                0.01
1574                   0
1575                0.01
1576                0.01
1577                0.01
1578                0.01
1579                   0
1580                0.01
1581                   0
1582                0.01
1583                   0
1584                0.02
1585                   0
1586                0.01
1587                   0
1588                0.01
1589                   0
1590                0.01
1591                0.01
1592                   0
1593                0.01
1594                   0
1595                0.04
1596                   0
1597                0.01
1598                   0
1599                0.01
