File open successful. It contains: 
Finished reading file, will close now.
File x_dt open successful.
Finished reading file x_dt, will close now.
------------ START FOR ACTIVATORS --------------
  1   159
  2   441
  3   355
  4   355
  5   358
  6   457
  7   411
  8   354
  9   461
 10   406
 11   244
 12   347
 13   356
 14   205
 15   323
 16   316
 17   418
 18   394
 19   364
 20     0
 21   394
 22   311
 23   332
 24   328
 25   421
-------------- END FOR ACTIVATORS --------------
  1   267
  2   102
  3   142
  4   177
  5   154
  6   134
  7   150
  8   137
  9   111
 10    90
 11   162
 12   162
 13   163
 14   240
 15   138
 16   201
 17   104
 18   119
 19   119
 20     0
 21   164
 22   183
 23   153
 24    82
 25   141
----------Number of Acceptable Subnets found: 1315 -----------
----------Time taken for the process is:              43.81 -----------
----------END FOR GENE 20 -----------
   0                0.04
   1                0.02
   2                0.04
   3                0.03
   4                0.03
   5                0.01
   6                0.02
   7                0.02
   8                0.02
   9                0.02
  10                0.02
  11                0.03
  12                0.04
  13                0.06
  14                0.01
  15                0.04
  16                0.02
  17                0.04
  18                0.02
  19                0.06
  20                0.03
  21                0.05
  22                0.02
  23                0.04
  24                0.03
  25                0.03
  26                0.02
  27                0.02
  28                0.02
  29                0.03
  30                0.04
  31                0.05
  32                0.04
  33                0.05
  34                0.04
  35                0.02
  36                0.04
  37                0.03
  38                0.02
  39                0.03
  40                0.02
  41                0.04
  42                0.02
  43                0.03
  44                0.03
  45                0.03
  46                0.03
  47                0.03
  48                0.03
  49                0.03
  50                0.03
  51                0.02
  52                0.03
  53                0.03
  54                0.02
  55                0.02
  56                0.02
  57                0.03
  58                0.02
  59                0.02
  60                0.05
  61                0.04
  62                0.05
  63                0.04
  64                0.04
  65                0.03
  66                0.04
  67                0.02
  68                0.04
  69                0.03
  70                0.03
  71                0.03
  72                0.05
  73                0.04
  74                0.03
  75                0.04
  76                0.04
  77                0.02
  78                0.04
  79                0.04
  80                0.04
  81                0.01
  82                0.05
  83                0.04
  84                0.04
  85                0.04
  86                0.04
  87                0.04
  88                0.05
  89                0.02
  90                0.04
  91                0.05
  92                0.04
  93                0.03
  94                0.04
  95                0.04
  96                0.03
  97                0.04
  98                0.04
  99                0.03
 100                0.03
 101                0.04
 102                0.03
 103                0.03
 104                0.04
 105                0.04
 106                0.02
 107                0.04
 108                0.03
 109                0.04
 110                0.03
 111                0.03
 112                0.02
 113                0.04
 114                0.04
 115                0.03
 116                0.02
 117                0.03
 118                0.03
 119                0.01
 120                0.02
 121                0.04
 122                0.03
 123                0.03
 124                0.01
 125                0.03
 126                0.02
 127                0.03
 128                0.02
 129                0.03
 130                0.05
 131                0.05
 132                0.04
 133                0.04
 134                0.02
 135                0.02
 136                0.02
 137                0.04
 138                0.02
 139                0.04
 140                0.02
 141                0.02
 142                0.05
 143                0.02
 144                0.02
 145                0.02
 146                0.02
 147                0.02
 148                0.03
 149                0.02
 150                0.04
 151                0.03
 152                0.05
 153                0.02
 154                0.01
 155                0.01
 156                0.02
 157                0.02
 158                0.01
 159                0.02
 160                0.02
 161                0.03
 162                0.02
 163                0.01
 164                0.02
 165                0.02
 166                0.02
 167                0.01
 168                0.02
 169                0.03
 170                0.01
 171                0.02
 172                0.02
 173                0.01
 174                0.02
 175                0.02
 176                0.02
 177                0.02
 178                0.02
 179                0.02
 180                0.02
 181                0.02
 182                0.01
 183                0.02
 184                0.02
 185                0.01
 186                0.02
 187                0.02
 188                0.02
 189                0.01
 190                0.03
 191                0.02
 192                0.02
 193                0.01
 194                0.02
 195                0.02
 196                0.03
 197                0.03
 198                0.03
 199                0.03
 200                0.02
 201                0.02
 202                0.02
 203                0.01
 204                0.02
 205                0.02
 206                0.04
 207                0.03
 208                0.02
 209                0.02
 210                0.01
 211                0.02
 212                0.04
 213                0.03
 214                0.03
 215                0.01
 216                0.01
 217                0.02
 218                0.01
 219                0.02
 220                0.01
 221                0.02
 222                0.01
 223                0.02
 224                0.03
 225                0.04
 226                0.02
 227                0.02
 228                0.01
 229                0.03
 230                0.01
 231                0.03
 232                0.01
 233                0.01
 234                0.02
 235                0.02
 236                0.02
 237                0.02
 238                0.01
 239                0.02
 240                0.02
 241                0.02
 242                0.01
 243                0.02
 244                0.01
 245                0.01
 246                0.01
 247                0.02
 248                0.01
 249                0.03
 250                0.01
 251                0.02
 252                0.01
 253                0.01
 254                0.02
 255                0.02
 256                0.01
 257                0.01
 258                0.02
 259                0.04
 260                0.05
 261                0.02
 262                0.03
 263                0.02
 264                0.04
 265                0.02
 266                0.03
 267                0.03
 268                0.02
 269                0.02
 270                0.02
 271                0.03
 272                0.03
 273                0.02
 274                0.03
 275                0.05
 276                0.03
 277                0.02
 278                0.05
 279                0.04
 280                0.04
 281                0.03
 282                0.03
 283                0.04
 284                0.03
 285                0.01
 286                0.02
 287                0.02
 288                0.02
 289                0.01
 290                0.02
 291                0.05
 292                0.02
 293                0.04
 294                0.02
 295                0.03
 296                0.04
 297                0.01
 298                0.02
 299                0.02
 300                0.01
 301                0.01
 302                0.02
 303                0.02
 304                0.02
 305                0.02
 306                0.02
 307                0.01
 308                0.02
 309                0.02
 310                0.02
 311                0.01
 312                0.02
 313                0.02
 314                0.02
 315                0.02
 316                0.01
 317                0.02
 318                0.02
 319                0.02
 320                0.02
 321                0.02
 322                0.02
 323                0.02
 324                0.02
 325                0.02
 326                0.02
 327                0.02
 328                0.03
 329                0.02
 330                0.02
 331                0.03
 332                0.01
 333                0.02
 334                0.02
 335                0.02
 336                0.02
 337                0.02
 338                0.02
 339                0.01
 340                0.02
 341                0.02
 342                0.02
 343                0.02
 344                0.02
 345                0.02
 346                0.02
 347                0.02
 348                0.03
 349                0.02
 350                0.02
 351                0.05
 352                0.04
 353                0.04
 354                0.04
 355                0.05
 356                0.02
 357                0.01
 358                0.03
 359                0.02
 360                0.02
 361                0.02
 362                0.02
 363                0.01
 364                0.02
 365                0.02
 366                0.02
 367                0.02
 368                0.02
 369                0.02
 370                0.02
 371                0.02
 372                0.01
 373                0.02
 374                0.02
 375                0.01
 376                0.02
 377                0.02
 378                0.02
 379                0.03
 380                0.02
 381                0.01
 382                0.02
 383                0.02
 384                0.02
 385                0.02
 386                0.02
 387                0.02
 388                0.01
 389                0.02
 390                0.02
 391                0.03
 392                0.02
 393                0.03
 394                0.04
 395                0.03
 396                0.03
 397                0.04
 398                0.01
 399                0.02
 400                0.04
 401                0.03
 402                0.02
 403                0.01
 404                0.01
 405                0.02
 406                0.02
 407                0.01
 408                0.05
 409                0.02
 410                0.01
 411                0.02
 412                0.02
 413                0.04
 414                0.02
 415                0.02
 416                0.03
 417                0.04
 418                0.02
 419                0.04
 420                0.01
 421                0.02
 422                0.02
 423                0.02
 424                0.02
 425                0.02
 426                0.02
 427                0.02
 428                0.03
 429                0.02
 430                0.02
 431                0.02
 432                0.01
 433                0.02
 434                0.02
 435                0.02
 436                0.02
 437                0.02
 438                0.02
 439                0.05
 440                0.01
 441                0.05
 442                0.04
 443                0.04
 444                0.05
 445                0.03
 446                0.03
 447                0.01
 448                0.02
 449                0.02
 450                0.02
 451                0.02
 452                0.04
 453                0.01
 454                0.03
 455                0.03
 456                0.02
 457                0.04
 458                0.03
 459                0.05
 460                0.03
 461                0.02
 462                0.04
 463                0.03
 464                0.02
 465                0.03
 466                0.03
 467                0.03
 468                0.04
 469                0.06
 470                0.04
 471                0.03
 472                0.04
 473                0.05
 474                0.03
 475                0.02
 476                0.02
 477                0.02
 478                0.01
 479                0.03
 480                0.02
 481                0.02
 482                0.01
 483                0.02
 484                0.03
 485                0.03
 486                0.03
 487                0.02
 488                0.04
 489                0.03
 490                0.02
 491                0.04
 492                0.03
 493                0.04
 494                0.04
 495                0.04
 496                0.03
 497                0.04
 498                0.04
 499                0.03
 500                0.04
 501                0.03
 502                0.02
 503                0.02
 504                0.03
 505                0.02
 506                0.02
 507                0.03
 508                0.02
 509                0.02
 510                0.02
 511                0.02
 512                0.02
 513                0.03
 514                0.02
 515                0.02
 516                0.02
 517                0.03
 518                0.03
 519                0.02
 520                0.02
 521                0.03
 522                0.02
 523                0.02
 524                0.03
 525                0.02
 526                0.02
 527                0.02
 528                0.03
 529                0.02
 530                0.02
 531                0.02
 532                0.02
 533                0.03
 534                0.02
 535                0.02
 536                0.02
 537                0.02
 538                0.02
 539                0.03
 540                0.02
 541                0.03
 542                0.02
 543                0.02
 544                0.03
 545                0.03
 546                0.04
 547                0.03
 548                0.04
 549                0.03
 550                0.05
 551                0.03
 552                0.03
 553                0.02
 554                0.02
 555                0.04
 556                0.03
 557                0.03
 558                0.02
 559                0.04
 560                0.04
 561                0.06
 562                0.05
 563                0.04
 564                0.03
 565                0.04
 566                0.05
 567                0.05
 568                0.03
 569                0.04
 570                0.03
 571                0.04
 572                0.05
 573                0.02
 574                0.03
 575                0.03
 576                0.04
 577                0.03
 578                0.03
 579                0.04
 580                0.05
 581                0.03
 582                0.04
 583                0.02
 584                0.03
 585                0.02
 586                0.01
 587                0.03
 588                0.02
 589                0.01
 590                0.02
 591                0.02
 592                0.01
 593                0.02
 594                0.01
 595                0.02
 596                0.02
 597                0.01
 598                0.02
 599                0.02
 600                0.01
 601                0.02
 602                0.02
 603                0.01
 604                0.02
 605                0.02
 606                0.01
 607                0.02
 608                0.03
 609                0.02
 610                0.03
 611                0.02
 612                0.04
 613                0.03
 614                0.04
 615                0.04
 616                0.02
 617                0.03
 618                0.04
 619                0.03
 620                0.02
 621                0.03
 622                0.03
 623                0.03
 624                0.02
 625                0.02
 626                0.01
 627                0.02
 628                0.02
 629                0.03
 630                0.05
 631                0.05
 632                0.02
 633                0.02
 634                0.01
 635                0.02
 636                0.02
 637                0.01
 638                0.03
 639                0.01
 640                0.01
 641                0.02
 642                0.03
 643                0.02
 644                0.01
 645                0.02
 646                0.02
 647                0.01
 648                0.02
 649                0.02
 650                0.01
 651                0.02
 652                0.02
 653                0.02
 654                0.02
 655                0.03
 656                0.02
 657                0.02
 658                0.02
 659                0.03
 660                0.02
 661                0.02
 662                0.04
 663                0.03
 664                0.04
 665                0.03
 666                0.03
 667                0.03
 668                0.02
 669                0.03
 670                0.03
 671                0.03
 672                0.02
 673                0.02
 674                0.03
 675                0.04
 676                0.04
 677                0.04
 678                0.04
 679                0.05
 680                0.05
 681                0.01
 682                0.02
 683                0.01
 684                0.01
 685                0.02
 686                0.03
 687                0.05
 688                0.03
 689                0.04
 690                0.05
 691                0.04
 692                0.04
 693                0.04
 694                0.04
 695                0.02
 696                0.01
 697                0.02
 698                0.03
 699                0.02
 700                0.04
 701                0.05
 702                0.05
 703                0.02
 704                0.01
 705                0.02
 706                0.02
 707                0.02
 708                0.02
 709                0.02
 710                0.04
 711                0.04
 712                0.03
 713                0.02
 714                0.05
 715                0.06
 716                0.02
 717                0.04
 718                0.04
 719                0.02
 720                0.02
 721                0.02
 722                0.02
 723                0.02
 724                0.03
 725                0.02
 726                0.02
 727                0.02
 728                0.03
 729                0.03
 730                0.04
 731                0.04
 732                0.02
 733                0.02
 734                0.01
 735                0.02
 736                0.02
 737                0.03
 738                0.01
 739                0.02
 740                0.02
 741                0.01
 742                0.02
 743                0.02
 744                0.02
 745                0.02
 746                0.02
 747                0.02
 748                0.02
 749                0.03
 750                0.04
 751                0.04
 752                0.04
 753                0.04
 754                0.02
 755                0.02
 756                0.01
 757                0.02
 758                0.02
 759                0.02
 760                0.02
 761                0.02
 762                0.02
 763                0.02
 764                0.02
 765                0.02
 766                0.02
 767                0.02
 768                0.05
 769                0.02
 770                0.01
 771                0.02
 772                0.01
 773                0.02
 774                0.01
 775                0.02
 776                0.01
 777                0.02
 778                0.02
 779                0.04
 780                0.05
 781                0.05
 782                0.05
 783                0.05
 784                0.02
 785                0.01
 786                0.04
 787                0.06
 788                0.05
 789                0.03
 790                0.04
 791                0.04
 792                0.04
 793                0.04
 794                0.03
 795                0.05
 796                0.03
 797                0.04
 798                0.04
 799                0.05
 800                0.04
 801                0.04
 802                0.04
 803                0.02
 804                0.02
 805                0.04
 806                0.03
 807                0.03
 808                0.02
 809                0.01
 810                0.04
 811                0.03
 812                0.02
 813                0.02
 814                0.03
 815                0.02
 816                0.01
 817                0.04
 818                0.03
 819                0.02
 820                0.01
 821                0.02
 822                0.02
 823                0.01
 824                0.04
 825                0.04
 826                0.04
 827                0.03
 828                0.02
 829                0.06
 830                0.04
 831                0.02
 832                0.02
 833                0.01
 834                0.02
 835                0.02
 836                0.02
 837                0.02
 838                0.04
 839                0.03
 840                0.03
 841                0.02
 842                0.04
 843                0.02
 844                0.03
 845                0.03
 846                0.03
 847                0.03
 848                0.03
 849                0.04
 850                0.04
 851                0.03
 852                0.03
 853                0.03
 854                0.04
 855                0.03
 856                0.04
 857                0.03
 858                0.02
 859                0.04
 860                0.02
 861                0.02
 862                0.03
 863                0.03
 864                0.04
 865                0.02
 866                0.04
 867                0.03
 868                0.04
 869                0.06
 870                0.05
 871                0.04
 872                0.05
 873                0.05
 874                0.04
 875                0.04
 876                0.04
 877                0.04
 878                0.06
 879                0.05
 880                0.05
 881                0.04
 882                0.05
 883                0.01
 884                0.04
 885                0.03
 886                0.02
 887                0.02
 888                0.01
 889                0.01
 890                0.02
 891                0.01
 892                0.02
 893                0.02
 894                0.03
 895                0.03
 896                0.03
 897                0.04
 898                0.04
 899                0.04
 900                0.03
 901                0.05
 902                0.05
 903                0.06
 904                0.05
 905                0.06
 906                0.05
 907                0.04
 908                0.03
 909                0.04
 910                0.01
 911                0.02
 912                0.02
 913                0.02
 914                0.01
 915                0.03
 916                0.01
 917                0.02
 918                0.03
 919                0.02
 920                0.01
 921                0.02
 922                0.05
 923                0.02
 924                0.02
 925                0.02
 926                0.03
 927                0.02
 928                0.01
 929                0.03
 930                0.05
 931                0.04
 932                0.04
 933                0.04
 934                0.04
 935                0.05
 936                0.04
 937                0.04
 938                0.04
 939                0.03
 940                0.04
 941                0.04
 942                0.04
 943                0.04
 944                0.05
 945                0.05
 946                0.03
 947                0.05
 948                0.05
 949                0.04
 950                0.04
 951                0.03
 952                0.04
 953                0.04
 954                0.03
 955                0.03
 956                0.03
 957                0.03
 958                0.03
 959                0.02
 960                0.02
 961                0.05
 962                0.03
 963                0.03
 964                0.04
 965                0.03
 966                0.05
 967                0.04
 968                0.03
 969                0.03
 970                0.02
 971                0.03
 972                0.03
 973                0.05
 974                0.03
 975                0.02
 976                0.02
 977                0.01
 978                0.02
 979                0.02
 980                0.02
 981                0.05
 982                0.04
 983                0.03
 984                0.04
 985                0.04
 986                0.04
 987                0.03
 988                0.02
 989                0.02
 990                0.04
 991                0.02
 992                0.02
 993                0.02
 994                0.02
 995                0.03
 996                0.02
 997                0.02
 998                0.03
 999                0.02
1000                0.02
1001                0.02
1002                0.02
1003                0.01
1004                0.02
1005                0.02
1006                0.02
1007                0.02
1008                0.04
1009                0.02
1010                0.03
1011                0.03
1012                0.03
1013                0.03
1014                0.03
1015                0.03
1016                0.03
1017                0.03
1018                0.04
1019                0.02
1020                0.02
1021                0.03
1022                0.02
1023                0.03
1024                0.04
1025                0.04
1026                0.01
1027                0.02
1028                0.02
1029                0.02
1030                0.02
1031                0.01
1032                0.04
1033                0.03
1034                0.02
1035                0.02
1036                0.01
1037                0.02
1038                0.02
1039                0.01
1040                0.02
1041                0.02
1042                0.02
1043                0.02
1044                0.05
1045                0.02
1046                0.04
1047                0.02
1048                0.02
1049                0.02
1050                0.03
1051                0.05
1052                0.02
1053                0.02
1054                0.04
1055                0.04
1056                0.03
1057                0.02
1058                0.02
1059                0.01
1060                0.04
1061                0.02
1062                0.05
1063                0.05
1064                0.03
1065                0.02
1066                0.03
1067                0.02
1068                0.04
1069                0.04
1070                0.04
1071                0.02
1072                0.03
1073                0.03
1074                0.03
1075                0.04
1076                0.04
1077                0.04
1078                0.03
1079                0.01
1080                0.05
1081                0.03
1082                0.04
1083                0.02
1084                0.02
1085                0.04
1086                0.03
1087                0.03
1088                0.03
1089                0.03
1090                0.03
1091                0.04
1092                0.04
1093                0.02
1094                0.04
1095                0.03
1096                0.03
1097                0.03
1098                0.05
1099                0.05
1100                0.02
1101                0.02
1102                0.03
1103                0.05
1104                0.05
1105                0.05
1106                0.02
1107                0.05
1108                0.02
1109                0.01
1110                0.03
1111                0.01
1112                0.02
1113                0.01
1114                0.01
1115                0.01
1116                0.02
1117                0.01
1118                0.01
1119                0.04
1120                0.01
1121                0.02
1122                0.02
1123                0.02
1124                0.01
1125                0.03
1126                0.02
1127                0.02
1128                0.01
1129                0.02
1130                0.02
1131                0.03
1132                0.03
1133                0.03
1134                0.02
1135                0.02
1136                0.02
1137                0.04
1138                0.01
1139                0.02
1140                0.02
1141                0.02
1142                0.03
1143                0.02
1144                0.02
1145                0.02
1146                0.03
1147                0.02
1148                0.02
1149                0.02
1150                0.03
1151                0.01
1152                0.02
1153                0.02
1154                0.02
1155                0.03
1156                0.02
1157                0.02
1158                0.02
1159                0.02
1160                0.03
1161                0.02
1162                0.02
1163                0.03
1164                0.02
1165                0.02
1166                0.02
1167                0.02
1168                0.02
1169                0.02
1170                0.02
1171                0.02
1172                0.03
1173                0.04
1174                0.02
1175                0.02
1176                0.03
1177                0.03
1178                0.02
1179                0.03
1180                0.02
1181                0.04
1182                0.04
1183                0.01
1184                0.05
1185                0.04
1186                0.03
1187                0.04
1188                0.04
1189                0.05
1190                0.03
1191                0.04
1192                0.04
1193                0.04
1194                0.04
1195                0.04
1196                0.04
1197                0.04
1198                0.04
1199                0.05
1200                0.03
1201                0.04
1202                0.04
1203                0.03
1204                0.04
1205                0.04
1206                0.04
1207                0.03
1208                0.02
1209                0.02
1210                0.02
1211                0.01
1212                0.03
1213                0.02
1214                0.02
1215                0.02
1216                0.02
1217                0.02
1218                0.02
1219                0.03
1220                0.02
1221                0.04
1222                0.02
1223                0.02
1224                0.03
1225                0.02
1226                0.04
1227                0.02
1228                0.04
1229                0.02
1230                0.02
1231                0.02
1232                0.02
1233                0.03
1234                0.02
1235                0.01
1236                0.03
1237                0.02
1238                0.02
1239                0.01
1240                0.02
1241                0.02
1242                0.02
1243                0.03
1244                0.02
1245                0.03
1246                0.02
1247                0.02
1248                0.02
1249                0.03
1250                0.03
1251                0.02
1252                0.03
1253                0.03
1254                0.03
1255                0.03
1256                0.02
1257                0.03
1258                0.04
1259                0.03
1260                0.02
1261                0.03
1262                0.03
1263                0.02
1264                0.02
1265                0.02
1266                0.02
1267                0.02
1268                0.02
1269                0.03
1270                0.02
1271                0.02
1272                0.01
1273                0.02
1274                0.02
1275                0.02
1276                0.02
1277                0.01
1278                0.02
1279                0.02
1280                0.02
1281                0.02
1282                0.02
1283                0.01
1284                0.02
1285                0.02
1286                0.02
1287                0.02
1288                0.02
1289                0.02
1290                0.02
1291                0.02
1292                0.02
1293                0.02
1294                0.01
1295                0.02
1296                0.02
1297                0.02
1298                0.03
1299                0.02
1300                0.01
1301                0.02
1302                0.01
1303                0.02
1304                0.02
1305                0.04
1306                0.02
1307                0.03
1308                0.02
1309                0.02
1310                0.02
1311                0.05
1312                0.06
1313                0.04
1314                0.04
1315                0.02
1316                0.01
1317                0.02
1318                0.02
1319                0.01
1320                0.02
1321                0.02
1322                0.02
1323                0.01
1324                0.01
1325                0.02
1326                0.02
1327                0.05
1328                0.04
1329                0.05
1330                0.05
1331                0.02
1332                0.02
1333                0.01
1334                0.03
1335                0.02
1336                0.03
1337                0.03
1338                0.02
1339                0.02
1340                0.03
1341                0.04
1342                0.03
1343                0.02
1344                0.03
1345                0.02
1346                0.04
1347                0.02
1348                0.02
1349                0.02
1350                0.02
1351                0.05
1352                0.06
1353                0.04
1354                0.05
1355                0.04
1356                0.02
1357                0.02
1358                0.01
1359                0.02
1360                0.02
1361                0.02
1362                0.01
1363                0.02
1364                0.02
1365                0.02
1366                0.04
1367                0.02
1368                0.02
1369                0.02
1370                0.05
1371                0.03
1372                0.04
1373                0.05
1374                0.05
1375                0.05
1376                0.05
1377                0.04
1378                0.04
1379                0.05
1380                0.04
1381                0.05
1382                0.05
1383                0.05
1384                0.05
1385                0.06
1386                0.04
1387                0.05
1388                0.04
1389                0.03
1390                0.05
1391                0.03
1392                0.04
1393                0.02
1394                0.04
1395                0.04
1396                0.02
1397                0.03
1398                0.01
1399                0.02
1400                0.02
1401                0.01
1402                0.02
1403                0.02
1404                0.03
1405                0.01
1406                0.02
1407                0.04
1408                0.01
1409                0.03
1410                0.04
1411                0.04
1412                0.04
1413                0.02
1414                0.06
1415                0.05
1416                0.03
1417                0.03
1418                0.03
1419                0.03
1420                0.03
1421                0.06
1422                0.05
1423                0.02
1424                0.02
1425                0.02
1426                0.02
1427                0.01
1428                0.04
1429                0.02
1430                0.01
1431                0.02
1432                0.05
1433                0.02
1434                0.04
1435                0.03
1436                0.04
1437                0.03
1438                0.04
1439                0.05
1440                0.05
1441                0.04
1442                0.05
1443                0.02
1444                0.05
1445                0.02
1446                0.03
1447                0.02
1448                0.03
1449                0.04
1450                0.04
1451                0.04
1452                0.03
1453                0.04
1454                0.02
1455                0.03
1456                0.03
1457                0.02
1458                0.01
1459                0.04
1460                0.03
1461                0.03
1462                0.02
1463                0.01
1464                0.02
1465                0.02
1466                0.02
1467                0.02
1468                0.02
1469                0.02
1470                0.02
1471                0.02
1472                0.04
1473                0.02
1474                0.03
1475                0.02
1476                0.03
1477                0.02
1478                0.03
1479                0.02
1480                0.02
1481                0.02
1482                0.02
1483                0.02
1484                0.02
1485                0.01
1486                0.02
1487                0.02
1488                0.02
1489                0.02
1490                0.02
1491                0.01
1492                0.02
1493                0.02
1494                0.02
1495                0.02
1496                0.02
1497                0.02
1498                0.03
1499                0.02
1500                0.02
1501                0.02
1502                0.02
1503                0.02
1504                0.02
1505                0.02
1506                0.02
1507                0.02
1508                0.02
1509                0.01
1510                0.04
1511                0.06
1512                0.04
1513                0.04
1514                0.03
1515                0.05
1516                0.04
1517                0.04
1518                0.04
1519                0.05
1520                0.04
1521                0.04
1522                0.04
1523                0.05
1524                0.05
1525                0.05
1526                0.05
1527                0.04
1528                0.05
1529                0.04
1530                0.05
1531                0.04
1532                0.06
1533                0.04
1534                0.04
1535                0.05
1536                0.03
1537                0.04
1538                0.03
1539                0.02
1540                0.03
1541                0.02
1542                0.03
1543                0.04
1544                0.04
1545                0.03
1546                0.02
1547                0.04
1548                0.02
1549                0.02
1550                0.03
1551                0.02
1552                0.03
1553                0.04
1554                0.03
1555                0.04
1556                0.02
1557                0.05
1558                0.04
1559                0.05
1560                0.04
1561                0.04
1562                0.04
1563                0.02
1564                0.02
1565                0.01
1566                0.05
1567                0.02
1568                0.01
1569                0.02
1570                0.02
1571                0.02
1572                0.02
1573                0.01
1574                0.02
1575                0.02
1576                0.01
1577                0.01
1578                0.02
1579                0.02
1580                0.01
1581                0.05
1582                0.02
1583                0.02
1584                0.05
1585                0.04
1586                0.04
1587                0.03
1588                0.03
1589                0.02
1590                0.02
1591                0.04
1592                0.04
1593                0.03
1594                0.05
1595                0.04
1596                0.04
1597                0.02
1598                0.02
1599                0.02
