File open successful. It contains: 
Finished reading file, will close now.
File x_dt open successful.
Finished reading file x_dt, will close now.
File sd_d open successful.
Finished reading file sd_d, will close now.
--------START FOR GENE 11 -----------
 Values arranged as error, n_ka, gene ids for ka, n_kd, gene ids for kd,
 r0, d, ea, ka_values, kd_values for each subnet. 
##################### ACCEPTABLE SUBNET NUMBER: 1  #########################
           1.84369
 2
40
 7
 0
         0.0417084
         -0.257783
         -0.379101
        -0.0267175
          -0.39229
##################### ACCEPTABLE SUBNET NUMBER: 2  #########################
           1.57819
 6
12
40
27
49
20
32
 3
30
35
50
          0.245539
          0.290445
         -0.223158
          0.303599
         -0.455977
          0.213398
         -0.724798
         -0.258165
          -1.09117
         -0.468578
         -0.875513
          -1.31359
##################### ACCEPTABLE SUBNET NUMBER: 3  #########################
          0.683472
 8
12
22
16
24
44
47
 2
25
 1
38
        -0.0129248
         -0.191463
          -0.49458
        -0.0861237
         -0.154105
         -0.302743
        -0.0368156
         -0.502876
         -0.277492
          0.501996
         -0.110052
        -0.0752535
##################### ACCEPTABLE SUBNET NUMBER: 4  #########################
          0.716587
 3
43
15
20
 3
37
 9
17
          0.302607
         -0.091271
         -0.992045
        -0.0322417
         -0.558702
          0.208146
         -0.086147
         -0.601705
          0.190541
##################### ACCEPTABLE SUBNET NUMBER: 5  #########################
           1.65994
10
12
22
40
45
31
25
27
10
17
21
 0
         -0.145688
          -0.25435
         -0.311022
         -0.391249
         -0.492137
        -0.0104372
         -0.430749
         -0.367031
         -0.509687
         0.0375843
         -0.237677
          -1.51743
         -0.449574
##################### ACCEPTABLE SUBNET NUMBER: 6  #########################
           1.61644
10
12
40
43
 9
48
29
30
46
39
 5
 1
 1
       -0.00237241
         0.0436046
         -0.290483
          0.305898
         -0.122729
         -0.272041
         -0.277211
         -0.298812
          0.181836
          -1.06658
         -0.505434
          -2.22414
         -0.607249
         -0.331481
##################### ACCEPTABLE SUBNET NUMBER: 7  #########################
          0.515394
 7
40
26
17
 2
 9
43
25
 3
21
37
31
          0.110331
           -0.1035
         -0.699242
         -0.226302
         -0.461635
         -0.181876
          0.447929
          0.292018
         -0.472555
          -1.57815
         -0.121454
         -0.510129
           -2.1527
##################### ACCEPTABLE SUBNET NUMBER: 8  #########################
           1.61162
 2
31
28
 5
41
35
50
 2
42
          0.195229
          0.145232
          -0.17947
          0.183182
         -0.663973
        0.00359565
        -0.0565591
         -0.672791
          -1.32694
         -0.227557
##################### ACCEPTABLE SUBNET NUMBER: 9  #########################
           1.56207
 7
12
22
31
40
13
39
 7
 3
25
18
34
          0.658867
          0.709747
         -0.253213
          0.305401
          0.190441
         0.0404448
        -0.0866611
          0.282317
          -2.07062
         -0.559664
          -1.49574
          -1.51545
          -2.36951
##################### ACCEPTABLE SUBNET NUMBER: 10  #########################
           1.58176
 6
23
30
43
 1
40
 4
11
47
26
19
 8
32
25
16
45
22
18
48
         0.0716469
         -0.669196
          0.776501
           1.11497
          0.308757
         -0.753068
         -0.185498
          0.207666
         -0.472623
            1.3383
           1.19223
          0.622432
          0.186422
        -0.0758444
          0.200708
          0.274644
         -0.319438
         -0.818844
         -0.764028
           -0.8315
##################### ACCEPTABLE SUBNET NUMBER: 11  #########################
           1.60402
 2
12
 2
 5
46
16
18
10
 4
        -0.0223503
         0.0270376
        -0.0187565
          0.408295
          -1.04815
          0.146475
          -2.35947
          0.025536
          0.191376
         -0.522844
##################### ACCEPTABLE SUBNET NUMBER: 12  #########################
           1.58831
 3
12
40
35
 2
32
21
          0.406593
          0.452721
         -0.200863
          0.333901
        -0.0152329
         -0.239451
         -0.501279
          -1.43515
##################### ACCEPTABLE SUBNET NUMBER: 13  #########################
           1.60821
 6
12
13
36
 1
18
 8
 5
42
19
34
27
43
         -0.280509
         -0.239229
         -0.159654
          0.459492
          0.290227
         -0.108189
         -0.599858
          -1.59585
          -1.59641
           0.23741
       -0.00119359
         -0.207628
         -0.601302
          -1.59585
##################### ACCEPTABLE SUBNET NUMBER: 14  #########################
            1.0979
 4
12
28
36
 2
 1
44
         -0.171419
         -0.708861
           -1.1098
         -0.585306
         0.0784331
         -0.545937
         -0.562153
         -0.553504
##################### ACCEPTABLE SUBNET NUMBER: 15  #########################
           1.78204
16
12
22
31
40
 3
10
26
44
30
21
 5
29
 8
45
25
33
 8
39
50
43
23
15
17
 1
32
           1.09128
           1.15009
          0.793878
          0.276839
          0.917063
           1.93309
          0.791624
           0.13374
           -0.7102
           1.04465
           1.47969
         0.0286526
           1.95447
         -0.971906
          -1.79025
         -0.941203
           1.02181
          0.827302
          -1.14208
           1.75849
          0.790126
          -1.27914
         -0.441461
         -0.815451
          0.958686
         -0.305556
         -0.475095
##################### ACCEPTABLE SUBNET NUMBER: 16  #########################
           1.78007
 5
22
40
32
21
 4
 0
         -0.188102
             -0.15
          -0.68105
          0.303159
         0.0573903
         -0.393644
          -2.22998
         -0.121121
##################### ACCEPTABLE SUBNET NUMBER: 17  #########################
           1.62742
 6
12
40
23
13
 9
26
 8
39
22
49
46
42
37
41
20
           1.52559
           1.55352
           1.37363
           1.99737
           1.40305
          0.859633
            1.3773
         -0.626255
         -0.752932
           1.58206
         -0.187992
           1.71235
         -0.271776
         -0.288867
          -0.26837
          -2.21023
          0.426605
##################### ACCEPTABLE SUBNET NUMBER: 18  #########################
           1.59482
 8
22
31
17
28
 2
 6
50
 7
 2
 1
43
          0.675122
           0.72217
          -0.75801
          0.310833
          0.231385
         -0.010892
         -0.991446
         -0.551865
         -0.892657
         -0.427951
          -1.76879
         -0.369273
          -1.18563
##################### ACCEPTABLE SUBNET NUMBER: 19  #########################
           1.55797
 8
12
31
45
18
13
14
44
 2
 3
42
19
47
         -0.147475
         -0.095199
         -0.135039
          0.571323
         -0.413723
          -0.36232
         -0.665761
          0.380791
          0.170906
          -1.03341
          -2.22044
          0.331927
          -2.21878
          -2.63739
##################### ACCEPTABLE SUBNET NUMBER: 20  #########################
           1.70272
12
 6
43
 1
12
31
24
25
 7
17
30
35
42
 6
46
41
45
19
34
29
          0.458989
          0.523079
          0.190491
          0.814041
          0.196871
         -0.334234
          -1.37265
          0.471969
         -0.782943
          -1.55067
          -2.33949
          -1.03818
         -0.912989
          0.215723
         -0.483016
          0.426241
          0.311073
         -0.481575
         -0.683631
          -0.18235
         -0.842423
##################### ACCEPTABLE SUBNET NUMBER: 21  #########################
            1.7196
 6
12
45
22
47
19
26
 4
15
50
 7
 8
         -0.250337
         -0.313568
         -0.260462
          0.197443
         -0.116503
         -0.606983
         -0.830742
         -0.706975
         -0.343817
       -0.00882363
         -0.423045
         -0.728112
        -0.0693627
##################### ACCEPTABLE SUBNET NUMBER: 22  #########################
          0.736343
 2
31
14
 2
37
44
           1.09482
          0.648779
         -0.306827
         0.0373854
          0.195877
          0.199196
         0.0489091
##################### ACCEPTABLE SUBNET NUMBER: 23  #########################
           1.62442
 2
12
31
 3
18
34
45
          0.264773
          0.293396
          -0.16756
          0.363032
         -0.178827
          -1.37388
          -1.52542
         0.0434364
##################### ACCEPTABLE SUBNET NUMBER: 24  #########################
           1.46382
 4
12
40
27
25
 5
49
 5
48
39
38
         0.0392479
         0.0103489
         -0.238354
           0.17347
         -0.241461
          0.228211
        -0.0643836
         0.0309667
        -0.0887119
         -0.735706
         -0.151078
         -0.817349
##################### ACCEPTABLE SUBNET NUMBER: 25  #########################
           1.80022
 6
12
13
21
29
37
 2
 0
         -0.358606
         -0.314838
         -0.720201
          0.243907
          0.332199
          -0.34211
          -1.17873
         0.0384956
          -0.60229
##################### ACCEPTABLE SUBNET NUMBER: 26  #########################
           1.53244
 4
12
40
14
 9
 1
47
          0.173702
          0.213748
         -0.205628
          0.262422
        -0.0586058
          0.305684
         -0.186871
          -2.01538
##################### ACCEPTABLE SUBNET NUMBER: 27  #########################
          0.662632
 7
22
31
34
26
20
30
 6
 3
29
44
36
         0.0295597
         -0.143057
         -0.338556
         -0.405173
        -0.0987844
         -0.308242
         -0.583376
          0.263763
         -0.384581
         -0.282827
         0.0875162
         -0.473177
          -1.49264
##################### ACCEPTABLE SUBNET NUMBER: 28  #########################
           1.32879
 6
12
45
 3
44
26
31
 0
          0.612413
         -0.652211
          -1.32493
          -1.48698
           -1.0685
         -0.625919
         -0.280854
          -2.69807
          -2.69807
##################### ACCEPTABLE SUBNET NUMBER: 29  #########################
           1.42474
 8
31
 8
40
24
 7
 5
25
18
16
45
42
47
35
34
 3
49
10
 4
22
19
13
39
29
 1
26
          0.972636
          0.388639
         -0.394303
          0.914353
          -1.42343
          -2.73672
           0.45769
          -0.06669
          -1.70687
          0.624719
          0.302945
           1.03374
          0.959938
          0.653465
          -1.06883
        -0.0428195
         -0.827321
         -0.792721
          -1.53259
          -1.29688
          0.486546
         -0.185613
          0.295796
         -0.861392
          -1.16316
           0.28428
         -0.226862
##################### ACCEPTABLE SUBNET NUMBER: 30  #########################
          0.624204
 4
36
43
32
21
 1
15
          0.270276
          -0.28668
         -0.698492
         -0.138077
        -0.0839507
          -1.12962
        -0.0440505
         0.0240017
##################### ACCEPTABLE SUBNET NUMBER: 31  #########################
           1.92814
 4
 5
44
28
48
13
26
42
19
13
39
29
30
22
50
31
49
33
32
         -0.484529
         -0.456769
          -1.59165
          0.972692
           1.17462
         -0.558882
         -0.411342
           1.14134
         -0.219676
          -1.36611
         -0.490189
         -0.468157
          -1.07101
          -1.11164
          -1.18493
          0.796664
         -0.411342
         -0.430373
         -0.632392
          0.172232
##################### ACCEPTABLE SUBNET NUMBER: 32  #########################
           1.68762
 4
40
21
43
18
 3
32
15
33
          0.125313
          0.170997
         -0.107468
           0.22316
          0.436522
         -0.231215
         -0.904206
          0.181088
         -0.945856
          -1.30131
##################### ACCEPTABLE SUBNET NUMBER: 33  #########################
           0.62447
 3
40
 9
10
 3
30
 6
42
          0.424004
         -0.174653
         -0.389153
         -0.261245
           0.17833
          -1.13245
          -1.50317
          -1.51695
        -0.0341064
##################### ACCEPTABLE SUBNET NUMBER: 34  #########################
           1.70569
13
12
31
15
 9
34
28
17
47
44
24
36
39
37
 4
33
49
38
 2
           1.21283
           1.27764
          0.355923
           1.45773
           1.35734
           1.35519
         -0.801311
          -0.12254
         -0.586872
          0.210305
          -1.01164
          0.197336
            1.2881
           0.74697
         -0.735446
          -1.55023
           1.21691
         -0.621866
          0.101773
           1.42859
##################### ACCEPTABLE SUBNET NUMBER: 35  #########################
           1.58177
 4
12
43
28
42
 4
 5
25
50
35
         -0.218214
         -0.242937
         -0.208384
          0.371951
          -2.43982
         -0.375284
          -1.15687
          0.212224
         -0.888924
         -0.867459
          -1.15687
##################### ACCEPTABLE SUBNET NUMBER: 36  #########################
           1.20824
 7
31
40
45
28
50
 9
19
 1
47
          0.079917
         -0.386382
         -0.412371
         -0.531311
         -0.153017
         -0.621786
         0.0236838
          -1.41715
          -1.18742
          -1.26974
         -0.270566
##################### ACCEPTABLE SUBNET NUMBER: 37  #########################
           1.66875
 2
31
47
 2
41
32
          0.245826
          0.302467
          0.114401
          0.487807
         0.0341197
          0.317003
          0.254105
##################### ACCEPTABLE SUBNET NUMBER: 38  #########################
           1.43942
 5
40
26
43
35
32
 0
        -0.0289332
         -0.356042
          -0.69323
         -0.111169
         -0.448782
        -0.0461737
         -0.969447
         -0.990168
##################### ACCEPTABLE SUBNET NUMBER: 39  #########################
           1.60903
 9
12
22
40
21
23
 6
18
25
36
 7
29
 8
 7
44
31
42
45
        -0.0116918
         0.0180176
         -0.198409
          0.291418
         -0.265107
        -0.0978555
         -0.220892
         0.0260851
         -0.594803
          -1.04547
          -1.30648
          -0.26201
         -0.247989
       -0.00408008
         -0.416355
          -1.25661
         -0.614343
         -0.651122
         -0.532824
##################### ACCEPTABLE SUBNET NUMBER: 40  #########################
           1.21078
 7
12
31
40
45
46
49
24
 3
38
41
25
          0.731902
         -0.618781
           -1.0615
         -0.762406
         -0.720254
          -1.00603
          -0.43872
         -0.636031
           -0.5541
         -0.223775
        -0.0216817
         -0.570555
         -0.110686
##################### ACCEPTABLE SUBNET NUMBER: 41  #########################
           1.59406
 3
12
42
27
 0
         0.0299967
          0.067766
         -0.251677
          0.245909
         -0.134197
          0.219656
##################### ACCEPTABLE SUBNET NUMBER: 42  #########################
           1.02476
 8
12
22
25
 7
20
 6
30
 2
 5
18
24
50
 5
46
         -0.055286
         -0.659412
         -0.373666
          -1.53081
         -0.232699
         -0.448256
          -1.66425
         -0.513459
         -0.791796
         -0.684087
          0.123599
        -0.0732993
         -0.744586
         -0.159067
           -1.2571
          -1.22063
##################### ACCEPTABLE SUBNET NUMBER: 43  #########################
           1.58017
11
12
22
31
23
33
25
13
43
 2
36
28
 4
 8
 6
 1
34
          0.118261
           0.15102
         -0.208861
          0.257791
        -0.0563898
         0.0396702
          0.118636
         -0.650961
          -0.27459
         -0.807345
          -3.08824
        -0.0324056
          -0.18617
         -0.150519
         -0.197741
          -0.26389
         -0.157454
         -0.383926
##################### ACCEPTABLE SUBNET NUMBER: 44  #########################
          0.809831
 6
45
44
14
39
24
 8
 5
13
46
 4
47
34
        -0.0742073
         -0.380887
         -0.730503
         -0.436479
        -0.0440296
          0.237923
          -1.61746
          -1.16688
           -1.1695
          0.202972
          -1.04315
         -0.996632
         -0.401567
         -0.427695
##################### ACCEPTABLE SUBNET NUMBER: 45  #########################
           1.60087
 7
12
31
42
13
28
49
44
 4
34
 4
46
33
         0.0414396
         0.0824568
         -0.302516
          0.255259
         0.0320889
         -0.125968
          0.206284
          0.173972
            -1.234
          -1.95451
         -0.324703
         -0.405365
         -0.984051
         -0.984051
##################### ACCEPTABLE SUBNET NUMBER: 46  #########################
           1.64863
 3
12
31
45
 1
 1
        -0.0873403
        -0.0496538
         -0.191841
          0.284137
         0.0156809
         -0.210816
         -0.787657
##################### ACCEPTABLE SUBNET NUMBER: 47  #########################
           1.61258
 6
22
31
49
21
42
48
 1
39
           0.23352
          0.286608
         -0.453796
          0.371699
          0.265525
         -0.134763
         -0.336873
        -0.0847966
         -0.858128
         0.0451559
##################### ACCEPTABLE SUBNET NUMBER: 48  #########################
           1.63495
 2
36
26
 1
 4
       -0.00833956
         -0.179767
         -0.313386
         0.0616969
          -1.20701
           -2.1389
##################### ACCEPTABLE SUBNET NUMBER: 49  #########################
          0.846178
 2
14
47
 2
23
 3
        -0.0174149
         -0.234115
         -0.268175
          0.293087
         -0.460985
          0.193013
          -2.07739
##################### ACCEPTABLE SUBNET NUMBER: 50  #########################
           1.21802
 5
22
31
23
19
 2
 1
18
         -0.172672
         -0.219197
          -0.35818
         -0.561274
         0.0828679
          -1.23465
          -1.61565
          0.558554
         0.0192589
##################### ACCEPTABLE SUBNET NUMBER: 51  #########################
            1.7406
 3
31
40
10
 2
33
47
          0.114149
         -0.204187
         -0.395847
         -0.257184
         0.0512648
         -0.137141
        0.00840835
         0.0583715
##################### ACCEPTABLE SUBNET NUMBER: 52  #########################
           1.60738
 9
12
31
45
42
 2
46
35
 9
30
 5
39
26
38
21
14
           1.47192
            1.5318
            1.2501
           1.79383
           1.62393
           1.43721
          0.927714
         -0.106442
          0.436747
          0.158269
         0.0376987
          -1.84796
           1.46118
           1.43699
          -2.16395
          0.870143
         -0.899589
##################### ACCEPTABLE SUBNET NUMBER: 53  #########################
           1.64874
 7
12
31
27
28
42
48
39
 3
34
19
29
           -0.3246
         -0.380148
          -0.24946
         -0.482629
         -0.729327
          0.172756
         -0.267567
          -1.17504
          -1.17504
          -1.74446
         -0.318897
         -0.251321
         -0.309228
##################### ACCEPTABLE SUBNET NUMBER: 54  #########################
           1.48565
 2
27
25
 2
48
35
          0.296844
           0.15839
         -0.302272
           0.21002
        -0.0550236
        -0.0920545
         0.0776426
##################### ACCEPTABLE SUBNET NUMBER: 55  #########################
           1.58441
15
12
22
31
40
16
23
 9
 3
 4
49
38
13
47
17
 2
 8
48
18
32
33
29
 8
45
28
          0.288166
          0.335477
          -0.29352
          0.185717
          0.283431
         0.0423889
         -0.101091
         -0.250083
         0.0698317
          0.195911
          0.119533
         -0.563919
         -0.344745
          -0.55707
          -0.60856
          -1.65863
          -1.31723
         -0.980855
         -0.439024
         -0.257263
          -2.05398
         -0.475523
          -2.69301
         -0.735448
         -0.870352
          -1.65268
##################### ACCEPTABLE SUBNET NUMBER: 56  #########################
          0.588237
 8
12
22
24
19
44
43
20
21
 5
48
35
45
27
26
          0.208799
        0.00583078
         -0.281965
         -0.051607
         -0.250173
         -0.794218
         -0.922846
         -0.258018
         -0.448744
          0.265214
           0.13814
        -0.0946529
          0.129392
           -1.1439
          -1.05047
         -0.678029
##################### ACCEPTABLE SUBNET NUMBER: 57  #########################
           1.96251
 5
40
14
24
23
15
 3
16
 9
13
         0.0571022
         -0.362746
         -0.385181
        -0.0755174
           -1.1677
          -0.72661
         -0.749124
          -2.57138
         -0.609124
          -1.83735
          -1.83735
##################### ACCEPTABLE SUBNET NUMBER: 58  #########################
           1.69701
 5
22
40
42
14
23
 3
 8
50
29
          0.040457
         0.0350335
         -0.775288
           0.34747
         0.0980902
         -0.831001
          -1.04683
          -1.68367
         0.0899429
          0.125736
          -1.68482
##################### ACCEPTABLE SUBNET NUMBER: 59  #########################
           1.61494
 3
12
29
40
 0
          0.109802
          0.151129
         -0.201006
          0.304405
          -0.19195
        -0.0216484
##################### ACCEPTABLE SUBNET NUMBER: 60  #########################
            1.3235
 4
12
13
 1
45
 2
 6
47
         -0.182571
         -0.223272
         -0.206102
          0.266356
        -0.0475301
         -0.892479
         -0.343844
          0.181728
         -0.862986
##################### ACCEPTABLE SUBNET NUMBER: 61  #########################
           1.68887
 4
12
36
24
 8
 3
33
28
16
          0.392301
          0.457965
         -0.328318
          0.787542
          0.601484
          0.610002
         -0.489911
          0.522922
        -0.0271301
         0.0086478
##################### ACCEPTABLE SUBNET NUMBER: 62  #########################
           1.00554
 5
40
27
25
28
 6
 1
47
          0.364046
         0.0184426
          -1.16474
         -0.107136
         -0.592668
         -0.211226
          0.122935
         -0.709194
         -0.654982
##################### ACCEPTABLE SUBNET NUMBER: 63  #########################
          0.955461
 7
31
20
 8
10
 3
28
17
 3
 7
40
 4
        -0.0416723
         -0.478916
         -0.331257
         -0.192977
         0.0260447
        -0.0907128
           -0.2812
         -0.995837
         -0.891638
          -1.19984
         -0.156426
        -0.0288469
          -1.16818
##################### ACCEPTABLE SUBNET NUMBER: 64  #########################
            1.5509
12
12
40
45
14
49
 5
30
39
42
26
 2
34
 3
 9
28
15
          0.704407
          0.740828
         -0.246358
          0.273781
       -0.00678366
        -0.0559116
          0.245302
          -2.02421
         -0.299486
         -0.296645
          -1.01118
          -1.28986
           -0.9847
          -1.14289
          -1.48949
         -0.718741
          -0.74898
          -1.47386
##################### ACCEPTABLE SUBNET NUMBER: 65  #########################
            1.6135
 5
12
40
29
 4
49
 3
39
21
 2
         0.0369561
         0.0811326
         -0.208597
          0.313996
        -0.0341658
         0.0556504
         -0.701591
         -0.279236
         -0.196629
         -0.460945
         -0.552054
##################### ACCEPTABLE SUBNET NUMBER: 66  #########################
          0.749399
 8
22
31
 2
49
44
30
 8
21
 6
10
 5
34
23
47
39
        -0.0248041
         -0.578719
         -0.335854
         -0.311903
         -0.192398
          0.160707
         -0.619806
          -3.17454
         -0.758759
         -0.534659
         -0.233452
         -0.888372
        -0.0131633
         0.0135918
         -0.205767
          -1.85715
         -0.544741
##################### ACCEPTABLE SUBNET NUMBER: 67  #########################
          0.724425
 6
12
40
29
 2
27
14
 2
15
22
          0.187653
         -0.112157
         -0.662881
          0.151784
         -0.141969
         -0.808879
          0.488278
         -0.683496
          -1.43403
          -2.96276
          0.205389
##################### ACCEPTABLE SUBNET NUMBER: 68  #########################
           1.09579
 3
43
27
10
 1
37
          0.117475
         -0.354648
         -0.911493
         -0.198672
          0.141256
         -0.145632
          0.221664
##################### ACCEPTABLE SUBNET NUMBER: 69  #########################
           1.87086
 1
40
 0
         0.0571518
         -0.224532
         -0.347464
        -0.0207945
##################### ACCEPTABLE SUBNET NUMBER: 70  #########################
           1.55891
 4
22
31
10
35
 4
 1
 4
38
 9
          0.359996
           0.37693
          -0.26137
          0.127978
          0.213254
          -1.08237
         -0.527047
        -0.0617951
          -1.41703
          -1.43042
          -0.49584
##################### ACCEPTABLE SUBNET NUMBER: 71  #########################
           1.60516
 5
12
26
42
 3
27
 2
19
46
         -0.194163
         -0.169657
          -1.11818
          0.178864
         -0.206623
         -0.277057
         -0.993979
          0.253848
         -0.147529
         -0.106746
##################### ACCEPTABLE SUBNET NUMBER: 72  #########################
           1.60711
 4
12
40
 2
23
 1
25
         0.0356947
         0.0747122
          -0.20993
          0.295046
        -0.0253391
          0.320865
         -0.720115
         -0.721252
##################### ACCEPTABLE SUBNET NUMBER: 73  #########################
           1.60513
 6
12
23
17
29
43
32
 1
 6
          0.129583
           0.17561
         -0.202063
          0.314875
          0.117098
        -0.0225325
        -0.0379892
         -0.232767
          -1.92731
         -0.732859
##################### ACCEPTABLE SUBNET NUMBER: 74  #########################
           1.57449
 6
12
31
40
28
27
13
 0
          0.297047
          0.334973
         -0.245485
          0.257078
         0.0941381
         -0.155821
        0.00988915
          0.140667
          -1.42951
##################### ACCEPTABLE SUBNET NUMBER: 75  #########################
           1.94435
 4
12
22
40
45
 0
         -0.133704
         -0.281027
         -0.308456
         -0.219202
        -0.0569636
       -0.00492158
         -0.265267
##################### ACCEPTABLE SUBNET NUMBER: 76  #########################
           1.55212
 7
12
22
40
17
20
42
13
 2
35
15
        0.00382229
        -0.0749959
         -0.211367
          0.245368
         -0.368372
         -0.111606
          -1.55807
          -1.53853
         -0.426388
          0.032246
          0.131581
          -1.99481
##################### ACCEPTABLE SUBNET NUMBER: 77  #########################
           1.65658
 4
12
31
41
25
 0
         -0.114431
        -0.0781386
         -0.188893
          0.280969
         0.0229524
         -0.558602
         -0.857026
##################### ACCEPTABLE SUBNET NUMBER: 78  #########################
          0.983397
 4
31
45
14
16
 1
40
          0.768198
          0.558124
         -0.508412
           0.22729
        -0.0216376
           0.34382
         -0.422952
          0.286925
##################### ACCEPTABLE SUBNET NUMBER: 79  #########################
           1.17423
 3
27
48
32
 1
50
          -0.13916
         -0.417821
         -0.369214
          0.143238
           -0.4322
          -0.32188
          0.127487
##################### ACCEPTABLE SUBNET NUMBER: 80  #########################
           1.54621
 6
12
40
28
23
16
29
 3
 1
 4
18
         0.0747444
          0.106866
         -0.199605
          0.304257
        -0.0386063
          -1.86722
          -1.24804
          -1.71769
          -1.38628
         0.0439016
         -0.774423
         -0.916628
##################### ACCEPTABLE SUBNET NUMBER: 81  #########################
           1.17143
 1
 2
 0
         -0.507516
           -0.7678
         -0.561367
          0.470158
##################### ACCEPTABLE SUBNET NUMBER: 82  #########################
           1.53603
 6
31
21
27
47
 4
28
 0
         0.0923187
          0.106219
         -0.598188
         0.0538019
         0.0728401
          0.215814
        -0.0611099
          -1.16343
          -2.35125
##################### ACCEPTABLE SUBNET NUMBER: 83  #########################
           0.65057
 6
31
40
45
 8
21
49
 2
17
 6
            0.8211
          0.562646
         -0.342014
         0.0494474
         -0.255574
         -0.134932
          -0.58994
         0.0678009
          -1.41666
          -0.19326
          0.114874
##################### ACCEPTABLE SUBNET NUMBER: 84  #########################
           2.14098
10
22
17
39
16
24
47
 9
 2
31
48
 3
 1
18
 6
         -0.409624
         -0.791049
         -0.873494
         -0.208319
         0.0258762
         -0.905418
           -1.0131
         -0.526818
         -0.801621
        -0.0317137
        -0.0843434
         -0.704671
         -0.864284
          0.271742
         0.0801143
         -0.107203
##################### ACCEPTABLE SUBNET NUMBER: 85  #########################
           1.58157
 5
12
40
18
35
32
 2
30
46
          0.889198
          0.934202
         -0.209573
          0.335491
         0.0153596
         -0.378962
          -1.25324
         -0.721606
          -1.57869
          -1.09389
##################### ACCEPTABLE SUBNET NUMBER: 86  #########################
          0.658472
 5
31
14
10
 8
47
 3
 9
23
34
          0.413071
          0.166252
         -0.281073
         -0.179842
          0.315202
         -0.269287
         -0.837256
         -0.307514
         -0.208498
          0.217651
         -0.578005
##################### ACCEPTABLE SUBNET NUMBER: 87  #########################
           1.60923
 5
12
40
25
 1
28
 1
15
          0.194573
          0.235447
         -0.199976
          0.309057
        -0.0163663
          -1.57883
          -1.56049
         -0.824871
         -0.332179
##################### ACCEPTABLE SUBNET NUMBER: 88  #########################
           2.24113
17
12
26
 5
48
 8
22
 9
18
 7
44
 4
27
50
17
15
24
29
20
 2
19
47
16
39
37
49
28
40
46
25
36
23
42
38
32
14
41
 6
35
           1.24776
           1.29392
          0.527823
             1.586
          -1.11144
         -0.420179
           0.87067
          -1.57843
           1.60165
          0.666543
         -0.582014
          -0.25507
         -0.548126
         -0.974086
          -1.37931
          0.427454
          -1.70787
          -1.02979
          -1.47493
         -0.115696
           1.96674
          -1.50464
          -2.09329
         0.0109523
          0.954254
           1.09491
          0.780396
           0.76526
          0.602744
         -0.565173
         -0.529014
           1.26951
         -0.872093
         0.0663467
          -1.14981
         0.0891143
          -1.01632
          0.311268
          0.648705
           1.02759
##################### ACCEPTABLE SUBNET NUMBER: 89  #########################
           1.63341
 5
31
44
34
28
40
12
18
26
25
 8
 2
16
10
32
 6
43
42
24
         -0.230267
         -0.743016
          0.159075
          0.157896
          0.303665
          -1.61407
         -0.577149
          -1.12971
          0.919309
         -0.736688
          0.406922
          -1.24837
          0.354542
          -1.64107
          -0.97683
         -0.186142
         -0.233536
          -0.23766
          0.572127
          -1.50054
##################### ACCEPTABLE SUBNET NUMBER: 90  #########################
           1.51779
 5
12
40
 4
46
43
 4
15
41
 5
21
          0.170214
          0.104137
         -0.225337
          0.257965
         -0.059324
           -0.8072
          -2.46644
          -2.46579
          0.111435
         -0.808558
         -0.192507
          -1.35276
##################### ACCEPTABLE SUBNET NUMBER: 91  #########################
           1.66756
 1
40
 2
41
34
         0.0985019
         -0.170274
         -0.158617
        -0.0105823
            0.1571
         -0.427427
##################### ACCEPTABLE SUBNET NUMBER: 92  #########################
            1.5812
 5
12
31
14
27
49
 1
 2
          0.364396
          0.399749
         -0.208801
          0.244514
          0.164157
        -0.0478487
         -0.198271
          -1.02685
         -0.732202
##################### ACCEPTABLE SUBNET NUMBER: 93  #########################
           1.55652
 7
12
22
16
48
 6
 9
28
 4
39
42
31
10
          0.122908
          0.173025
         -0.171234
          0.409397
          0.274675
         -0.102963
          -1.07049
          -0.84256
        0.00466442
          -1.31982
        -0.0292724
         0.0993684
           -0.6515
         -0.787739
##################### ACCEPTABLE SUBNET NUMBER: 94  #########################
           1.58476
 4
12
40
 8
20
 1
30
         0.0934284
          0.128261
         -0.203714
          0.296251
        -0.0188969
       -0.00156878
         0.0501063
         0.0133738
##################### ACCEPTABLE SUBNET NUMBER: 95  #########################
           1.63714
 7
12
31
49
 4
35
33
20
 3
32
23
16
           1.23292
           1.29948
           1.09003
            1.4827
            1.5327
          0.346356
          0.774476
         -0.707566
         -0.202066
          -0.75743
           1.33108
         0.0916159
         -0.721611
##################### ACCEPTABLE SUBNET NUMBER: 96  #########################
           1.02218
12
12
22
40
45
26
43
31
36
14
47
32
48
 4
41
15
38
 5
        -0.0722444
         -0.219898
          -1.48135
          -1.44558
         -0.470899
        -0.0202824
         -0.250838
         -0.276705
          0.106841
         -0.216604
         0.0086449
          0.118301
         -0.725363
         -0.843207
         -0.627259
          0.119567
         -0.123984
         0.0528971
         -0.222157
##################### ACCEPTABLE SUBNET NUMBER: 97  #########################
           1.53039
 3
31
40
45
 2
18
 6
         0.0541878
         -0.272909
          -0.38636
         -0.383373
       -0.00794914
         -0.395792
         0.0142638
        0.00528667
##################### ACCEPTABLE SUBNET NUMBER: 98  #########################
           2.09944
 9
22
31
40
45
49
 9
44
 6
18
 0
         -0.433217
         -0.410315
         -0.547064
          0.326377
          -1.20144
         -0.104744
          -1.24236
         -0.259046
          -1.49143
         -0.181499
          -1.10172
         -0.968282
##################### ACCEPTABLE SUBNET NUMBER: 99  #########################
            1.1769
10
22
31
40
14
47
49
42
26
15
43
 1
48
         -0.155201
         -0.380507
         -0.304446
         -0.508999
         -0.474432
          -0.48954
          0.063315
         -0.408022
         -0.458183
         -0.119667
          -1.25719
          -1.30891
         -0.654108
          -1.31136
##################### ACCEPTABLE SUBNET NUMBER: 100  #########################
           2.00573
 1
40
 0
         0.0703768
         -0.383347
         -0.392577
        -0.0876316
----------Number of Acceptable Subnets found: 100 -----------
----------END FOR GENE 11 -----------
