File open successful. It contains: 
Finished reading file, will close now.
File x_dt open successful.
Finished reading file x_dt, will close now.
File sd_d open successful.
Finished reading file sd_d, will close now.
--------START FOR GENE 25 -----------
 Values arranged as error, n_ka, gene ids for ka, n_kd, gene ids for kd,
 r0, d, ea, ka_values, kd_values for each subnet. 
##################### ACCEPTABLE SUBNET NUMBER: 1  #########################
           1.21434
 5
11
29
 7
 4
27
 3
20
 8
30
          0.233617
           -0.2894
         -0.287105
          0.101714
        -0.0215162
         -0.346905
         0.0664358
          -2.20387
          0.389168
         -0.592987
         -0.835247
##################### ACCEPTABLE SUBNET NUMBER: 2  #########################
           2.94946
 4
12
19
 8
11
 2
20
39
         -0.149913
         -0.485732
         -0.117655
          0.688156
          0.183801
         -0.436476
          -1.44942
          0.821404
         -0.679825
##################### ACCEPTABLE SUBNET NUMBER: 3  #########################
           2.97759
 6
22
 1
19
27
23
26
 2
37
 7
         -0.377191
         -0.535741
         -0.180287
         -0.172345
          0.461258
          -1.55783
         -0.839165
         -0.940474
         -0.472178
         -0.438249
         -0.132507
##################### ACCEPTABLE SUBNET NUMBER: 4  #########################
           2.85766
 7
16
 1
10
 8
 7
32
19
 6
41
37
35
24
 9
36
           1.13517
           1.11143
           1.44479
           1.58263
           1.82338
        -0.0373839
          0.427769
           1.20022
          0.260948
          0.167359
           1.65139
           1.31332
           1.46714
          0.160305
          0.296722
           0.45523
##################### ACCEPTABLE SUBNET NUMBER: 5  #########################
            2.2126
 1
 1
 4
20
31
29
14
         -0.246355
         -0.383097
         -0.159183
          0.513206
         -0.421519
        -0.0226479
         -0.441235
           -1.8742
##################### ACCEPTABLE SUBNET NUMBER: 6  #########################
           2.53955
 3
47
 6
46
 6
27
33
28
 7
40
31
         0.0494626
         -0.365956
         -0.804467
        -0.0221482
         0.0526775
          -1.90784
         0.0141544
         -0.764781
          -1.59829
         -0.645496
        -0.0863672
          -1.91579
##################### ACCEPTABLE SUBNET NUMBER: 7  #########################
           0.94095
 6
47
22
26
 3
14
19
 3
41
28
33
          0.377319
         -0.180827
         0.0249088
          0.430124
         -0.416168
          0.427871
          0.560661
          -1.41148
          0.142724
          0.726328
          0.961464
          0.278717
##################### ACCEPTABLE SUBNET NUMBER: 8  #########################
            2.8076
 7
 5
 2
37
10
 1
 7
45
 1
20
         -0.202824
         -0.430334
         -0.207916
         0.0499533
         -0.490368
         -0.198669
          -1.64138
           0.21445
          -0.74971
           -1.0327
         0.0438343
##################### ACCEPTABLE SUBNET NUMBER: 9  #########################
           1.33012
 8
21
17
11
34
 5
38
37
35
 5
 8
33
 2
16
32
          0.101361
        -0.0196791
         -0.086835
          0.129722
         -0.635278
         0.0789794
          -1.39844
          0.247588
          -1.31645
        -0.0822551
         -0.106983
         -0.066193
          -1.35848
          0.780916
          -1.36579
         -0.673002
##################### ACCEPTABLE SUBNET NUMBER: 10  #########################
           1.94951
 1
47
 1
 2
          0.246342
         -0.144744
          -1.46666
         0.0124087
          0.520948
##################### ACCEPTABLE SUBNET NUMBER: 11  #########################
           1.98684
 4
19
 1
27
28
 8
43
 2
18
26
20
47
41
12
         -0.388268
         -0.688929
         -0.809477
           0.52077
          0.364419
            -1.411
         -0.414037
        -0.0878683
           0.92554
           0.26121
          -1.19852
          -1.06708
          -1.41124
         -0.556381
         -0.227351
##################### ACCEPTABLE SUBNET NUMBER: 12  #########################
           1.77537
 5
12
 5
32
46
 7
 1
 2
         -0.158895
         -0.279663
          0.108666
          0.639314
          0.344752
         -0.833131
         -0.711206
          0.206261
           1.08863
##################### ACCEPTABLE SUBNET NUMBER: 13  #########################
           2.61773
 2
11
 1
 5
31
18
22
20
38
         -0.343587
         -0.475394
         -0.175178
           -0.1281
          0.466814
         -0.807033
          -1.20665
         -0.866317
          -1.01541
          -1.75421
##################### ACCEPTABLE SUBNET NUMBER: 14  #########################
          0.946909
 2
45
48
 9
41
32
14
 1
21
46
 2
22
49
          0.594369
          0.142032
          0.786093
          0.744282
         -0.258483
           1.06164
         0.0521506
          0.892394
          -1.26373
          -1.07301
          0.866401
           1.47362
           0.39375
         -0.967629
##################### ACCEPTABLE SUBNET NUMBER: 15  #########################
            2.3377
11
44
11
10
48
 1
49
46
32
21
 9
16
 7
28
43
34
18
27
50
14
          0.910278
          0.204903
           1.14973
          0.505717
           1.49126
         -0.317072
         -0.610176
          -1.11539
          0.626222
            -1.506
         -0.985643
         -0.198464
        -0.0112654
          0.817931
          0.713917
           1.75307
          0.579562
          0.346136
         -0.259089
        -0.0519811
          -1.31711
##################### ACCEPTABLE SUBNET NUMBER: 16  #########################
           2.10761
 7
36
20
11
29
 8
44
49
 4
14
48
 2
18
          0.705777
          0.272594
         -0.577739
         0.0946354
         -0.435676
           0.18151
          0.123671
          -1.96693
         -0.381064
         -0.910131
          0.439498
        -0.0662311
          -1.39639
        -0.0088324
##################### ACCEPTABLE SUBNET NUMBER: 17  #########################
           1.95807
 6
 1
48
44
 8
10
 2
 4
34
32
43
37
         -0.212297
         -0.327247
         -0.138906
          0.578862
          -1.45287
          -1.52493
          -1.20145
        -0.0484634
          -1.12802
         -0.818822
         -0.262173
          0.105002
          -0.05816
##################### ACCEPTABLE SUBNET NUMBER: 18  #########################
           1.72381
 5
31
20
11
10
 5
11
 2
19
36
34
18
42
41
 1
30
21
29
       -0.00595756
         -0.387432
         -0.473152
          0.174223
         -0.036932
          -1.59532
         0.0936082
         -0.564667
           0.67071
          -1.31845
          0.120059
          0.117307
         -0.210488
         -0.227185
         -0.256112
         -0.169483
         -0.689566
         -0.581259
          -1.20617
##################### ACCEPTABLE SUBNET NUMBER: 19  #########################
           1.90225
 4
40
 1
50
39
10
24
 2
42
28
13
44
47
10
17
34
         -0.291165
         -0.443037
         0.0213253
         -0.528051
          0.870933
        0.00149874
         -0.102368
          0.434608
          0.679257
           0.45944
           -1.0901
         -0.279336
        -0.0152215
         -0.714213
         -0.646358
          -0.64752
         -0.983757
##################### ACCEPTABLE SUBNET NUMBER: 20  #########################
           2.44417
 5
21
47
31
 1
45
 7
18
17
35
15
22
16
14
         -0.292768
         -0.467423
         -0.176883
         -0.186079
         -0.822858
         -0.389315
          0.427536
         -0.852343
         -0.227222
         -0.379641
          -0.37412
         -0.925522
          -2.00351
         -0.422745
          -2.00351
##################### ACCEPTABLE SUBNET NUMBER: 21  #########################
           2.18799
 1
 1
 4
13
15
29
16
          -0.20968
         -0.340297
         -0.150671
          0.507968
       -0.00591364
          -2.27919
          -1.14659
          -1.13702
##################### ACCEPTABLE SUBNET NUMBER: 22  #########################
           1.96293
 5
 1
15
36
18
42
 2
 4
11
           0.20304
          0.179038
         -0.118162
          0.794209
         -0.245693
          -1.86681
         -0.261735
          -1.13915
          0.391185
         0.0222204
##################### ACCEPTABLE SUBNET NUMBER: 23  #########################
           2.36478
 0
 3
41
33
20
          0.443415
         -0.152348
           1.30915
           1.62864
           1.47189
           1.53901
##################### ACCEPTABLE SUBNET NUMBER: 24  #########################
           1.38137
 9
12
 1
 5
 2
38
34
 3
31
43
 2
41
28
          0.579729
          0.131419
          0.646038
          0.726641
          0.415392
          0.669258
          0.604844
          -1.48005
          -0.85982
         -0.242289
         -0.229478
          -1.83444
          0.917033
           1.17704
##################### ACCEPTABLE SUBNET NUMBER: 25  #########################
            2.9053
 1
23
 5
41
 6
14
 9
48
          0.480882
        -0.0169556
         0.0601116
        0.00462207
          0.379413
          -1.94842
          0.264119
         -0.827463
         -0.240419
##################### ACCEPTABLE SUBNET NUMBER: 26  #########################
           2.36942
 2
 1
26
 8
48
21
38
17
 6
37
44
40
         -0.317595
         -0.495787
         -0.169706
           0.46071
          -2.03197
        -0.0728357
         -0.285989
           -2.0523
          -2.05225
         -0.457287
         -0.332872
           -1.7496
          -1.51283
##################### ACCEPTABLE SUBNET NUMBER: 27  #########################
           2.19895
 3
45
20
 1
 7
30
31
39
15
44
28
26
         -0.242023
          -0.37736
         -0.151448
         -0.505782
         -0.768188
          0.523688
         -0.109611
        0.00412823
         -0.364363
         -0.951221
         -0.465223
         -0.994788
          -0.39783
##################### ACCEPTABLE SUBNET NUMBER: 28  #########################
            1.2279
 1
 1
 3
30
 2
12
        0.00623667
         -0.160651
         0.0940932
          0.691672
          0.608054
           0.78195
         -0.326088
##################### ACCEPTABLE SUBNET NUMBER: 29  #########################
           2.73356
 3
 3
42
 4
 6
 2
34
24
41
16
 1
          -0.21831
         -0.651779
         0.0732431
          0.344535
          -0.97889
          -1.15935
          0.815859
          0.520144
          0.260254
          -0.30761
          -1.15935
         -0.169249
##################### ACCEPTABLE SUBNET NUMBER: 30  #########################
           1.95973
 2
14
10
 4
 2
24
22
23
         -0.187068
         -0.478508
         -0.411018
          0.494967
          0.200758
          0.922892
          -1.69951
         -0.855481
         -0.329018
##################### ACCEPTABLE SUBNET NUMBER: 31  #########################
           2.42565
 4
11
 1
47
22
 5
 2
33
27
16
17
        -0.0236468
         -0.368545
           -0.2471
          0.214322
         -0.253942
        0.00504041
          -1.30014
          0.508131
         -0.198089
          0.247192
          0.143274
         -0.466071
##################### ACCEPTABLE SUBNET NUMBER: 32  #########################
           1.94998
 6
 5
42
10
 3
34
27
15
14
38
16
33
 8
43
 6
 7
13
41
46
36
19
17
22
          0.430451
        -0.0794302
         0.0325936
          0.708275
           0.55857
          -0.17991
         -0.918763
         -0.462451
          -1.36083
          0.867488
          0.688752
          0.676119
          0.275811
          0.633524
          -1.40457
         0.0753936
         -0.178598
        -0.0440508
          0.234314
          0.184128
          -2.58949
         -0.980646
         -0.946008
         -0.855338
##################### ACCEPTABLE SUBNET NUMBER: 33  #########################
           2.40585
 1
 1
 2
 5
38
         -0.279173
         -0.442127
         -0.173593
          0.437887
          -1.21747
          -1.02726
##################### ACCEPTABLE SUBNET NUMBER: 34  #########################
           2.00356
 4
 1
23
 7
39
 6
29
36
31
15
17
41
         -0.101876
         -0.172222
         -0.115561
           0.64807
         -0.634248
           -1.0775
         -0.799395
          0.146728
         0.0308228
         -0.632446
          -1.07836
        0.00306085
          -1.63934
##################### ACCEPTABLE SUBNET NUMBER: 35  #########################
           1.29556
 3
 5
 7
30
 3
28
 2
40
          0.323226
         -0.312341
         -0.313355
        -0.0352054
         -0.280249
         -0.161037
          0.304103
         -0.864014
         -0.796807
##################### ACCEPTABLE SUBNET NUMBER: 36  #########################
           5.51932
 3
15
27
 1
 1
41
         -0.355147
         -0.835275
         -0.316078
        -0.0281831
          -1.09411
        0.00640592
          -1.11399
##################### ACCEPTABLE SUBNET NUMBER: 37  #########################
           5.50966
 1
 6
 4
41
 7
42
22
           1.14654
          0.967018
          0.885653
           0.50128
           1.08962
          0.735477
          0.291585
          0.826725
##################### ACCEPTABLE SUBNET NUMBER: 38  #########################
           3.39917
 2
 5
 7
 1
20
         -0.295886
          -0.65737
         -0.603143
         0.0741878
         -0.133628
        0.00847216
##################### ACCEPTABLE SUBNET NUMBER: 39  #########################
           5.08684
 2
15
11
 0
         -0.342555
         -0.699446
         -0.275502
         -0.930497
         0.0314421
##################### ACCEPTABLE SUBNET NUMBER: 40  #########################
           1.76309
 5
29
35
22
41
 5
 3
28
36
39
         0.0241551
         -0.304316
        -0.0493402
          0.403858
          0.438099
         -0.215993
         -0.206931
           0.39847
          0.811867
          0.197566
         -0.902319
##################### ACCEPTABLE SUBNET NUMBER: 41  #########################
           5.31828
 4
12
11
35
38
 3
 3
20
 6
          0.312148
          0.149892
         -0.159635
          0.295332
          0.155646
          -1.42205
          -2.75245
          0.298154
         -0.586859
         -0.561141
##################### ACCEPTABLE SUBNET NUMBER: 42  #########################
           3.69863
 2
19
11
 2
17
 2
         -0.211717
         -0.887431
         -0.640095
           0.21368
         -0.653591
          0.292756
          0.466192
##################### ACCEPTABLE SUBNET NUMBER: 43  #########################
           4.96681
 1
 5
 4
14
29
42
16
         -0.356783
         -0.577815
         -0.222771
         0.0939766
         -0.340859
          -1.31293
          -1.01043
          -1.01049
##################### ACCEPTABLE SUBNET NUMBER: 44  #########################
           1.85157
 5
 6
 8
33
50
 5
 4
41
15
28
18
          0.062612
         -0.154591
         0.0313492
          0.195179
         -0.349144
         -0.530328
         -0.308824
          0.182989
           0.23012
         -0.308848
          0.470084
         -0.129032
##################### ACCEPTABLE SUBNET NUMBER: 45  #########################
           5.55685
 5
21
13
 1
29
28
 6
 7
20
17
 2
34
24
          0.563337
          0.529388
          0.822758
           1.12264
         -0.513622
         -0.175651
         -0.179263
         -0.925279
           1.21712
           1.01341
         -0.290774
         -0.623447
          0.960774
          -1.01636
##################### ACCEPTABLE SUBNET NUMBER: 46  #########################
           3.84682
 6
 5
42
 8
13
14
37
12
 7
20
15
38
45
19
34
22
 3
31
18
50
          0.372381
          0.350398
          0.419753
           1.77205
           1.28902
           1.13349
          0.153068
          0.354864
          -1.33757
           0.93716
           1.77654
            1.0636
           1.08343
           0.52875
         0.0149448
         -0.227526
            0.9399
         -0.610576
         -0.438871
          -1.15571
         -0.859761
##################### ACCEPTABLE SUBNET NUMBER: 47  #########################
           5.76674
 2
46
30
11
32
14
 8
16
24
43
47
22
42
26
38
         0.0566605
          -0.82599
          -0.16135
          -0.19251
        -0.0159056
          0.300987
      -0.000590772
         -0.660043
          -0.12954
         -0.572147
         -0.606324
          -2.17913
         -0.718492
          -1.30099
         -0.424985
         -0.856073
##################### ACCEPTABLE SUBNET NUMBER: 48  #########################
           1.95167
 8
22
 5
16
44
15
48
17
14
12
 7
41
24
19
 3
46
11
43
20
29
47
21
          0.676103
          0.447335
        -0.0602317
           1.04733
          0.946877
         -0.614236
          0.254378
         -0.390928
          0.636151
          0.125226
          0.368603
          0.624529
          0.681851
        -0.0938715
          -0.17205
         -0.465753
         -0.486686
         -0.703028
         0.0240133
           1.23941
           0.27025
         -0.256483
          -1.30942
##################### ACCEPTABLE SUBNET NUMBER: 49  #########################
            5.2902
 3
47
 1
31
 3
16
19
32
         -0.403476
          -0.89273
         -0.626052
         0.0132433
          -1.21939
          -1.37703
          0.245674
         -0.632977
         -0.628047
##################### ACCEPTABLE SUBNET NUMBER: 50  #########################
           5.53325
 2
27
 5
 2
29
10
           0.11407
          0.113267
        -0.0917565
           -1.1427
          0.435441
          0.274968
         -0.816953
##################### ACCEPTABLE SUBNET NUMBER: 51  #########################
           3.95971
 8
15
20
16
49
18
31
 9
 7
 4
34
19
 2
44
            1.4196
           1.30926
          0.897949
           1.37959
          -1.32597
           1.27754
          -0.43078
           1.31213
          0.682507
         -0.539586
            1.1542
           1.41922
          0.624745
          -1.22993
           1.40881
##################### ACCEPTABLE SUBNET NUMBER: 52  #########################
           5.09882
 2
 8
 1
 3
26
18
45
         -0.674979
         -0.655976
         -0.247073
          0.933818
          0.492631
          0.111569
          0.592728
        -0.0787503
##################### ACCEPTABLE SUBNET NUMBER: 53  #########################
           4.84294
 3
15
31
46
 3
18
10
29
         -0.515855
         -0.586947
        -0.0231039
          0.799573
          0.297471
         -0.552247
          0.597013
          0.608861
           0.62927
##################### ACCEPTABLE SUBNET NUMBER: 54  #########################
           5.25057
 1
 6
 1
 4
         -0.356462
         -0.778674
         -0.304793
          0.136028
          -1.84259
##################### ACCEPTABLE SUBNET NUMBER: 55  #########################
           5.35891
 4
48
 3
45
47
 0
         -0.492823
         -0.774058
           -1.1729
          -1.69343
         0.0625595
         -0.463213
         -0.035359
##################### ACCEPTABLE SUBNET NUMBER: 56  #########################
           4.25742
 1
 8
 3
34
41
43
          0.222956
         -0.269724
         0.0667383
         0.0231741
          -1.04653
          0.391967
          0.168122
##################### ACCEPTABLE SUBNET NUMBER: 57  #########################
           1.94932
 3
 1
16
 7
 5
41
 3
20
 4
49
          0.146753
          0.107043
           0.20265
          0.837582
         -0.419528
         0.0342875
          0.380034
          0.443612
          -1.23729
        0.00539434
          -1.23744
##################### ACCEPTABLE SUBNET NUMBER: 58  #########################
           2.40465
 2
 1
39
 3
49
 4
47
         -0.278431
          -0.44108
         -0.173295
          0.438096
         -0.719847
          -0.84131
         -0.746551
         -0.759051
##################### ACCEPTABLE SUBNET NUMBER: 59  #########################
           2.79221
 4
40
22
14
27
 5
33
41
43
26
17
           1.11583
          0.215168
          0.737116
          0.513496
          0.729232
          0.505316
         -0.881788
         -0.203035
           1.15309
           1.12649
          -1.14647
         -0.167458
##################### ACCEPTABLE SUBNET NUMBER: 60  #########################
           2.92447
 1
 1
 2
34
24
         -0.272671
         -0.393957
        -0.0593211
          0.525926
          0.198967
           0.11947
##################### ACCEPTABLE SUBNET NUMBER: 61  #########################
           3.69067
 0
 3
28
26
20
          0.020911
         -0.629618
           0.38028
          0.376694
           0.72458
          0.610703
##################### ACCEPTABLE SUBNET NUMBER: 62  #########################
           5.13972
 4
 6
29
42
 2
 0
        -0.0700108
         -0.324653
         -0.611457
         0.0863413
         -0.927097
         0.0617422
          -1.25914
##################### ACCEPTABLE SUBNET NUMBER: 63  #########################
           3.10687
 8
11
 9
20
 1
45
15
24
50
 9
46
26
17
37
 4
44
27
23
32
          0.658164
          0.302134
           0.38865
          0.717125
         -0.837371
          -1.19977
         -0.893662
          0.210832
          0.453287
         -0.168537
         0.0996535
          0.430514
         -0.201587
         -0.453247
            0.2816
          -1.26533
          0.855546
        -0.0272792
          -0.82372
          -1.39206
##################### ACCEPTABLE SUBNET NUMBER: 64  #########################
           5.11684
 5
 5
34
32
 8
23
 7
46
27
48
22
19
 7
38
          -0.25267
         -0.390919
         -0.157699
           1.05044
          0.386415
          0.703806
          0.100853
          -1.71596
          0.934375
          0.950458
          -0.96989
          -0.58131
          -1.71395
          -1.20097
         -0.190115
##################### ACCEPTABLE SUBNET NUMBER: 65  #########################
             1.921
 3
38
33
15
10
28
46
18
35
13
43
 2
14
20
23
           0.16716
         -0.191186
          -1.01574
         0.0921343
         -0.329368
          0.143259
          0.494758
         -0.809062
          -0.58117
          -1.08652
         -0.921192
         -0.435708
          -1.33837
         -0.510521
         -0.481617
         -0.740764
##################### ACCEPTABLE SUBNET NUMBER: 66  #########################
           3.35548
 4
15
 7
 4
 1
 3
13
 2
19
         -0.441223
         -0.750469
          -0.65284
          0.045279
         -0.166246
          -0.50703
          0.301709
         -0.394305
          0.131945
         -0.594033
##################### ACCEPTABLE SUBNET NUMBER: 67  #########################
           3.32601
 7
 5
 1
 7
37
38
32
 6
 2
13
50
         -0.139837
         -0.299098
         -0.221753
          0.128711
        -0.0797997
           -1.1235
         0.0164131
          -1.50655
          -1.45231
           0.22459
          0.146189
          -1.66156
##################### ACCEPTABLE SUBNET NUMBER: 68  #########################
            5.8273
 1
 7
 2
34
33
          0.796925
         -0.577509
        -0.0115307
           -1.4873
          0.720568
          -1.46286
##################### ACCEPTABLE SUBNET NUMBER: 69  #########################
           1.32429
 5
47
31
21
42
28
 1
 2
          0.240648
         -0.160581
          -1.23248
        -0.0137544
         -0.134391
          -1.17955
          -1.13226
          -1.10894
          0.536755
##################### ACCEPTABLE SUBNET NUMBER: 70  #########################
           4.94521
11
44
49
 8
 2
21
38
42
46
10
31
 1
 4
40
17
35
33
          0.303581
        -0.0911249
         -0.686161
         -0.376666
         -0.379217
          0.124856
         -0.197695
         -0.130283
         0.0210654
          -0.94709
         -0.625506
          -1.05584
          -1.24717
         -0.787711
         0.0776731
         -0.625207
        -0.0171242
         -0.385087
##################### ACCEPTABLE SUBNET NUMBER: 71  #########################
           5.23557
 8
 4
44
42
29
21
27
 5
48
 5
41
 8
18
17
32
           1.61589
            1.4684
           1.40455
          0.174163
         0.0857707
         -0.137915
          0.817013
           -1.2079
         -0.879711
          0.892944
         0.0446038
           1.60048
          0.301709
          0.267368
           1.39961
          -2.16852
##################### ACCEPTABLE SUBNET NUMBER: 72  #########################
           5.63823
 5
21
17
19
11
39
 1
16
         -0.401178
         -0.809936
         -0.289871
         -0.287584
           -0.5791
         -0.153011
       -0.00329008
         -0.886023
        -0.0917466
##################### ACCEPTABLE SUBNET NUMBER: 73  #########################
           4.27676
 3
46
11
 6
 4
32
 1
29
 5
         -0.241856
         -0.751595
         -0.440597
        -0.0048608
         -0.585335
         0.0860428
          0.230295
         -0.130877
          -1.18679
         -0.454698
##################### ACCEPTABLE SUBNET NUMBER: 74  #########################
           5.30098
 4
 8
21
12
18
 5
15
41
19
 2
17
           1.71759
           1.56186
           1.28383
          0.884956
          -0.43121
          0.188525
          0.219847
           0.12901
           1.48364
         -0.568952
         -0.194672
           1.27905
##################### ACCEPTABLE SUBNET NUMBER: 75  #########################
           2.40419
 1
 1
 2
24
50
         -0.284755
         -0.458752
          -0.18107
           0.43628
         -0.250614
         -0.915515
##################### ACCEPTABLE SUBNET NUMBER: 76  #########################
           3.50173
 3
37
15
 1
10
10
23
50
27
17
18
21
26
36
41
         -0.102974
         -0.488016
         -0.426425
          0.293708
          0.233103
          0.274961
          0.398742
          0.290588
          0.265707
          0.283698
         -0.937339
           -1.5628
         -0.305422
         -0.255493
          -0.26711
         0.0683785
##################### ACCEPTABLE SUBNET NUMBER: 77  #########################
           3.72859
 7
 5
 8
23
19
22
16
32
 3
36
38
 2
          0.346533
           0.12133
         -0.145726
           0.25123
          0.350152
        -0.0457176
          -1.17088
          -1.16416
         -0.133849
         -0.843985
          0.333766
         -0.957481
         0.0433286
##################### ACCEPTABLE SUBNET NUMBER: 78  #########################
           3.88756
 1
22
 6
10
44
18
 5
48
42
          0.298616
         -0.633224
          0.377956
           0.10163
           1.32677
         -0.863273
          0.396339
         -0.871032
        -0.0448721
          0.577118
##################### ACCEPTABLE SUBNET NUMBER: 79  #########################
           2.30555
 4
 1
50
39
43
 1
12
         -0.255845
         -0.394289
         -0.177852
          0.499973
         -0.221542
         -0.553884
         -0.602238
        -0.0239595
##################### ACCEPTABLE SUBNET NUMBER: 80  #########################
           3.58802
 6
 6
39
17
37
19
36
 7
28
26
34
49
15
16
13
         -0.147609
         -0.474824
          0.375299
          0.615892
         -0.515342
          0.353717
          0.361946
         0.0740826
          -2.32908
          0.814625
          0.608697
          -1.16449
          0.247316
         -0.439727
          -1.01087
         -0.525878
##################### ACCEPTABLE SUBNET NUMBER: 81  #########################
           5.17436
 7
21
38
37
27
34
 6
47
 9
32
 3
23
12
42
50
14
29
46
           1.50597
            1.1873
          0.543665
           1.00781
           1.12613
          -1.10193
          0.332026
         -0.485122
          -2.56693
           0.87191
           1.11147
           1.19851
          -1.13497
          0.666644
         -0.123252
         -0.150838
          -1.30759
         -0.072662
          0.948956
##################### ACCEPTABLE SUBNET NUMBER: 82  #########################
            2.3599
 4
 1
30
33
45
 4
34
16
20
 8
         -0.294465
         -0.456712
         -0.162477
          0.451213
          -1.33587
          -1.16879
          -1.94456
         -0.180563
         -0.210984
         -0.212605
          -1.94612
##################### ACCEPTABLE SUBNET NUMBER: 83  #########################
           2.44429
 6
 1
30
 3
 6
41
42
 3
 2
20
37
         -0.277772
         -0.450877
         -0.178296
           0.42702
         -0.399242
         -0.408668
          -1.12937
         -0.959967
         -0.960641
          -1.67668
          -1.62296
         -0.956801
##################### ACCEPTABLE SUBNET NUMBER: 84  #########################
           2.31623
 5
30
 1
11
 2
27
 4
18
 6
44
50
         -0.282558
         -0.419031
         -0.159239
         -0.243468
          0.495929
         -0.572289
         -0.392399
          -0.47023
          -1.18572
         -0.940688
        -0.0639065
          -1.08419
##################### ACCEPTABLE SUBNET NUMBER: 85  #########################
           3.54405
 5
44
36
35
 6
42
 8
34
20
13
28
33
27
 3
49
          0.054652
         -0.573021
          -0.61998
         -0.198929
          0.183721
          0.173349
         -0.186126
         -0.604741
          0.380198
          0.436788
         -0.470681
          0.346353
          -0.63384
         -0.751398
         -0.282206
          0.160204
##################### ACCEPTABLE SUBNET NUMBER: 86  #########################
           4.20969
 1
 4
 3
10
32
39
         0.0987641
         -0.571568
          0.292586
         -0.202434
           1.19797
         -0.801431
         -0.193157
##################### ACCEPTABLE SUBNET NUMBER: 87  #########################
           1.48778
 6
 4
13
32
11
29
33
 3
28
40
48
          0.153792
         -0.399299
         -0.385808
        -0.0373004
         -0.186662
         -0.217924
         0.0546415
          -1.14182
         -0.975684
          0.427658
         -0.428017
          -1.00583
##################### ACCEPTABLE SUBNET NUMBER: 88  #########################
           5.73887
 6
21
42
15
13
31
23
 2
14
32
          0.454561
           0.28793
         -0.379981
         -0.179563
          0.128182
         -0.118632
         -0.778817
          -0.78213
         -0.785326
          -2.24337
          -1.42046
##################### ACCEPTABLE SUBNET NUMBER: 89  #########################
           3.68235
 2
19
47
11
41
35
17
18
 8
23
26
33
20
38
40
          0.808221
          0.527149
          0.536161
          0.531825
         -0.026495
          0.781496
         0.0855653
          0.678841
           0.61057
        -0.0488281
          -1.67399
         -0.406472
         -0.770336
           -1.1743
          -1.97105
          0.369003
##################### ACCEPTABLE SUBNET NUMBER: 90  #########################
           5.16386
 2
 5
11
 0
         -0.244476
          -0.70158
           -0.2883
          -0.46439
        -0.0210719
##################### ACCEPTABLE SUBNET NUMBER: 91  #########################
           5.40478
 3
 1
 2
 9
 2
18
28
         -0.183847
         -0.134518
        -0.0835379
          0.793626
         0.0523837
        -0.0947179
        0.00380678
         -0.720255
##################### ACCEPTABLE SUBNET NUMBER: 92  #########################
              1.35
 5
11
27
28
35
22
 7
 2
47
30
48
15
 9
46
        -0.0507091
           -0.2931
         -0.206233
          0.176593
         -0.442618
          0.179778
         -0.823515
         -0.109659
          0.680809
          -1.72624
        0.00650559
          -1.28687
         -0.934091
            -1.313
          -1.57968
##################### ACCEPTABLE SUBNET NUMBER: 93  #########################
           5.44344
 2
38
27
 6
34
41
28
14
33
11
          0.677035
         -0.605237
          0.641129
         -0.118938
          -1.68956
           1.33897
          0.996692
          0.504642
          0.524654
         -0.046194
          -1.68956
##################### ACCEPTABLE SUBNET NUMBER: 94  #########################
           5.36156
 2
39
 5
 3
10
33
12
           1.36596
           1.35225
          0.974841
           1.58518
        -0.0719205
           1.96922
          0.753642
          -1.19506
##################### ACCEPTABLE SUBNET NUMBER: 95  #########################
           2.59785
 1
 5
 1
14
          0.223104
         -0.385384
         -0.300363
        -0.0406825
         0.0874215
##################### ACCEPTABLE SUBNET NUMBER: 96  #########################
           3.34494
 4
 8
49
50
47
 3
28
 2
30
         -0.201746
         -0.543323
         0.0105738
          0.637176
         -0.836019
          -0.92835
         -0.845796
          0.711507
          0.070729
         -0.218601
##################### ACCEPTABLE SUBNET NUMBER: 97  #########################
            2.0291
 5
37
22
43
 8
19
 3
45
13
 2
         -0.267744
         -0.431728
         -0.231016
         -0.258281
          0.535663
          0.141491
          0.312543
          -1.33405
          -1.24846
            -1.329
          0.943989
##################### ACCEPTABLE SUBNET NUMBER: 98  #########################
           2.25405
 3
 6
 1
47
 2
21
28
         -0.244998
         -0.391087
         -0.166244
          -1.15891
          0.473319
          -1.33325
         -0.230851
         0.0696642
##################### ACCEPTABLE SUBNET NUMBER: 99  #########################
           3.32417
 6
13
 9
12
50
11
10
 1
44
         -0.194789
         -0.511056
          -0.26543
        -0.0411496
         -0.749483
          0.325795
         -0.276196
          0.273189
          0.219171
          0.432768
##################### ACCEPTABLE SUBNET NUMBER: 100  #########################
           5.18563
 3
10
 1
14
 3
32
39
49
         -0.769243
         -0.787776
          0.138312
          0.907053
           1.34116
         -0.748861
          0.821629
         -0.465689
         -0.382022
----------Number of Acceptable Subnets found: 100 -----------
----------END FOR GENE 25 -----------
--------START FOR GENE 26 -----------
 Values arranged as error, n_ka, gene ids for ka, n_kd, gene ids for kd,
 r0, d, ea, ka_values, kd_values for each subnet. 
##################### ACCEPTABLE SUBNET NUMBER: 1  #########################
           1.23727
 4
38
 1
44
 7
 2
28
40
          0.312829
        0.00342136
          0.214196
         -0.423994
          0.175524
          -1.13884
         -0.775673
             0.665
          -1.17646
##################### ACCEPTABLE SUBNET NUMBER: 2  #########################
           2.54512
12
44
17
22
 5
28
32
38
21
19
16
40
35
13
23
42
14
 4
30
49
43
15
 9
33
 3
34
13
          0.777429
          0.757818
          0.980871
           0.56334
         -0.917064
          0.968813
          -1.32092
        -0.0689731
          0.686452
            0.6458
         -0.199483
          0.506349
            -1.171
          0.330907
          0.415967
           1.16844
          0.348438
          -0.31028
           -1.0339
          0.713644
         -0.395898
         -0.142562
         -0.225339
           -1.1132
          0.720619
           0.29969
         -0.176274
          0.418929
##################### ACCEPTABLE SUBNET NUMBER: 3  #########################
           2.63607
 9
18
40
12
 6
47
49
 5
11
34
 6
45
33
50
27
30
 4
          0.724523
          0.534703
          0.343819
          0.158572
          -1.65907
          -1.35205
         -0.386404
         -0.145951
         -0.798504
          -0.33209
          0.011608
         -0.958281
          0.322722
          0.210543
          0.498556
          0.192152
         -0.341037
         -0.039275
##################### ACCEPTABLE SUBNET NUMBER: 4  #########################
           2.65114
 5
18
16
42
25
 1
 1
14
          0.825552
          0.865253
          0.855957
          0.805375
           1.25152
         -0.730171
        -0.0162158
         0.0948223
           1.05092
##################### ACCEPTABLE SUBNET NUMBER: 5  #########################
          0.976091
 4
33
 1
 9
32
 2
28
 2
          0.567936
          0.266058
          0.248303
         0.0810037
          -1.40317
         -0.628909
         -0.626448
          0.659472
          0.934631
##################### ACCEPTABLE SUBNET NUMBER: 6  #########################
           2.61449
 8
46
16
 1
15
23
 5
13
25
11
30
 7
41
35
 2
42
32
36
34
21
 9
          0.131025
         0.0822296
         -0.445462
          0.239604
         -0.179145
         -0.402933
          -1.42588
         -0.661693
          -1.43418
         -0.451651
         -0.278543
          -1.49054
          -1.00362
           -2.2688
           -1.0992
          0.492882
          -1.93887
          -1.45352
          -1.02204
          -1.32578
         -0.274726
         -0.591487
##################### ACCEPTABLE SUBNET NUMBER: 7  #########################
           2.71471
 9
30
 1
25
 7
12
 9
35
13
41
10
29
28
17
 8
36
20
23
15
48
 4
        -0.0693237
        -0.0483743
          0.704253
             1.721
         -0.855142
           1.21468
          0.063985
          -1.34103
          0.645675
         -0.685581
          -2.29984
         -0.490529
           1.44955
          0.633596
          0.844709
         -0.248165
          -1.48298
          -1.20004
         -0.133651
         -0.359669
         -0.704639
         -0.953689
##################### ACCEPTABLE SUBNET NUMBER: 8  #########################
           1.31471
 4
25
17
 1
40
 3
28
 4
10
          0.583932
          0.295005
          0.378041
          0.224423
         -0.377334
         -0.840914
          -1.63796
          0.832689
         -0.144814
         -0.824815
##################### ACCEPTABLE SUBNET NUMBER: 9  #########################
           2.47199
 6
33
18
32
46
29
41
 7
36
24
19
35
10
12
27
          0.890251
          0.928084
          0.503945
           1.07905
           1.22504
          0.455651
         -0.171464
         -0.350959
         -0.758379
         -0.267274
           1.01697
          0.243893
       -0.00440684
          0.567579
          -1.54949
         0.0357045
##################### ACCEPTABLE SUBNET NUMBER: 10  #########################
           2.90443
 0
 4
13
21
17
50
          0.534976
          0.516771
          0.542326
           0.61651
          0.369874
         -0.587266
          0.554447
##################### ACCEPTABLE SUBNET NUMBER: 11  #########################
           2.86183
 5
46
40
12
 9
49
 5
21
 3
45
24
 6
           1.77161
           1.79056
           1.21679
            1.8798
          0.180281
           1.09699
          0.150229
           0.39253
           1.82696
           -1.4604
           1.49761
          0.748028
         -0.524834
##################### ACCEPTABLE SUBNET NUMBER: 12  #########################
           2.80638
 4
33
 2
30
47
 3
35
14
11
         0.0093826
         0.0512034
         -0.552418
          0.823649
       -0.00110218
         -0.263147
          0.173485
          -1.10697
          0.408296
         0.0430382
##################### ACCEPTABLE SUBNET NUMBER: 13  #########################
           1.09371
 4
36
33
39
 6
 1
28
          0.310942
       -0.00630628
          0.118773
         -0.598771
         -0.577868
         0.0816105
         0.0984272
          0.598816
##################### ACCEPTABLE SUBNET NUMBER: 14  #########################
           2.79594
 6
 7
33
 6
46
29
50
 2
21
43
         0.0861008
          0.121627
        -0.0970206
           1.01675
          0.717956
         0.0031128
           0.33961
          -1.41844
         -0.158269
          0.278775
          0.429766
##################### ACCEPTABLE SUBNET NUMBER: 15  #########################
          0.711489
 2
39
 1
 5
20
33
 8
50
28
           0.23861
           0.10844
         -0.114593
          0.412338
           0.58867
          0.171066
          0.305968
          0.593646
        -0.0871246
          0.577559
##################### ACCEPTABLE SUBNET NUMBER: 16  #########################
           2.12467
 3
 1
47
21
 4
45
44
37
 3
         -0.524434
          -1.78555
         -0.311529
          0.296728
         -0.366936
          -1.58574
        -0.0553438
         0.0415491
         -0.778776
          -1.58574
##################### ACCEPTABLE SUBNET NUMBER: 17  #########################
           2.04005
 5
42
13
47
50
 4
 9
35
48
17
33
 6
31
 9
45
24
          0.728715
          0.197911
        -0.0592976
         0.0806071
          -1.77767
         -0.586503
         -0.693713
          -1.17162
           0.20228
          0.101391
           0.18924
        -0.0904031
         -0.963521
          -3.57505
         -0.189801
         -0.972568
          -1.80889
##################### ACCEPTABLE SUBNET NUMBER: 18  #########################
           1.28925
 4
34
24
 2
14
 3
28
43
46
          0.486624
        -0.0561227
         0.0376612
         -0.168105
         0.0348807
         -0.172758
         -0.517367
           0.55673
         -0.427002
         -0.093517
##################### ACCEPTABLE SUBNET NUMBER: 19  #########################
           1.96188
 3
39
 1
 7
 3
50
36
31
         -0.203529
         -0.248069
          0.127409
          0.499374
          0.844451
          0.796299
          0.597428
          -1.58639
         -0.466889
##################### ACCEPTABLE SUBNET NUMBER: 20  #########################
           2.93897
 6
44
21
25
 1
 3
11
 2
14
 7
          0.948099
          0.971639
           1.10979
         -0.519126
          -0.21514
         -0.573465
         0.0244071
          0.117662
         -0.409703
           1.29831
          -1.32448
##################### ACCEPTABLE SUBNET NUMBER: 21  #########################
           1.32874
 2
 8
 9
 6
28
 1
41
17
20
16
          0.546937
         0.0703124
         0.0711238
        -0.0311904
         -0.379128
          0.566537
         -0.519537
        -0.0717295
         -0.850197
         -0.259613
         -0.496951
##################### ACCEPTABLE SUBNET NUMBER: 22  #########################
           2.07821
 6
42
 5
19
15
 2
36
13
 3
48
32
18
34
20
21
30
22
 9
10
25
44
          0.767683
          0.568467
         0.0966061
          0.370404
          0.346379
         -0.742111
         -0.540799
         -0.603567
          -2.02689
          0.546223
          0.288308
         -0.641951
          -0.01801
          -2.35332
          0.192353
         -0.836295
         -0.803662
         -0.185647
         -0.864517
         -0.835154
         -0.409666
          -1.15618
##################### ACCEPTABLE SUBNET NUMBER: 23  #########################
            2.7342
 3
16
32
 7
 4
38
24
 1
21
         0.0906783
          0.129771
         -0.816095
           1.01305
          0.175431
          0.450722
          0.269683
        -0.0789294
        -0.0114068
         -0.751456
##################### ACCEPTABLE SUBNET NUMBER: 24  #########################
           2.76171
 1
 2
 1
23
          0.486136
          0.479083
          0.318608
         -0.864517
          0.429427
##################### ACCEPTABLE SUBNET NUMBER: 25  #########################
            2.3734
 3
16
32
 2
 2
43
21
         0.0563897
         0.0953408
         -0.458015
           1.02907
          0.406449
          0.146013
           0.35409
         -0.501818
##################### ACCEPTABLE SUBNET NUMBER: 26  #########################
           2.62578
 1
16
 2
15
13
          0.281728
          0.322221
         -0.732449
           1.21522
          0.485985
         0.0239421
##################### ACCEPTABLE SUBNET NUMBER: 27  #########################
           2.76282
 7
19
46
 8
43
15
 7
16
 6
 3
34
48
23
11
14
          0.306632
          0.301259
         -0.316791
          0.365075
          0.540223
         -0.205963
         -0.670199
          -2.00334
         -0.350894
          -1.36883
          0.493295
          0.329023
          0.191356
         0.0959152
         -0.403659
         -0.910033
##################### ACCEPTABLE SUBNET NUMBER: 28  #########################
           2.80584
 6
18
 7
48
46
30
39
 2
 4
15
        -0.0196003
         0.0157877
           0.37747
           1.04401
          0.814539
         -0.739704
         0.0660722
         -0.322177
           -1.9935
          0.638465
         -0.322177
##################### ACCEPTABLE SUBNET NUMBER: 29  #########################
           1.32642
 8
30
 1
33
14
23
38
13
22
 6
 4
 6
29
 7
12
11
          0.441421
          0.393521
          0.454531
          0.635647
           1.19659
          0.626729
         -0.312799
        -0.0608868
         -0.485256
         -0.641338
          -1.23469
          0.491118
           1.12074
          0.704859
          0.426517
          0.581578
          -1.98823
##################### ACCEPTABLE SUBNET NUMBER: 30  #########################
           2.65527
10
34
 7
23
 9
43
46
31
 2
47
 8
 7
44
20
18
12
25
28
36
           1.96674
           1.75891
           1.70634
          -0.44774
           1.79163
          0.525685
           1.07232
           1.05898
           1.42715
          0.311754
          -0.42245
           1.76505
            1.2657
           2.02592
          0.528092
         -0.116816
          0.700808
          0.218026
         -0.362651
         -0.975329
##################### ACCEPTABLE SUBNET NUMBER: 31  #########################
            2.8282
 7
42
43
11
 6
 3
25
18
11
47
 4
36
34
27
10
17
21
35
20
37
           1.52376
           1.51629
           1.57064
          -1.16074
          0.514689
          0.352495
         -0.221359
         0.0852964
          0.637026
          -1.35149
          -1.16752
           1.64328
           1.57626
           1.42075
          0.132423
         -0.478124
        -0.0933164
        -0.0967235
         -0.630528
          0.170287
        -0.0321381
##################### ACCEPTABLE SUBNET NUMBER: 32  #########################
           1.76599
 2
 1
24
 5
17
18
10
15
30
         -0.143522
          -0.19085
          0.234029
          0.611999
         0.0981442
           0.48789
          0.113654
         -0.946269
          0.167032
         -0.551961
##################### ACCEPTABLE SUBNET NUMBER: 33  #########################
           2.69754
10
46
30
41
23
49
 2
20
37
10
11
 6
 8
45
21
47
 6
25
           1.25645
           1.28142
          0.979961
          0.635519
           1.77176
           1.48468
         -0.807346
         0.0291587
          -2.25256
            1.0336
          -1.01549
         -0.891827
         -0.749505
           1.71863
           1.16518
         -0.101365
          -1.59452
         -0.993398
          -1.30545
##################### ACCEPTABLE SUBNET NUMBER: 34  #########################
           2.22911
 4
32
46
 3
49
 7
12
21
39
17
50
18
 8
           1.97343
           1.98105
           1.82184
           1.07954
          0.736404
           1.53848
          -0.69856
          0.906275
           1.75723
          0.331648
           1.99668
         -0.844406
          0.320363
         -0.529485
##################### ACCEPTABLE SUBNET NUMBER: 35  #########################
           2.66778
 2
30
39
 2
19
 4
         -0.174886
         -0.912736
         -0.487021
          0.160015
         -0.221079
         -0.258771
           -1.0405
##################### ACCEPTABLE SUBNET NUMBER: 36  #########################
           2.59442
 8
 8
38
11
29
 9
44
31
13
12
22
42
50
39
37
18
24
30
33
41
27
34
             1.807
           1.72481
           1.54349
           0.56909
           1.29493
           0.99745
        -0.0412382
         -0.200003
         -0.923628
          0.168427
           -1.6599
           1.61412
           1.29514
           1.64569
          0.601365
         -0.206923
           1.24769
          0.187738
        -0.0746426
         -0.679754
          0.820521
          0.253018
          -1.28444
##################### ACCEPTABLE SUBNET NUMBER: 37  #########################
           1.61826
 1
31
 6
34
36
28
41
 7
50
          0.753715
          0.403027
          0.783258
         -0.596815
         -0.356744
         -0.412406
           1.25575
           0.12145
         -0.998527
          0.409567
##################### ACCEPTABLE SUBNET NUMBER: 38  #########################
           2.23443
 1
 4
 4
17
21
33
12
          0.207666
          0.172725
          0.962789
          0.915814
            1.1817
          0.692481
          0.816786
         -0.431382
##################### ACCEPTABLE SUBNET NUMBER: 39  #########################
           2.26586
 2
46
13
 7
28
 7
10
17
15
43
33
           1.04331
            1.0247
           1.02199
         0.0982545
         -0.732637
           -1.0268
          0.353302
          -1.26516
           1.17215
          0.986916
         -0.428142
          0.843646
##################### ACCEPTABLE SUBNET NUMBER: 40  #########################
           2.75518
 4
17
16
 5
 3
 7
23
32
46
 7
 8
34
27
        -0.0455904
       -0.00729911
         -0.284432
         0.0480229
           1.66652
         -0.678468
         -0.703468
          0.914753
         -0.229083
          -1.42982
        -0.0429607
         -0.635289
         -0.645289
         -0.126051
##################### ACCEPTABLE SUBNET NUMBER: 41  #########################
           2.27125
 2
18
14
 5
13
50
 2
 6
17
           1.81257
           1.79675
           1.26161
          -1.13899
         0.0847289
          0.963196
           1.22343
          0.621072
           1.19874
           1.41043
##################### ACCEPTABLE SUBNET NUMBER: 42  #########################
          0.962604
 5
 1
 5
24
 4
33
 2
 2
21
          0.601486
          0.278714
           1.03217
           0.32869
         -0.780524
           1.10645
           0.65854
        -0.0932838
           1.84614
           1.20201
##################### ACCEPTABLE SUBNET NUMBER: 43  #########################
           1.96042
 4
39
 6
 1
10
 4
21
20
37
18
          0.589879
          0.604525
           0.25455
          0.804381
           0.71064
         -0.484104
          0.203505
          0.737244
          0.852525
         -0.365421
          0.225638
##################### ACCEPTABLE SUBNET NUMBER: 44  #########################
            2.5638
 1
16
 6
50
15
45
28
36
12
           1.18639
           1.02886
          0.821486
         -0.357532
          0.964619
          0.525229
          0.850138
          0.303634
           0.29068
         -0.734472
##################### ACCEPTABLE SUBNET NUMBER: 45  #########################
           1.65989
 2
17
 4
 6
 9
 2
48
11
14
36
          0.187756
         -0.254915
         0.0343045
        -0.0824679
        -0.0458955
          -2.37848
          0.849626
          -0.67493
         -0.333495
        -0.0750711
          -1.89133
##################### ACCEPTABLE SUBNET NUMBER: 46  #########################
           1.78683
 2
24
12
10
14
32
20
18
40
16
46
31
41
 5
           1.76804
           1.51977
           1.71355
         -0.371001
           0.42222
           2.01153
           1.68124
           1.65716
            1.8049
           1.32198
         -0.599061
          0.445136
         -0.610626
          -2.43986
          -0.96969
##################### ACCEPTABLE SUBNET NUMBER: 47  #########################
           2.51987
 1
33
 1
28
           1.93983
            1.5072
           1.13806
          -1.01371
           1.64063
##################### ACCEPTABLE SUBNET NUMBER: 48  #########################
           2.60299
 1
28
 6
18
27
 3
 2
29
41
           1.62685
           1.57241
          0.265959
          -1.71784
          0.259029
          0.390252
        -0.0880883
           -2.2109
         -0.125826
         -0.122535
##################### ACCEPTABLE SUBNET NUMBER: 49  #########################
          0.906533
 3
11
27
21
 6
 2
 6
13
48
36
17
          0.166331
         -0.431077
         0.0409549
          0.111373
         -0.423976
          -0.48625
          0.904494
         -0.148378
          -1.26808
           0.11177
          0.147274
         0.0650463
##################### ACCEPTABLE SUBNET NUMBER: 50  #########################
           2.58466
 1
 5
 2
17
41
          0.686367
          0.195056
        -0.0873727
          -0.89923
           0.20544
          -1.68395
##################### ACCEPTABLE SUBNET NUMBER: 51  #########################
           2.61179
 3
33
 1
25
 4
36
14
45
19
        -0.0636708
        -0.0274352
          -1.06428
          0.828356
          -0.11598
          0.708607
          0.481811
          -2.64606
          -1.04604
          0.112569
##################### ACCEPTABLE SUBNET NUMBER: 52  #########################
           2.60506
 1
 1
 3
 4
18
47
          0.774905
          -1.67431
         -0.617929
         -0.249859
         -0.656635
         -0.285358
         -0.284058
##################### ACCEPTABLE SUBNET NUMBER: 53  #########################
           2.73352
 5
49
 1
14
28
17
 4
43
 2
20
32
         -0.704865
          -1.52843
          0.310573
          0.493393
           1.06516
          0.516562
           0.31334
          -0.11825
          0.848784
         -0.750138
         -0.839106
          0.318271
##################### ACCEPTABLE SUBNET NUMBER: 54  #########################
           2.43798
 3
 9
35
34
 6
 3
23
50
21
18
19
           1.52798
           1.53241
           1.30499
          0.525149
          0.445904
         -0.732126
           1.37634
          0.578363
         -0.274147
           1.04593
           1.30354
            1.2878
##################### ACCEPTABLE SUBNET NUMBER: 55  #########################
           2.59722
 5
31
32
25
19
 6
 8
17
 2
14
47
23
43
30
12
         0.0390457
         0.0781322
         -0.222527
         -0.237284
          0.490155
          0.482445
         -0.282309
         -0.614159
          0.291944
         -0.252272
         -0.269761
         -0.772706
          -0.66035
          -1.22041
         -0.422177
          -1.47261
##################### ACCEPTABLE SUBNET NUMBER: 56  #########################
           1.31243
 4
30
47
 5
 4
 8
36
21
20
33
41
50
12
31
          0.778276
          0.273169
         -0.111193
        -0.0303676
        -0.0294823
         -0.877755
         -0.247674
        -0.0303524
         -0.908402
           0.38164
         -0.248121
          -2.32401
          -1.60649
         -0.993346
          -1.56406
##################### ACCEPTABLE SUBNET NUMBER: 57  #########################
           2.73473
 3
48
13
 7
 5
14
40
17
15
 8
          0.844561
          0.878666
          0.789855
          0.966334
          0.649366
          0.870041
            1.0513
          -1.30094
          -1.29632
         -0.294223
         -0.472082
##################### ACCEPTABLE SUBNET NUMBER: 58  #########################
           2.86482
 6
48
42
 1
 3
37
30
 6
38
12
20
34
31
50
           0.22152
          0.251952
           1.36609
          0.631611
            1.7756
          0.377615
          -1.59834
          0.138073
          0.757087
          0.540695
           1.67719
          0.250783
          0.371138
          0.141919
         -0.574528
##################### ACCEPTABLE SUBNET NUMBER: 59  #########################
           1.29895
 1
42
 1
28
          0.796706
          0.396496
          0.471622
          0.377921
          0.976098
##################### ACCEPTABLE SUBNET NUMBER: 60  #########################
           2.61675
 6
42
39
18
 7
44
47
12
24
33
34
32
 2
10
28
 1
13
25
31
50
           1.46533
           1.45106
          0.764402
            1.2085
           1.28295
         0.0346004
         -0.500001
         -0.322896
         -0.597911
           1.32741
            1.0647
           1.06643
         -0.305301
         -0.595459
          0.341024
          0.473637
         -0.554735
            0.7405
          0.172608
          0.137226
          -1.19967
##################### ACCEPTABLE SUBNET NUMBER: 61  #########################
           2.80097
 2
32
14
 9
29
33
 3
27
49
37
24
18
22
           1.27118
           1.24473
           1.22481
           0.73647
          0.280384
          -1.46437
            1.1074
           1.33109
         -0.493342
           0.28556
           1.06064
         0.0499435
          -1.64041
         -0.785408
##################### ACCEPTABLE SUBNET NUMBER: 62  #########################
           2.41263
 1
 1
 1
27
         -0.311133
          -1.41072
         -0.278685
           0.14933
       -0.00199952
##################### ACCEPTABLE SUBNET NUMBER: 63  #########################
            2.7063
 2
41
25
 4
42
13
49
27
          0.714497
          0.513211
         -0.667582
          0.142998
           0.18129
          0.192719
         -0.254233
         -0.967364
        -0.0991561
##################### ACCEPTABLE SUBNET NUMBER: 64  #########################
           2.56402
 6
47
19
35
 5
45
48
 8
50
44
 6
24
15
25
34
31
           1.94157
           1.84788
           1.37767
         -0.349636
          0.509918
          0.361179
          -0.79981
         -0.901578
          0.186654
           1.49134
           1.24767
          0.985622
          -1.39068
           1.35971
          0.959241
           0.92432
         -0.950617
##################### ACCEPTABLE SUBNET NUMBER: 65  #########################
           2.22571
 4
35
 5
10
31
 5
17
21
34
 9
22
           1.41883
           1.41862
           1.22831
          0.760605
          0.982185
         -0.873636
           1.10238
           1.43331
           1.19548
         -0.350648
          -1.89952
          -1.16766
##################### ACCEPTABLE SUBNET NUMBER: 66  #########################
           2.87606
 2
33
16
 4
40
44
20
14
        -0.0336714
        0.00349599
          -1.23625
          0.783257
         0.0968137
        -0.0619556
          0.265095
           -1.0207
          -2.74571
##################### ACCEPTABLE SUBNET NUMBER: 67  #########################
           2.83205
 7
 1
42
 4
16
11
13
19
15
36
 6
 3
18
 7
22
29
17
28
15
10
44
12
30
 8
          0.976751
          0.941574
          0.647092
          0.583909
         -0.757588
          0.577508
          -2.11225
        -0.0869869
         -0.312543
          0.219053
          0.705492
          -1.50764
        -0.0121271
         -0.512144
          0.379679
         -0.203748
          0.791309
         -0.204982
         0.0701293
         -0.119182
         -0.869422
          -1.09821
         -0.333425
         -0.442162
          -1.01524
##################### ACCEPTABLE SUBNET NUMBER: 68  #########################
            2.5991
 6
16
48
47
34
19
32
 4
 2
14
21
23
           1.15783
           1.19551
             0.844
            1.3052
          0.897982
         -0.648873
         -0.432566
          0.221117
         -0.602675
           1.30455
           1.05392
           0.68987
          -1.33372
##################### ACCEPTABLE SUBNET NUMBER: 69  #########################
           2.76369
 3
 6
43
 1
 3
19
41
24
         -0.218796
          -1.32917
          -0.28824
          0.211681
         -0.443815
         -0.912213
          0.336105
         -0.284414
         -0.891316
##################### ACCEPTABLE SUBNET NUMBER: 70  #########################
           2.58884
 2
20
24
11
31
40
41
12
17
 2
50
36
37
25
34
           1.90355
           1.90646
           1.85982
         -0.805522
          0.719377
           1.71134
         -0.139848
         -0.339077
           1.70872
           2.00593
         0.0122945
         -0.989605
          0.261811
           1.77255
         -0.212277
            1.3179
##################### ACCEPTABLE SUBNET NUMBER: 71  #########################
           2.31469
 6
19
 3
45
41
42
40
13
29
16
17
49
12
 2
34
11
15
28
25
50
20
          0.559546
          0.467057
          0.616338
          0.742581
         0.0928556
         0.0531093
          -2.41115
          0.464413
          0.498154
          0.901728
          0.421167
          0.753665
         -0.230556
         0.0815966
         -0.876643
          0.437514
          -1.86101
         -0.270151
         0.0489669
          -1.48886
          0.456609
          0.458018
##################### ACCEPTABLE SUBNET NUMBER: 72  #########################
           2.01463
 4
 7
39
38
13
 9
18
17
50
 9
14
48
35
 5
10
          0.724643
          0.637064
          0.266752
          0.240045
          -1.08838
         0.0791829
         -0.159194
          0.291565
          0.435507
          0.289992
          0.419417
          -1.62868
         -0.360625
         -0.869887
          -1.31206
         -0.108292
##################### ACCEPTABLE SUBNET NUMBER: 73  #########################
             2.735
 4
46
42
12
43
 8
15
44
17
31
25
20
 6
35
          0.323481
          0.347995
         -0.389752
           0.39279
          0.440279
          -1.28059
         -0.919093
          0.359057
          -1.75938
         -0.326249
          -1.25052
         -0.185082
          -1.08768
         0.0181257
        -0.0230481
##################### ACCEPTABLE SUBNET NUMBER: 74  #########################
           2.73876
 2
10
16
 0
          0.346971
          0.382294
         -0.791132
          0.412458
           0.72488
##################### ACCEPTABLE SUBNET NUMBER: 75  #########################
           2.71309
 2
30
10
 1
15
        -0.0195619
          -1.21641
          -0.54341
         0.0719115
          -1.26797
         -0.881717
##################### ACCEPTABLE SUBNET NUMBER: 76  #########################
           2.37297
 3
16
 6
 9
 2
43
10
         0.0523668
         0.0917185
          -1.09196
           1.13993
        -0.0333728
          0.067048
           0.46493
          -3.06075
##################### ACCEPTABLE SUBNET NUMBER: 77  #########################
           1.84876
 5
39
 6
 7
23
24
 1
28
          0.082664
         0.0144573
         -0.839055
          0.271519
          0.152319
        -0.0770653
         -0.448265
         -0.515566
          0.424849
##################### ACCEPTABLE SUBNET NUMBER: 78  #########################
           2.41835
 6
15
47
19
 4
35
49
13
50
32
 9
17
12
 6
30
36
48
11
44
 3
22
          0.554845
          0.506606
           0.58324
          0.225997
          0.159065
          -1.55847
          0.272726
          0.200496
          0.103695
          0.598359
         0.0606831
        -0.0182609
          0.732436
         -0.406633
          -1.71032
          0.306512
          0.529172
         -0.418933
          -1.25759
          -0.60114
          -1.67818
          -1.82346
##################### ACCEPTABLE SUBNET NUMBER: 79  #########################
           2.66804
 4
25
22
48
13
 3
20
46
16
          0.544705
          0.551157
          0.590391
          0.604498
          0.182164
         0.0898621
         -0.509342
          0.843119
         -0.113382
          -2.59163
##################### ACCEPTABLE SUBNET NUMBER: 80  #########################
           2.70324
 1
11
 4
23
 6
50
32
          0.481367
          0.482247
          0.649993
            0.1531
          0.752895
         -0.948876
          0.528831
         0.0362523
##################### ACCEPTABLE SUBNET NUMBER: 81  #########################
           2.55307
 1
48
 7
36
17
37
41
46
23
14
           1.41262
           1.40532
           1.43583
         -0.702884
           1.44177
           1.57666
            1.0731
          0.838809
          0.492434
          -1.20362
       -0.00429511
##################### ACCEPTABLE SUBNET NUMBER: 82  #########################
           2.69552
 1
22
 3
23
50
35
          0.620516
          0.617059
          0.869904
         -0.840473
          0.983478
          0.774043
           -1.5124
##################### ACCEPTABLE SUBNET NUMBER: 83  #########################
            2.4885
 5
16
18
33
30
49
 2
 5
24
          0.706658
          0.745963
         0.0549191
           1.58647
          0.983172
          0.877469
          0.486557
          -1.78442
          0.704397
           1.00746
##################### ACCEPTABLE SUBNET NUMBER: 84  #########################
           2.72443
 6
39
12
48
19
29
36
11
 8
31
 3
49
32
34
25
15
 7
14
30
           1.70701
           1.72511
           1.35606
            2.0706
         0.0561105
           1.15718
           1.31263
         -0.600993
          -1.20305
           1.97268
           1.09914
         -0.511675
          -1.63063
          0.195981
           1.90334
          0.601075
          -1.03766
           1.17959
          0.793115
          -1.10898
##################### ACCEPTABLE SUBNET NUMBER: 85  #########################
           2.58735
 1
 7
 1
17
          0.176405
          0.195914
          0.859616
          0.415034
           1.02384
##################### ACCEPTABLE SUBNET NUMBER: 86  #########################
           2.95305
 2
30
 7
 0
         -0.150825
          -1.10139
         -0.440034
          0.131055
          -1.03192
##################### ACCEPTABLE SUBNET NUMBER: 87  #########################
           1.73562
 0
 1
 2
          0.239173
        -0.0994647
          0.042154
          0.794731
##################### ACCEPTABLE SUBNET NUMBER: 88  #########################
           2.58054
 7
38
 8
10
33
 1
19
18
 5
 4
30
45
23
17
          0.693723
          0.621403
          0.193467
          0.459624
          0.467811
           0.22135
          -2.33815
         -0.277954
          0.309895
         -0.493279
          0.615887
          0.152751
           0.44334
          -1.15232
          -1.92217
##################### ACCEPTABLE SUBNET NUMBER: 89  #########################
           2.19692
 5
25
24
19
 4
22
 4
23
18
 9
35
          0.317731
           0.21817
          0.173552
          0.125679
           0.42659
          0.197037
         -0.718676
         -0.720783
           0.48095
          0.167864
          -1.02352
         -0.944797
##################### ACCEPTABLE SUBNET NUMBER: 90  #########################
           1.22305
 1
 1
 1
28
           0.25577
        -0.0186185
          0.308459
          0.290703
          0.750148
##################### ACCEPTABLE SUBNET NUMBER: 91  #########################
           2.47573
 7
16
30
44
 1
 8
50
42
 1
20
          0.704254
          0.743087
          0.864568
           1.41039
           -1.2488
          0.484148
          -1.52296
        0.00301116
         -0.266427
          0.265208
           1.10857
##################### ACCEPTABLE SUBNET NUMBER: 92  #########################
            1.7351
 6
46
 9
19
43
 6
42
 6
28
 3
36
 8
 7
21
           0.20653
          0.142315
         -0.434988
          0.567002
        -0.0884395
          0.344712
          0.166942
        -0.0651387
          -1.05841
          0.775678
         0.0330518
          -1.69962
          -1.20331
         -0.147431
        -0.0481784
##################### ACCEPTABLE SUBNET NUMBER: 93  #########################
           2.37574
 5
29
50
27
30
45
 5
 6
13
49
18
46
           1.54534
           1.54636
           1.23943
         -0.376528
           1.11573
          0.553041
          -1.58128
         0.0410226
           1.14351
           1.37379
         0.0137107
           1.23492
         -0.639861
##################### ACCEPTABLE SUBNET NUMBER: 94  #########################
            2.9809
10
 5
32
39
 4
42
22
 2
34
 9
31
14
40
17
15
43
14
33
19
37
49
24
41
44
23
 8
           1.52349
           1.54359
           1.14924
          0.107789
           1.54519
          0.972289
          0.690842
          0.472537
          0.376163
          -0.38036
         0.0131594
        0.00773539
          0.708857
         -0.294942
          0.331893
           1.23513
           1.08664
          0.290274
           1.27565
          0.739192
          0.921663
         -0.735896
         -0.836747
           0.75741
        -0.0887124
          0.796009
          0.635905
##################### ACCEPTABLE SUBNET NUMBER: 95  #########################
           2.75347
 0
 3
23
41
10
          0.674035
          0.440691
         0.0313667
           0.19961
         -0.309489
         -0.130768
##################### ACCEPTABLE SUBNET NUMBER: 96  #########################
           1.00908
 0
 3
 2
46
28
          0.246214
          0.047308
          0.613341
           1.26865
         -0.100142
          0.958394
##################### ACCEPTABLE SUBNET NUMBER: 97  #########################
           2.45184
10
 6
40
 1
10
15
37
46
27
 4
20
 6
44
49
30
 2
25
21
          0.132519
         -0.780878
         -0.213793
          -1.10752
         -0.798484
         -0.051379
          -1.65114
          -1.26972
            -1.264
          -1.43528
          -1.43602
         -0.766117
         -0.750738
        -0.0302275
         -0.709799
         -0.817777
          0.457096
          -1.43473
         -0.749523
##################### ACCEPTABLE SUBNET NUMBER: 98  #########################
           1.36654
 5
21
11
49
19
18
 8
10
50
 2
37
45
31
32
36
          0.406321
          0.119234
          0.364155
         -0.471666
          0.200375
        0.00911983
          -2.41897
         -0.552963
          -0.76421
          0.209617
           1.11451
         -0.807772
          0.398893
          -2.37692
          0.232094
         -0.553548
##################### ACCEPTABLE SUBNET NUMBER: 99  #########################
           2.35264
 3
46
35
 8
 4
 2
18
25
50
          0.076386
         0.0875425
         -0.585504
          0.405083
         -0.508939
         -0.172444
          0.730851
         -0.361942
         -0.274535
         -0.518801
##################### ACCEPTABLE SUBNET NUMBER: 100  #########################
           2.88632
 0
 4
14
17
20
33
          0.905788
          0.924706
          0.536043
          0.719458
          0.428965
          0.163814
          -1.05227
----------Number of Acceptable Subnets found: 100 -----------
----------END FOR GENE 26 -----------
