File open successful. It contains: 
Finished reading file, will close now.
File x_dt open successful.
Finished reading file x_dt, will close now.
File sd_d open successful.
Finished reading file sd_d, will close now.
--------START FOR GENE 32 -----------
 Values arranged as error, n_ka, gene ids for ka, n_kd, gene ids for kd,
 r0, d, ea, ka_values, kd_values for each subnet. 
##################### ACCEPTABLE SUBNET NUMBER: 1  #########################
          0.743231
 9
39
35
11
18
19
 7
 9
37
36
 1
 2
           0.18605
         -0.409137
         -0.160959
         -0.104798
        -0.0660329
         -0.485953
         -0.316477
         -0.494936
         -0.676222
          -1.27371
         -0.941474
         -0.890797
          0.719512
##################### ACCEPTABLE SUBNET NUMBER: 2  #########################
           2.58925
 3
46
23
47
 2
27
41
           0.69904
          0.626764
          0.161838
          0.195984
         -0.637092
         -0.359982
          0.278485
         0.0555641
##################### ACCEPTABLE SUBNET NUMBER: 3  #########################
           2.31832
 3
26
22
39
 4
44
18
38
30
           1.02384
           1.02941
           1.01794
           1.21286
         -0.061353
          -1.05662
           1.14359
         -0.873377
         0.0205234
          0.785321
##################### ACCEPTABLE SUBNET NUMBER: 4  #########################
           1.17335
 4
26
24
29
42
 1
43
        -0.0560903
        -0.0368305
         -0.527296
          0.877341
         -0.663427
          -1.72716
          -1.72716
        -0.0231099
##################### ACCEPTABLE SUBNET NUMBER: 5  #########################
           2.25781
 5
26
24
47
18
49
 6
44
16
39
 2
20
 4
           1.69948
           1.68478
           1.73665
           1.84312
          0.630312
          0.800713
          0.626371
           1.19821
           1.87323
           1.20168
           1.18692
            2.0395
           0.37959
          0.354588
##################### ACCEPTABLE SUBNET NUMBER: 6  #########################
           2.20152
 3
26
38
22
 6
43
28
25
 7
41
46
          0.786922
          0.787028
          0.563061
          0.839331
          0.467935
         -0.500545
          0.748877
          0.213221
         -0.777959
          0.481936
         -0.275305
          0.174381
##################### ACCEPTABLE SUBNET NUMBER: 7  #########################
           1.75273
 1
26
 3
38
40
12
         -0.254637
         -0.249402
         -0.871951
          0.877287
         -0.510771
         -0.476666
         -0.603433
##################### ACCEPTABLE SUBNET NUMBER: 8  #########################
           2.20279
12
36
10
14
 5
38
13
45
47
 4
37
49
26
 7
44
 6
17
19
15
 7
18
            1.9471
           1.95044
           1.97869
          -0.29417
          0.331974
         -0.408052
          -1.10825
         -0.121963
         -0.945673
          0.888755
          -1.32415
          0.691283
         -0.461449
          0.338855
          -1.16869
         0.0888506
         -0.722491
           2.08431
          0.268421
           1.88173
           1.09181
           1.43014
##################### ACCEPTABLE SUBNET NUMBER: 9  #########################
           1.64843
 3
 6
11
43
 5
 3
49
20
34
 9
          0.466902
          0.279639
         0.0903934
          0.378639
          0.194498
         -0.662744
          0.450618
         -0.911549
          0.398983
        -0.0573562
          0.177154
##################### ACCEPTABLE SUBNET NUMBER: 10  #########################
          0.829357
 2
42
 7
 7
27
44
33
43
 2
18
31
           0.64583
          0.414371
          0.442623
         -0.689482
        -0.0811023
          0.366756
          0.297136
         -0.645012
         -0.724412
           1.20312
         -0.523146
         0.0744852
##################### ACCEPTABLE SUBNET NUMBER: 11  #########################
           1.43415
 1
26
 0
        -0.0160642
         0.0196216
         -0.594779
          0.828883
##################### ACCEPTABLE SUBNET NUMBER: 12  #########################
          0.741597
 2
39
48
 2
28
 2
         0.0215488
         0.0421073
         0.0248055
          0.651122
         -0.493385
           -1.7229
           0.87363
##################### ACCEPTABLE SUBNET NUMBER: 13  #########################
           2.00502
 9
26
42
25
 2
29
23
13
22
40
 8
27
15
28
33
11
45
30
18
           1.08132
           1.09906
          0.755716
           1.02131
           1.09184
         -0.318182
          -2.07625
          -0.55531
          0.265973
          -1.12793
          -1.51909
         -0.481375
           1.04094
          0.276856
          -0.41313
          0.627305
          -1.46876
          -1.42584
          0.736244
          0.428205
##################### ACCEPTABLE SUBNET NUMBER: 14  #########################
          0.964083
 2
26
18
 7
27
34
21
37
41
13
 4
         0.0753384
         0.0852243
         -0.331681
          0.755672
          0.713157
          0.204425
          0.565359
         -0.544748
         -0.168482
         -0.123229
          -2.54161
          -0.35489
##################### ACCEPTABLE SUBNET NUMBER: 15  #########################
           2.03664
 3
26
17
14
 6
44
28
20
12
33
 8
           1.41817
           1.33488
          0.937782
           1.07223
         0.0379427
          0.394732
           1.09339
         0.0344321
          0.851556
         -0.183315
          0.953371
          0.186057
##################### ACCEPTABLE SUBNET NUMBER: 16  #########################
           1.28059
 2
26
17
 0
        0.00792394
          0.030793
         -0.496739
          0.829514
          -1.21381
##################### ACCEPTABLE SUBNET NUMBER: 17  #########################
           1.03396
 5
 6
11
30
41
31
 8
27
20
10
33
 9
48
50
 7
        -0.0333989
         -0.631712
         -0.113006
          0.157595
         0.0475836
        -0.0407832
         -0.599963
         -0.634278
         -0.213057
           0.41888
         -0.461577
         -0.613954
         -0.411558
          -1.67802
         -0.356982
         -0.953608
##################### ACCEPTABLE SUBNET NUMBER: 18  #########################
           1.27708
 1
26
 1
 5
       -0.00289817
         0.0206653
         -0.528336
          0.833327
         -0.522584
##################### ACCEPTABLE SUBNET NUMBER: 19  #########################
          0.987939
 4
 1
16
49
12
 7
44
30
28
36
35
14
19
           0.78035
          0.463913
          0.284714
          0.385233
          0.149618
         -0.897047
         -0.756274
           0.39929
          0.426325
          0.715349
        -0.0907562
         -0.374757
          0.205802
         -0.660062
##################### ACCEPTABLE SUBNET NUMBER: 20  #########################
           1.66005
 3
26
42
25
 2
 9
 8
          0.472104
          0.491943
         -0.304076
          0.757444
          0.351831
         -0.162479
          0.624002
          0.081117
##################### ACCEPTABLE SUBNET NUMBER: 21  #########################
           1.63643
 2
25
30
 1
27
         0.0484224
         0.0633709
          0.433878
           1.11193
          0.289415
          0.853955
##################### ACCEPTABLE SUBNET NUMBER: 22  #########################
            1.0544
 2
26
12
 3
27
44
 2
        -0.0574157
        -0.0363218
          -1.11898
          0.976033
         -0.563371
          -1.57159
           0.15286
          0.183389
##################### ACCEPTABLE SUBNET NUMBER: 23  #########################
          0.818535
 6
41
43
35
34
 1
14
 9
 2
31
30
17
 6
44
40
49
 8
           1.84706
           1.60866
            1.4486
         -0.184001
          -1.17497
          -2.40294
         -0.741486
          0.224617
          -3.02937
           2.21303
         -0.815179
         -0.220212
           1.44562
           1.41136
          0.624575
          0.646949
          0.858756
          -1.07969
##################### ACCEPTABLE SUBNET NUMBER: 24  #########################
           2.28914
10
26
38
49
43
48
47
31
41
19
42
11
44
46
40
29
24
17
33
16
 1
 6
12
           1.68203
            1.6695
           1.62034
           1.73999
           1.09636
         -0.420372
          0.342338
           -1.1614
         -0.637535
          -1.66351
         0.0569954
           1.33257
          -1.22891
            1.7619
          0.567734
          -1.23199
          -0.17776
           1.38506
          -1.00925
          -0.57951
          0.146971
          -1.44284
         -0.536269
         -0.710557
##################### ACCEPTABLE SUBNET NUMBER: 25  #########################
           1.32425
 1
26
 0
        -0.0321537
       -0.00805759
         -0.495907
          0.837067
##################### ACCEPTABLE SUBNET NUMBER: 26  #########################
           1.09507
 5
26
16
18
41
27
 6
44
49
35
 4
25
47
          0.259919
          0.287785
         -0.229152
          0.656228
        -0.0887486
          0.691674
         -0.412748
          -1.86536
          0.307453
         -0.550493
         -0.240831
         -0.179083
         -0.905046
          -1.78864
##################### ACCEPTABLE SUBNET NUMBER: 27  #########################
           2.51094
 4
42
38
 2
18
 2
27
44
           1.80673
           1.74435
           1.78362
           1.28344
         0.0863926
          0.889449
          0.456943
           1.76251
           1.89341
##################### ACCEPTABLE SUBNET NUMBER: 28  #########################
           2.03955
 2
 7
 4
 6
44
33
46
11
34
15
           2.09586
           1.85613
           1.08948
           1.05299
         -0.129657
             1.302
           1.04328
          0.817667
          -1.27926
          -2.64461
         -0.751008
##################### ACCEPTABLE SUBNET NUMBER: 29  #########################
           1.02837
 7
26
30
 6
16
47
36
18
 6
28
 9
48
41
 8
 1
           1.76402
           1.68813
           1.48917
           1.73833
           1.29641
           1.58973
          0.926317
         -0.910376
           1.15105
         -0.123352
           1.98348
        -0.0106302
          0.436985
          -1.13715
         -0.584137
          0.294441
##################### ACCEPTABLE SUBNET NUMBER: 30  #########################
           1.14632
 4
26
 9
34
21
 1
28
         0.0318284
         0.0563572
         -0.650912
           0.84799
          -1.17293
         -0.560576
          -1.24418
          0.108078
##################### ACCEPTABLE SUBNET NUMBER: 31  #########################
            1.2966
 2
26
24
 0
         0.0704846
         0.0965166
          -1.00545
          0.821455
          -1.04346
##################### ACCEPTABLE SUBNET NUMBER: 32  #########################
           2.33979
 9
26
48
34
12
49
38
 6
 8
19
 7
27
44
43
 2
33
15
21
           1.07466
           1.07598
          0.958815
           1.14291
          0.619397
        0.00766172
         -0.767447
           0.78967
          0.560585
        -0.0835572
         -0.201966
          -2.60036
          0.660222
           1.11001
         -0.549643
          0.302778
          0.322044
          0.262186
         -0.919146
##################### ACCEPTABLE SUBNET NUMBER: 33  #########################
           1.92509
 4
27
 6
 5
31
 6
44
20
41
19
 7
12
            1.5498
           1.49847
           1.45196
          0.722736
           1.14625
         -0.100833
           0.56185
           1.48022
           1.64507
          0.726808
         0.0348348
          0.352193
         -0.394411
##################### ACCEPTABLE SUBNET NUMBER: 34  #########################
            2.6465
 2
26
18
 4
27
 7
20
23
          0.829006
          0.847057
          0.348273
          0.585222
         -0.770468
          0.429019
         -0.425368
          0.113501
          -1.93026
##################### ACCEPTABLE SUBNET NUMBER: 35  #########################
           2.51926
11
46
21
42
 3
18
34
31
17
23
 9
11
16
27
44
33
45
 6
36
16
43
47
19
20
38
28
41
50
39
           0.13379
         0.0764611
          0.344918
           1.72811
           1.67519
         0.0250385
         -0.235425
         -0.841607
         -0.450519
          -0.66985
          0.621314
          0.385338
          -1.95739
           1.36183
           1.64139
        -0.0916935
           1.52985
           1.18009
         0.0252029
          0.184239
           1.05864
         -0.299384
         -0.524624
          0.078003
          -1.45219
          0.838905
           0.68553
          0.235517
          0.364928
           0.52761
##################### ACCEPTABLE SUBNET NUMBER: 36  #########################
           2.39379
 3
33
40
48
 3
 8
39
20
          0.224374
          0.245953
           -0.5916
          0.759234
         -0.861794
          -2.58934
          0.357384
         0.0171908
          -2.57934
##################### ACCEPTABLE SUBNET NUMBER: 37  #########################
          0.971305
 1
26
 2
44
36
        -0.0321436
       -0.00867674
         -0.586472
           1.74139
          0.959727
         -0.389025
##################### ACCEPTABLE SUBNET NUMBER: 38  #########################
           1.65003
 8
26
 8
38
35
15
13
44
25
 3
14
18
20
           1.44393
           1.43915
            1.2004
             1.409
          0.239013
          0.361705
           0.42408
           1.23878
          0.150053
          0.789089
          -0.83891
           1.47073
           1.29991
          0.703683
##################### ACCEPTABLE SUBNET NUMBER: 39  #########################
           1.30313
 1
26
 0
        0.00197761
         0.0268851
           -1.0822
          0.837802
##################### ACCEPTABLE SUBNET NUMBER: 40  #########################
           1.97499
 9
26
43
25
35
12
29
 9
 6
11
 4
44
41
28
18
           1.77686
            1.7686
           1.74815
           1.94533
          0.853611
          0.848931
          0.293838
          0.416863
         -0.349113
           -0.7648
           1.81092
         -0.314726
           1.96289
          0.152812
          -1.76688
           1.06629
##################### ACCEPTABLE SUBNET NUMBER: 41  #########################
           1.26128
 3
26
12
48
 0
         0.0041936
          0.027122
         -0.820022
          0.830921
           -1.9471
           -1.3923
##################### ACCEPTABLE SUBNET NUMBER: 42  #########################
          0.746121
 4
26
37
15
 7
 1
 2
          0.180116
          0.189038
           0.46009
           0.74617
          -1.64034
         -0.907212
          -1.29936
           1.11853
##################### ACCEPTABLE SUBNET NUMBER: 43  #########################
           1.98639
 2
35
25
 2
18
28
          0.132819
        -0.0774009
          0.212732
          -1.38997
         -0.749678
        -0.0245649
           0.57827
##################### ACCEPTABLE SUBNET NUMBER: 44  #########################
           1.30975
 2
26
50
 1
 2
        -0.0735175
        -0.0542174
         -0.846595
          0.840324
         -0.538878
          -1.07987
##################### ACCEPTABLE SUBNET NUMBER: 45  #########################
           1.42568
 7
26
 6
29
16
 1
35
50
 5
44
 9
21
34
24
          0.405589
          0.420547
        -0.0618763
          0.659634
          0.427549
          -1.10759
         -0.554113
         -0.308024
          -1.57572
         -0.377909
          0.463718
          0.308836
         -0.482138
         -0.473061
         -0.191772
##################### ACCEPTABLE SUBNET NUMBER: 46  #########################
           2.31424
 3
26
37
 7
 7
27
44
18
25
39
16
49
           1.46393
           1.45432
           1.41359
           1.51686
          0.854036
          0.230447
           1.23222
           1.54137
           1.10021
          0.340442
          0.309225
          -2.33371
         -0.623171
##################### ACCEPTABLE SUBNET NUMBER: 47  #########################
           2.59217
 5
26
23
16
34
25
 8
27
 8
28
18
30
44
 3
15
           1.41145
           1.42706
            1.1284
           1.29997
          0.699036
         -0.378624
         -0.257661
          -0.78259
           1.21714
       -0.00364014
          0.267742
          0.907183
         -0.925176
         -0.947355
          -0.82695
         -0.924599
##################### ACCEPTABLE SUBNET NUMBER: 48  #########################
           1.97532
 0
 2
10
28
          0.546046
           0.26928
           0.25003
         -0.496714
           0.66991
##################### ACCEPTABLE SUBNET NUMBER: 49  #########################
            1.2895
 6
26
11
29
39
27
18
 0
         0.0179931
         0.0415352
          -1.60986
          0.829175
         -0.882731
         -0.879373
         -0.496192
          -1.59114
          -1.50944
##################### ACCEPTABLE SUBNET NUMBER: 50  #########################
          0.989646
 4
26
18
16
42
 7
44
15
 2
34
41
 1
14
          0.187193
          0.213358
         -0.172763
          0.711018
          0.720919
         -0.292418
          -1.06296
          0.336224
          -1.80273
          -1.77592
          -1.23513
          -1.91739
          -1.31707
          -2.17612
##################### ACCEPTABLE SUBNET NUMBER: 51  #########################
           2.28212
 0
 2
27
17
          0.829055
          0.732419
          0.152794
          0.163303
          0.259108
##################### ACCEPTABLE SUBNET NUMBER: 52  #########################
           1.28239
 3
26
 1
 7
 0
        0.00774764
         0.0310316
         -0.481672
          0.828387
         -0.507222
         -0.858103
##################### ACCEPTABLE SUBNET NUMBER: 53  #########################
            1.4894
 2
 8
38
 3
34
20
31
           1.04225
           0.86521
           0.14212
        -0.0553044
         -0.411284
          0.101522
          0.412174
         -0.633427
##################### ACCEPTABLE SUBNET NUMBER: 54  #########################
           2.29588
 3
39
30
48
 2
10
42
          0.119756
          -1.27909
         -0.535778
          -1.43987
        -0.0022751
         -0.601071
          -1.44521
         -0.680597
##################### ACCEPTABLE SUBNET NUMBER: 55  #########################
           1.29789
 1
26
 0
         0.0415602
         0.0662301
         -0.840007
          0.826855
##################### ACCEPTABLE SUBNET NUMBER: 56  #########################
            2.4806
 2
48
39
 2
27
 7
           1.13025
           1.14677
           1.37161
           1.68174
          -1.14662
           1.58111
           0.65607
##################### ACCEPTABLE SUBNET NUMBER: 57  #########################
          0.713148
 8
26
35
21
40
17
18
39
10
 3
 2
48
14
          -0.25797
         -0.247595
          -1.46111
           1.08026
         -0.324468
         -0.686086
         -0.293681
         -0.483776
          0.825077
          0.242774
          0.154291
          0.883905
         -0.141507
         -0.647089
##################### ACCEPTABLE SUBNET NUMBER: 58  #########################
           2.25952
12
26
15
14
43
48
20
40
37
49
 4
 3
41
 9
44
33
45
30
 6
16
28
38
21
           1.02144
           1.00225
          0.947656
           1.08007
           0.11223
          -1.36224
         -0.626082
          -1.31662
         -0.853456
          -1.02713
         -0.379356
         0.0563216
         -0.644605
          -1.22367
        -0.0270759
            1.0838
          0.792525
         -0.697405
          -1.70297
          -1.28183
          0.373938
         -0.697229
          -1.01616
        -0.0700942
##################### ACCEPTABLE SUBNET NUMBER: 59  #########################
           2.58168
10
26
41
38
 3
30
33
13
27
17
22
 4
44
34
16
18
           1.75717
           1.73407
           1.40629
           1.06572
           1.72068
           0.88046
        -0.0192221
           1.31073
          0.978876
          0.454302
         -0.218379
        -0.0602028
           1.03778
           1.62593
           1.02298
          -1.17842
          -0.10745
##################### ACCEPTABLE SUBNET NUMBER: 60  #########################
           1.48106
 4
26
22
35
18
 5
27
44
 2
14
40
         -0.368494
          -1.28649
          0.234064
            1.1136
           1.44259
          0.329628
           1.09911
            -1.275
          -0.64756
           2.11833
             1.223
          0.106095
##################### ACCEPTABLE SUBNET NUMBER: 61  #########################
           1.03173
 1
26
 5
44
47
 7
 2
13
         0.0268174
         0.0521578
         -0.204161
           1.06668
          0.285795
           -1.6317
          -1.62262
          0.233708
          -1.41245
##################### ACCEPTABLE SUBNET NUMBER: 62  #########################
            2.0831
 2
26
 6
 1
28
          0.686874
           0.73764
           0.12001
            1.3858
           0.31602
          0.900558
##################### ACCEPTABLE SUBNET NUMBER: 63  #########################
           2.42066
 3
30
 1
 5
 1
27
        0.00842298
         -0.492712
         -0.130981
           0.20282
         -0.738264
          -1.05599
          0.110092
##################### ACCEPTABLE SUBNET NUMBER: 64  #########################
           1.32232
 2
26
49
 2
45
16
          0.061994
         0.0873786
         -0.532239
           1.06374
         -0.667841
          0.229799
         -0.844768
##################### ACCEPTABLE SUBNET NUMBER: 65  #########################
            2.9047
 6
21
 7
 5
41
28
49
11
27
29
26
15
11
 2
22
16
45
38
35
           1.89718
            1.8907
           1.72545
           1.36876
           1.29256
          0.407404
           1.24045
         -0.623348
           -1.5387
           1.80778
           1.14543
          0.034349
          0.701426
          0.457468
         -0.049704
          0.467777
          -1.55866
         -0.471732
         -0.540352
         -0.544484
##################### ACCEPTABLE SUBNET NUMBER: 66  #########################
           1.52184
 3
 9
39
16
 9
49
28
 1
45
47
30
37
 2
20
          0.911096
          0.503792
          0.699153
          0.947988
         0.0739035
          0.504272
          -1.00075
           1.20569
          0.681619
          0.143078
         -0.946653
         -0.689591
         -0.539761
         -0.390152
          -1.02245
##################### ACCEPTABLE SUBNET NUMBER: 67  #########################
           1.41592
 1
26
 0
         0.0985144
          0.129171
         -0.383685
          0.819072
##################### ACCEPTABLE SUBNET NUMBER: 68  #########################
          0.666684
 1
26
 1
 2
         0.0919151
          0.127811
         -0.250787
           1.02902
          0.793797
##################### ACCEPTABLE SUBNET NUMBER: 69  #########################
            1.2924
 6
42
46
10
 4
41
27
 3
43
18
28
          0.513408
          0.211444
          0.118712
          0.110518
         -0.174985
         -0.599896
          -1.11497
         -0.859325
         -0.770436
          0.220539
         -0.882427
           0.53629
##################### ACCEPTABLE SUBNET NUMBER: 70  #########################
           1.28668
 1
26
 0
         0.0113825
          0.034771
          -1.23844
          0.830569
##################### ACCEPTABLE SUBNET NUMBER: 71  #########################
           2.31421
 7
26
34
 3
38
11
19
23
 3
44
21
30
           1.35558
           1.35041
           1.34078
            1.4722
          0.656249
          0.154667
         -0.646904
         -0.468595
          -1.91651
          0.403045
           1.47266
           1.02899
         -0.014273
##################### ACCEPTABLE SUBNET NUMBER: 72  #########################
            2.2843
 7
26
15
42
11
 6
19
43
 5
44
 7
20
29
 4
           1.71428
           1.68977
           1.55744
           1.77396
           1.61436
          0.268009
           1.20353
          0.743616
          0.388623
         -0.363555
           1.80579
         -0.541666
           1.08551
         -0.722202
         -0.660573
##################### ACCEPTABLE SUBNET NUMBER: 73  #########################
           2.53312
 7
 7
46
 9
39
34
13
16
 9
27
44
48
15
 4
 8
29
10
36
          0.875539
          0.816541
          0.818962
          -0.45916
          0.717003
          -1.06431
         -0.799472
          -1.29417
          -2.47929
          0.163001
          0.729985
          0.947307
          0.326002
          0.460283
         -0.642831
          0.386202
          0.387285
         -0.687752
         0.0302578
##################### ACCEPTABLE SUBNET NUMBER: 74  #########################
          0.675659
 2
43
 4
 2
27
 2
           0.78015
          0.414355
         0.0842305
          -1.49185
         -0.913676
          0.126833
          0.864985
##################### ACCEPTABLE SUBNET NUMBER: 75  #########################
           1.26161
 2
26
30
 1
17
       -0.00861818
         0.0130446
          -1.11095
           0.83277
          -1.62222
          -1.54853
##################### ACCEPTABLE SUBNET NUMBER: 76  #########################
          0.955445
 3
 1
26
 7
 3
35
 9
20
          0.467011
          0.491887
         -0.168776
          0.630231
          0.654236
         -0.225937
          0.404429
          -1.05021
          0.405942
##################### ACCEPTABLE SUBNET NUMBER: 77  #########################
           2.56847
 1
 7
 3
44
26
 5
           1.09404
          0.968739
          0.237762
          0.130284
          0.403475
          -1.13116
          -1.80541
##################### ACCEPTABLE SUBNET NUMBER: 78  #########################
           2.55099
10
 2
20
33
42
47
35
 7
21
 9
26
 6
44
10
11
24
 1
49
           1.72008
           1.63604
           1.62953
           1.15996
           1.08262
          0.375408
           1.32935
           1.04278
           1.04482
          0.592123
          0.334691
         -0.573795
           1.15696
           1.78961
           0.12125
          -1.19617
         -0.821807
            1.2664
          -1.53473
##################### ACCEPTABLE SUBNET NUMBER: 79  #########################
           2.55167
 8
46
48
17
40
 9
 3
26
 1
12
27
44
45
 2
42
30
34
41
15
 8
21
16
           1.69223
           1.59915
           1.67703
          0.952347
         -0.185028
          0.901042
          0.643917
          -0.18235
          -0.24176
          0.506679
         -0.965513
          0.381138
           1.84154
          0.498059
          0.570732
          0.443108
          0.447926
         -0.628467
         0.0400775
         -0.739698
          -0.53098
          -1.03886
          -1.52374
##################### ACCEPTABLE SUBNET NUMBER: 80  #########################
           2.04775
 1
40
 3
28
29
11
           1.54069
           0.23266
         -0.254487
         -0.470741
          0.431251
         -0.341346
         -0.528465
##################### ACCEPTABLE SUBNET NUMBER: 81  #########################
           2.04023
 1
46
 7
44
39
13
 9
24
 1
23
            1.8003
           1.47048
           1.25527
           1.09255
           1.49528
           1.28107
         -0.805666
          0.621941
          0.660795
           0.23103
          -1.17038
##################### ACCEPTABLE SUBNET NUMBER: 82  #########################
           1.90262
 5
26
16
20
38
22
 1
15
         -0.284272
         -0.279215
         -0.492208
          0.879795
          0.220638
         -0.771577
         -0.440483
         -0.392914
         -0.378869
##################### ACCEPTABLE SUBNET NUMBER: 83  #########################
           1.63724
 5
26
45
23
11
27
 5
28
35
 8
34
21
          0.562658
          0.566346
          0.759431
           1.06456
          -1.63505
         -0.872494
          -3.24717
         -0.967584
           1.11073
         -0.277962
         -0.861507
         -0.590568
          -1.02799
##################### ACCEPTABLE SUBNET NUMBER: 84  #########################
           1.26182
 3
26
43
46
 3
24
38
37
       -0.00867548
          0.014039
          -1.04691
          0.834194
          -2.16826
         -0.959996
         -0.492015
         -0.978201
         -0.835804
##################### ACCEPTABLE SUBNET NUMBER: 85  #########################
           1.88988
 2
 1
39
 4
27
 3
23
40
         -0.330991
           -1.1858
         -0.217249
          0.201283
         -0.639176
         0.0924472
         -0.645779
         -0.647812
         -0.983083
##################### ACCEPTABLE SUBNET NUMBER: 86  #########################
           2.34445
 1
26
13
27
44
18
21
11
 6
29
41
25
48
33
43
38
           1.29085
           1.28125
           1.27049
           1.37292
           1.14169
           1.38749
           0.48551
          -1.59191
         -0.994827
         -0.814937
         -0.513002
         -0.212153
          0.600745
          -2.33211
          0.778735
         -0.881677
         -0.138439
##################### ACCEPTABLE SUBNET NUMBER: 87  #########################
           1.74601
 5
49
 1
29
34
26
 0
         -0.269401
          -2.10486
         -0.683321
         -0.653175
         0.0672662
         -0.602518
          -1.59089
          -0.48265
##################### ACCEPTABLE SUBNET NUMBER: 88  #########################
           2.57385
 4
14
37
26
 1
 8
44
 9
43
31
38
17
 8
25
           1.31124
            1.2256
          0.979587
         0.0946747
         0.0918518
        -0.0603525
         -0.982681
           1.13651
         -0.120525
         -0.324418
          -1.30107
         -0.891657
          -1.34962
          -1.58326
          -1.08365
##################### ACCEPTABLE SUBNET NUMBER: 89  #########################
           2.06458
 5
26
13
36
49
16
 7
28
17
25
11
 7
 6
41
        0.00688024
         -0.232622
          0.153204
         -0.800801
        -0.0988925
          -1.18149
         -0.194744
          -1.23798
           0.51965
         -0.233854
          -1.72165
         -0.921373
         -0.285264
         -0.933615
          -1.24468
##################### ACCEPTABLE SUBNET NUMBER: 90  #########################
          0.824628
 4
 1
 2
24
46
 6
27
15
 7
39
34
29
          -0.11188
          -0.20847
          0.857604
           1.38148
          -1.63734
          -1.63934
         -0.173673
           1.16784
          0.372721
          -1.67921
          -1.18044
          -1.17294
          -1.63934
##################### ACCEPTABLE SUBNET NUMBER: 91  #########################
           1.85085
 4
26
23
 1
50
 8
46
36
22
30
13
 6
 7
25
           1.21636
           1.25238
         -0.689661
           1.84603
         -0.375115
          0.518008
          0.406437
           1.40369
          -1.00098
          -1.06287
        -0.0127666
          -2.54917
          -1.34606
        -0.0693871
         -0.547721
##################### ACCEPTABLE SUBNET NUMBER: 92  #########################
           1.36553
 2
26
 7
 0
         -0.103005
         -0.086518
         -0.482215
          0.845013
         0.0659744
##################### ACCEPTABLE SUBNET NUMBER: 93  #########################
           2.21983
 2
46
16
 7
27
44
38
40
 9
 2
 4
           1.63481
           1.55304
           1.26547
           1.24808
         -0.779779
          0.706396
           1.42474
         -0.865207
          0.148082
           1.45043
          0.702373
          -1.27576
##################### ACCEPTABLE SUBNET NUMBER: 94  #########################
           2.28231
 3
26
20
21
 3
44
34
17
           1.67284
           1.66296
           1.56042
           1.67228
          0.425994
         0.0647369
           1.69648
           1.29196
          0.954554
##################### ACCEPTABLE SUBNET NUMBER: 95  #########################
           1.63676
 3
26
 6
10
 3
 8
42
19
           1.49404
           1.37942
         -0.590497
          0.148399
        -0.0355412
          -2.15818
         -0.879979
          -1.06888
          -1.11708
##################### ACCEPTABLE SUBNET NUMBER: 96  #########################
           1.28461
 2
26
14
 0
        -0.0361756
        -0.0149872
         -0.536254
          0.836307
         -0.990482
##################### ACCEPTABLE SUBNET NUMBER: 97  #########################
          0.893327
 2
16
 1
 2
44
34
          0.138823
          0.163264
         -0.612375
           1.00116
          0.543813
          0.404505
          -0.23022
##################### ACCEPTABLE SUBNET NUMBER: 98  #########################
           1.26644
 2
26
18
 2
50
46
         0.0362645
         0.0557198
         -0.630158
          0.968513
         -0.478938
          -1.27809
          0.436118
##################### ACCEPTABLE SUBNET NUMBER: 99  #########################
            2.4258
 3
26
28
37
 1
44
           1.84964
           1.78709
           1.01581
          0.909965
          0.539394
         -0.157182
           1.16881
##################### ACCEPTABLE SUBNET NUMBER: 100  #########################
            1.2235
 4
33
 6
34
12
 8
44
28
41
 5
39
18
19
 2
           1.30837
          0.903692
           1.12032
          0.959506
        -0.0481756
          -1.55571
          -1.12098
           1.17182
           1.58848
           1.09936
         -0.479934
          0.173557
         -0.847613
          0.632329
          -1.76036
----------Number of Acceptable Subnets found: 100 -----------
----------END FOR GENE 32 -----------
--------START FOR GENE 33 -----------
 Values arranged as error, n_ka, gene ids for ka, n_kd, gene ids for kd,
 r0, d, ea, ka_values, kd_values for each subnet. 
##################### ACCEPTABLE SUBNET NUMBER: 1  #########################
           2.63637
 7
39
 6
28
49
40
25
44
 5
31
15
30
 9
32
          0.417489
         0.0457943
         -0.635869
         0.0158975
           0.11192
          -1.02697
         -0.882783
         -0.628643
         -0.175979
         -0.503603
          0.115675
         -0.739267
           0.18044
         -0.458026
         -0.477121
##################### ACCEPTABLE SUBNET NUMBER: 2  #########################
           2.98276
10
30
19
39
 5
20
35
23
42
21
 2
 2
47
 3
         -0.422451
          -2.11636
         -0.372497
          -1.14878
         -0.159028
         -0.874768
         -0.496858
         -0.335978
         -0.826625
          -1.75984
         -0.826876
          -1.76001
          -1.62481
          -1.60184
          -1.27727
##################### ACCEPTABLE SUBNET NUMBER: 3  #########################
            2.9925
 7
 5
 7
25
30
40
34
 8
 1
20
          0.178318
         0.0164726
        -0.0234981
          0.136672
        -0.0110714
        -0.0365274
         -0.207226
         -0.318878
        0.00212374
         0.0819152
          0.346437
##################### ACCEPTABLE SUBNET NUMBER: 4  #########################
           2.66194
 2
37
26
 7
41
28
27
25
11
21
 9
          0.234272
          -1.10217
         -0.302385
         0.0485115
          -1.09002
         -0.323227
          0.569407
         -0.934676
         -0.581567
         -0.537378
         -0.747747
          -1.76929
##################### ACCEPTABLE SUBNET NUMBER: 5  #########################
          0.871876
 7
18
49
44
15
28
48
 3
 6
 2
39
10
29
45
 8
           1.86316
           1.62032
          0.925652
           1.21334
         -0.844237
          0.409364
        -0.0534022
          -2.59921
           1.01151
           0.16349
           1.73174
           1.06666
          0.799752
         -0.464455
          0.531929
          0.498641
##################### ACCEPTABLE SUBNET NUMBER: 6  #########################
           2.08392
 3
18
 6
32
10
41
 9
14
10
 8
46
21
24
47
20
          0.576265
          0.199321
          0.209159
          0.324736
          0.332835
         -0.666273
           0.37153
          0.647864
          0.510749
          -2.87947
          -0.28108
          -1.33201
         -0.456796
          0.310318
         -0.460242
        -0.0609936
##################### ACCEPTABLE SUBNET NUMBER: 7  #########################
           2.72406
 7
16
10
31
50
32
 1
37
 6
26
20
 8
21
19
46
          0.746857
          0.571895
         -0.713152
          0.189858
          0.317578
          0.275318
         -0.192101
         -0.641636
         -0.844771
         0.0882199
         0.0244588
          0.516318
          -0.27113
         -0.017141
          -1.88549
          -1.07956
##################### ACCEPTABLE SUBNET NUMBER: 8  #########################
          0.733264
 1
39
 3
 2
46
16
           1.34931
          0.678416
          0.848721
           1.03458
           1.72436
           1.20495
           1.03724
##################### ACCEPTABLE SUBNET NUMBER: 9  #########################
           2.31286
10
 7
38
 6
18
36
11
 1
40
 4
41
 2
28
30
          0.960517
          0.533398
          0.425463
          0.434948
           0.52456
           0.50271
          0.594879
          -1.19829
          -1.29382
         -0.327259
         -0.802101
          -1.26469
         -0.197518
           1.04179
          0.210074
##################### ACCEPTABLE SUBNET NUMBER: 10  #########################
           2.79648
 4
25
 1
11
41
 3
 5
14
17
           0.15203
          0.138467
         -0.234927
          0.723058
          0.898475
         0.0219723
         -0.235262
           0.60615
          -2.15158
          0.546604
##################### ACCEPTABLE SUBNET NUMBER: 11  #########################
           2.58347
 7
39
18
16
26
45
13
10
21
19
29
46
41
44
49
36
 7
 4
37
20
34
40
15
17
 6
23
47
14
24
21
          0.683869
          0.563465
          0.240098
          0.989138
           1.11173
          0.423999
          -1.04768
         -0.803484
         -0.153314
          -1.17522
          0.342593
          0.682789
            0.9636
          0.515294
        -0.0159083
         -0.522128
         -0.206617
         -0.385688
          -1.73645
          -1.01564
         -0.411039
          -1.30859
          -1.20595
          -1.22254
          -1.40947
          -0.68607
          -1.10936
          -1.14938
          0.502203
         -0.148133
          0.376231
##################### ACCEPTABLE SUBNET NUMBER: 12  #########################
           2.69123
12
19
10
42
34
27
13
46
12
11
49
 9
 1
11
37
43
16
 8
31
21
32
50
20
29
 4
           1.93758
           1.66615
          0.868067
           1.02247
           1.10408
           1.12519
          0.409707
           0.04859
          -0.26713
         -0.296173
          0.459692
         -0.909235
            0.6299
         -0.501078
       -0.00867493
          0.099422
           1.28313
          0.902335
           1.13998
         -0.880811
          0.550168
         -0.589091
         0.0720777
         -0.227355
         -0.207408
          -1.50401
##################### ACCEPTABLE SUBNET NUMBER: 13  #########################
           2.00398
 5
18
16
 1
29
12
 4
21
 2
 6
42
           1.18568
           1.21603
          0.778988
           1.87354
           1.54932
         -0.715746
          -1.65363
           1.08525
           1.45262
           2.06596
          0.306718
          0.308475
##################### ACCEPTABLE SUBNET NUMBER: 14  #########################
           2.96162
 2
18
25
 2
44
28
          0.290932
          0.327875
         -0.143625
          0.724929
          0.518722
         0.0686855
          0.568205
##################### ACCEPTABLE SUBNET NUMBER: 15  #########################
           2.60054
 7
16
 1
37
18
14
 7
31
 2
43
41
          0.135378
          0.162883
          -1.75716
          0.732316
          0.897755
         -0.964623
          0.925912
         0.0765367
          0.446039
          -1.52693
          0.692543
         0.0760639
##################### ACCEPTABLE SUBNET NUMBER: 16  #########################
            1.1797
 3
 6
47
 7
 5
46
20
30
 2
43
           1.43757
          0.661593
          0.911174
           1.08648
          0.897823
          0.530951
           1.15767
            1.4783
           1.27615
           1.14179
         -0.245934
##################### ACCEPTABLE SUBNET NUMBER: 17  #########################
           1.72318
 9
 7
 9
 3
31
 6
13
44
16
40
 6
 2
30
41
39
27
 8
          0.324139
          0.211533
          0.369773
          0.469194
         -0.246295
           -1.7738
        -0.0644332
          -1.43202
         -0.118967
         -0.384617
          -1.25144
           -1.5037
           1.01994
          0.324865
          0.377082
         -0.184536
          -0.44155
         -0.371716
##################### ACCEPTABLE SUBNET NUMBER: 18  #########################
           1.87491
 5
 7
23
10
39
17
11
 2
31
41
35
 3
19
24
25
50
 8
34
        -0.0675393
         -0.144276
           0.85982
          0.999392
         0.0630784
          -1.33371
          0.692579
          -2.25267
           1.42512
         -0.973262
          0.888136
         -0.348073
         -0.985242
         -0.310421
          -1.73024
          0.684624
          0.385711
         -0.290034
          0.427086
##################### ACCEPTABLE SUBNET NUMBER: 19  #########################
          0.866802
 7
18
 9
48
41
14
34
 8
 7
46
21
 2
29
16
40
45
           1.47878
           1.45128
          0.360649
           1.08449
         -0.245752
          0.814785
           0.19289
         -0.264177
         -0.272694
          -1.19539
          0.650941
          0.719845
           1.34617
         -0.166619
          0.415554
         -0.638735
          -1.22378
##################### ACCEPTABLE SUBNET NUMBER: 20  #########################
            2.9362
 7
34
42
29
23
 4
27
 7
 8
37
13
22
20
47
30
18
46
           1.85868
           1.56525
        -0.0884321
        -0.0318339
         0.0270926
         -0.730557
          -2.62381
         -0.487031
         -0.436656
         -0.568491
         -0.479836
         -0.822831
          -1.76746
          0.193863
          -0.53425
         0.0475103
         -0.128533
         -0.420663
##################### ACCEPTABLE SUBNET NUMBER: 21  #########################
           2.82381
 3
32
18
16
 2
26
38
          0.283687
           0.13525
         -0.447862
          0.329943
          0.426132
          0.131267
          0.335097
          -1.26088
##################### ACCEPTABLE SUBNET NUMBER: 22  #########################
           2.26783
 1
37
 2
42
 2
         -0.120999
         -0.820599
         -0.169728
         0.0537502
         -0.133593
          0.723254
##################### ACCEPTABLE SUBNET NUMBER: 23  #########################
           3.41715
 7
 1
 5
11
23
39
28
41
 6
48
20
18
43
31
14
           1.46213
           1.27167
          0.576698
        -0.0282161
          0.816326
        -0.0842994
          0.703396
          0.796805
         -0.385907
         -0.724384
         -0.125017
          0.795463
         -0.308604
           1.02487
         -0.635039
          0.412887
##################### ACCEPTABLE SUBNET NUMBER: 24  #########################
           4.80195
 1
 1
 3
 5
40
42
          -0.61051
          -1.01658
        -0.0338641
          0.570539
          -1.08874
          0.255017
          -1.25831
##################### ACCEPTABLE SUBNET NUMBER: 25  #########################
           4.76549
 2
10
25
 2
11
26
          0.212707
          0.237208
          -0.74412
          0.659452
           0.80294
          0.478395
           0.27032
##################### ACCEPTABLE SUBNET NUMBER: 26  #########################
           4.00316
 5
46
34
11
47
 7
 4
15
28
48
38
          0.367247
         -0.023877
         -0.444285
        -0.0884641
        -0.0224737
         -0.532263
        -0.0284923
         -0.507887
         -0.931918
          0.320983
          -1.78771
          -1.80087
##################### ACCEPTABLE SUBNET NUMBER: 27  #########################
           5.29059
 2
 1
39
 5
31
14
29
12
20
          0.501321
           0.55625
          0.475357
          0.767768
         -0.102641
          0.246275
         -0.816249
          -1.83722
          -2.10189
          0.684323
##################### ACCEPTABLE SUBNET NUMBER: 28  #########################
           4.57812
 3
26
12
 7
 3
28
16
20
           1.42917
           1.51106
        -0.0792943
           1.45371
          0.108051
         -0.429589
           0.90103
         -0.999149
         -0.215685
##################### ACCEPTABLE SUBNET NUMBER: 29  #########################
           5.79602
 5
34
 9
 8
29
35
 2
36
14
          0.337318
          0.246486
         0.0669117
          0.516797
          0.994856
          0.544773
         -0.477747
         -0.392729
          0.688239
         -0.469047
##################### ACCEPTABLE SUBNET NUMBER: 30  #########################
           4.99048
 2
 4
27
 1
 2
          0.928069
        -0.0133259
         -0.229139
          -1.08258
         -0.938101
          0.560677
##################### ACCEPTABLE SUBNET NUMBER: 31  #########################
            3.5354
10
12
50
34
10
40
17
 7
 5
26
37
 3
 2
28
39
          0.424557
          0.402101
          0.699262
          0.219209
          -0.22995
         -0.649056
        -0.0528542
         -0.124508
          -1.02612
          0.837881
         -0.185937
          -2.21418
          0.602774
           1.37967
          -1.11286
         -0.840554
##################### ACCEPTABLE SUBNET NUMBER: 32  #########################
            5.9499
 7
30
26
 2
16
 6
15
49
 5
 8
43
22
40
12
          0.475005
          0.545805
          0.130439
          0.963895
          0.697508
         -0.341492
           1.28021
          0.138506
          -1.29426
          -1.55083
          0.730051
          0.377828
           0.54881
          -1.46554
         -0.790731
##################### ACCEPTABLE SUBNET NUMBER: 33  #########################
           4.70687
 4
 7
30
26
37
 6
38
14
 5
41
 8
 2
           1.41565
           1.46851
           0.47192
           1.14873
           1.20801
           0.94887
        -0.0770644
         -0.803177
          0.980344
         -0.705527
          0.838759
          -1.63566
          0.240041
##################### ACCEPTABLE SUBNET NUMBER: 34  #########################
           5.66543
 1
12
 1
17
         -0.286663
          -1.88817
         -0.373419
        -0.0841072
          0.121413
##################### ACCEPTABLE SUBNET NUMBER: 35  #########################
            5.8862
 2
34
 6
 1
28
         -0.488433
          -1.42604
         -0.225152
          -1.26127
        -0.0357735
         -0.240633
##################### ACCEPTABLE SUBNET NUMBER: 36  #########################
           5.68885
 5
26
 5
 9
28
34
12
45
42
 2
14
 6
47
12
44
18
22
 4
37
           1.87522
           1.95703
            1.5639
           2.84941
          0.299116
         -0.394998
          -1.31135
        0.00306439
           1.99114
         -0.389627
         -0.532416
         -0.518444
           0.21246
          0.748197
          0.628182
          0.449836
          0.618911
          0.118798
         -0.192176
          -0.69096
##################### ACCEPTABLE SUBNET NUMBER: 37  #########################
             5.806
 3
22
38
45
 2
35
23
         -0.981435
          -1.28352
         -0.273619
          0.581586
         -0.683115
          -1.78775
        -0.0692795
           0.43894
##################### ACCEPTABLE SUBNET NUMBER: 38  #########################
           5.48412
 1
26
 2
14
39
          0.250657
          0.327412
         -0.457743
          0.886337
         -0.697864
         -0.723937
##################### ACCEPTABLE SUBNET NUMBER: 39  #########################
           3.39519
 7
34
 6
36
37
48
17
20
 9
 4
44
30
 8
 1
42
46
 2
13
           1.95868
           1.77178
          0.693851
          0.799413
          0.873439
         -0.660685
         -0.395582
          0.245326
         -0.725555
          0.103821
         -0.860112
          0.982318
          0.880282
         -0.378792
          -1.74327
           0.01495
          -1.30286
          0.151832
          -1.47539
##################### ACCEPTABLE SUBNET NUMBER: 40  #########################
           5.16008
 3
42
18
46
 3
 8
23
47
         -0.314948
         -0.344763
         -0.538569
          0.206619
           0.42973
         -0.474447
         -0.473798
         -0.484742
         -0.816506
##################### ACCEPTABLE SUBNET NUMBER: 41  #########################
           5.47568
 2
 6
 9
 4
14
43
17
24
          0.684403
          0.711845
          0.404335
          0.553314
          0.464643
          0.597106
          0.387456
          0.322223
          -1.07353
##################### ACCEPTABLE SUBNET NUMBER: 42  #########################
           2.84713
10
 7
11
13
29
45
20
14
31
19
22
 4
28
30
24
39
         0.0538015
         -0.301029
          0.403244
          0.523265
          -1.35788
          0.227033
          0.117619
          0.613382
         -0.467773
         -0.919035
         0.0998982
           -1.1562
           -1.1562
           1.00009
          -1.27613
         -0.963433
         -0.593206
##################### ACCEPTABLE SUBNET NUMBER: 43  #########################
           5.32105
 3
15
25
 6
 2
12
16
          0.912342
          0.966602
         -0.509453
         -0.199366
           1.02616
          0.336798
          0.702894
           0.53444
##################### ACCEPTABLE SUBNET NUMBER: 44  #########################
           4.25473
 3
25
50
40
 4
14
28
38
13
        -0.0811156
        -0.0426353
        -0.0993864
          0.761568
         -0.634336
         -0.415755
          0.478334
         -0.440147
         -0.579912
         -0.634467
##################### ACCEPTABLE SUBNET NUMBER: 45  #########################
            4.4018
 8
26
 1
45
 6
48
32
42
 2
 3
28
18
15
         0.0730469
          0.146376
         0.0444772
           1.38133
          0.613277
          -1.35019
          -1.96278
        -0.0970224
         -0.106704
         -0.107221
         -0.901571
           0.77136
         -0.747826
         -0.745937
##################### ACCEPTABLE SUBNET NUMBER: 46  #########################
            5.0302
 2
 7
 1
 5
 8
20
22
17
29
          0.627155
          0.687787
         -0.941734
           1.32491
           0.86291
          0.707122
          0.741723
          -2.85506
         -0.499491
         -0.558471
##################### ACCEPTABLE SUBNET NUMBER: 47  #########################
           5.39204
14
19
18
46
20
32
 1
25
37
36
40
 8
34
15
 2
14
 9
21
26
14
28
27
29
49
10
30
42
12
13
44
         0.0199214
          0.084781
          0.934218
          0.830689
           1.71804
          0.633037
          0.618599
          0.843927
          0.291072
             1.325
         0.0834395
        -0.0511773
         -0.374328
         -0.198039
          -1.04264
         -0.087511
         -0.335418
           1.38497
          0.489877
          0.611927
          0.250932
         0.0855837
         -0.210726
           1.18627
          0.468036
         -0.408459
          -1.21349
         -0.856448
         -0.872032
         -0.548562
          0.424999
##################### ACCEPTABLE SUBNET NUMBER: 48  #########################
           5.30262
 2
25
 6
 1
13
         -0.430622
          -2.08439
         -0.401832
          -1.25146
        -0.0220038
         -0.381794
##################### ACCEPTABLE SUBNET NUMBER: 49  #########################
           5.58051
 7
13
39
23
20
46
 3
48
 6
43
34
26
10
41
 2
           1.61977
           1.57026
           1.36441
           1.11391
          -1.04674
          -2.53215
         -0.226651
          0.635916
           -1.1062
         -0.392058
           1.50348
         -0.900754
           1.06508
           1.04879
          0.178274
          -0.58482
##################### ACCEPTABLE SUBNET NUMBER: 50  #########################
           1.41846
 4
18
25
14
39
 5
49
 2
46
10
 5
            1.2955
           1.07451
            0.3733
          0.550889
          0.240203
          -1.31485
         -0.124463
          0.144947
           1.11333
          0.411714
         -0.437017
          -1.75405
##################### ACCEPTABLE SUBNET NUMBER: 51  #########################
           5.06705
 2
 6
26
 6
22
28
 9
 2
 8
14
          0.781558
           0.82904
          0.214458
         -0.774344
          0.422074
         -0.438311
       -0.00282219
         -0.400434
          0.818796
         -0.096632
         -0.381492
##################### ACCEPTABLE SUBNET NUMBER: 52  #########################
           3.79248
 3
34
29
24
 4
43
41
10
39
           0.67639
          0.550668
          0.836428
          0.930331
          -1.22118
          -0.60747
          0.986752
          0.878158
           -2.1078
          0.275394
##################### ACCEPTABLE SUBNET NUMBER: 53  #########################
           5.96887
 7
32
22
37
43
16
25
 9
 1
20
          0.764766
          0.833412
          0.450459
          0.744742
          0.168673
           0.40542
           -1.5483
         0.0137809
          -1.86079
          -1.09809
          0.643072
##################### ACCEPTABLE SUBNET NUMBER: 54  #########################
            2.4663
 3
34
 4
45
 4
26
20
10
12
           1.16324
          0.504587
          0.160298
        0.00881141
          0.124818
           -2.3156
          0.352545
          0.594373
        -0.0312609
          -1.08155
##################### ACCEPTABLE SUBNET NUMBER: 55  #########################
           2.68839
 6
34
30
20
 6
14
 5
 3
28
41
39
          0.378843
          0.195436
           1.06278
            1.1745
         -0.231872
         -0.174141
           1.05616
         -0.589977
          0.524942
           1.46508
           1.12289
         0.0315962
##################### ACCEPTABLE SUBNET NUMBER: 56  #########################
           5.07752
 0
 5
41
 2
30
18
23
          0.622569
          0.521891
          0.293157
          0.155295
          0.948565
           0.24222
         -0.642662
            -1.124
##################### ACCEPTABLE SUBNET NUMBER: 57  #########################
           5.52405
 2
13
 6
 1
30
          0.178952
          -1.52045
         -0.426421
         -0.946276
         -0.235732
         -0.429462
##################### ACCEPTABLE SUBNET NUMBER: 58  #########################
           5.63603
 2
26
21
 1
31
          0.621983
          0.702202
         -0.721461
          0.869157
          -1.22065
          -1.09621
##################### ACCEPTABLE SUBNET NUMBER: 59  #########################
           3.50924
 6
42
 7
 6
34
20
14
 2
40
46
         0.0326343
        -0.0132321
          0.579551
           1.45148
           1.40199
         0.0667835
         -0.722743
          -0.82308
         0.0348888
           1.27478
           1.19415
##################### ACCEPTABLE SUBNET NUMBER: 60  #########################
           5.53851
 6
 7
47
45
 5
29
36
 3
14
20
46
          0.650398
          0.610979
          0.116685
          0.164172
          -1.75416
         -0.288682
         -0.942596
           -1.0482
         -0.534518
          0.209431
          -1.20073
         -0.297171
##################### ACCEPTABLE SUBNET NUMBER: 61  #########################
           4.40695
 2
 3
34
 1
14
         -0.142194
          -1.30023
         -0.282929
          0.261375
         -0.735726
          0.490159
##################### ACCEPTABLE SUBNET NUMBER: 62  #########################
           5.03539
 9
 9
46
 7
35
34
 1
25
10
39
 1
15
           1.18985
           1.26037
          0.618015
          0.976728
        -0.0591886
          0.755735
          -1.91849
           0.24691
           1.23866
          -0.59834
           1.23565
          0.277354
          0.981087
##################### ACCEPTABLE SUBNET NUMBER: 63  #########################
            5.8348
 4
35
 6
49
 8
 0
          0.354776
          -1.40058
         -0.446061
         -0.888055
         -0.298059
          -1.02334
         -0.768799
##################### ACCEPTABLE SUBNET NUMBER: 64  #########################
           5.08669
 9
30
47
25
12
21
48
34
 3
45
 7
40
41
43
23
 2
46
 5
           1.20725
           1.14989
           1.17473
          0.750705
          -1.23334
          0.827989
         0.0667258
         -0.603082
          0.940634
           1.38146
          -1.43222
          0.530813
           1.19542
           1.23514
        -0.0268497
          0.945494
           1.54685
         -0.031869
         -0.391633
##################### ACCEPTABLE SUBNET NUMBER: 65  #########################
           4.85496
 5
 6
18
32
16
46
 8
20
11
 8
25
34
44
42
28
          0.249902
          0.317305
        -0.0320287
          0.561895
          -1.26901
           0.70416
          0.416936
         -0.980513
          0.587671
          -2.02351
         -0.868303
          -1.01728
         -0.104602
         -0.550208
         -0.550208
          -1.07627
##################### ACCEPTABLE SUBNET NUMBER: 66  #########################
           3.68729
11
31
18
26
 1
 8
11
23
25
38
 3
24
 1
35
           1.23675
           1.23186
          0.146683
         -0.986507
          0.484178
       -0.00886586
          0.556476
          -1.20009
         -0.418991
         -0.811252
          0.164226
         -0.316553
          -1.62418
          -1.91177
          0.364612
##################### ACCEPTABLE SUBNET NUMBER: 67  #########################
           5.85343
 7
37
22
45
15
 2
30
 3
 4
44
19
 9
10
          -1.04597
          -1.74671
         -0.269163
         0.0999639
          0.208653
         -0.532074
         -0.266711
         -0.657315
         -0.735438
          -1.08676
         -0.377083
         -0.505802
          0.222298
          -1.47135
##################### ACCEPTABLE SUBNET NUMBER: 68  #########################
           5.17341
 1
18
 6
14
 8
43
41
 2
27
          0.372912
          0.437763
           0.34725
          0.894174
          0.531309
         -0.179746
         -0.779743
         -0.752726
          -1.76498
         -0.823583
##################### ACCEPTABLE SUBNET NUMBER: 69  #########################
           3.02719
 7
39
 5
13
45
35
38
34
 1
20
          0.925899
          0.439303
         -0.343519
        -0.0476549
         -0.143917
        -0.0652114
          -1.27689
         -0.656096
         -0.844719
          -1.09434
          0.275239
##################### ACCEPTABLE SUBNET NUMBER: 70  #########################
           3.78241
12
39
29
40
32
41
45
17
30
18
24
38
 9
 1
 2
          0.182461
          0.253717
          0.335875
        -0.0376023
          -1.11468
          -1.05011
          0.893503
         -0.715791
         -0.233547
         -0.536103
          0.888561
           1.00564
         -0.547606
          -1.08101
         -0.254839
           1.18533
##################### ACCEPTABLE SUBNET NUMBER: 71  #########################
           3.48529
 6
38
48
30
 5
44
21
 3
43
16
46
         -0.388271
         -0.816934
         -0.442602
           0.95802
         -0.226486
          0.990639
          0.699546
          0.240833
         -0.129431
           1.08092
          0.987415
         -0.712062
##################### ACCEPTABLE SUBNET NUMBER: 72  #########################
           4.85352
 4
42
18
31
25
 4
35
 2
44
34
          0.566886
          0.629788
          0.214976
          0.130336
           1.06774
          -0.75515
          0.629901
          0.590917
          -1.21683
          -1.51405
          0.285241
##################### ACCEPTABLE SUBNET NUMBER: 73  #########################
            4.5002
 6
40
 7
 3
30
25
10
 1
41
         -0.706562
         -0.825206
         -0.434103
         -0.785869
          0.210641
         0.0602123
         0.0733438
          0.274862
         -0.261323
         -0.358878
##################### ACCEPTABLE SUBNET NUMBER: 74  #########################
           3.06606
 5
 1
 6
20
25
14
 6
48
35
 8
46
30
 9
          0.296791
          -1.15351
          0.159319
           0.67588
          -2.43139
          -2.52262
          -1.34318
          0.203804
          0.758833
          0.383438
          0.864307
          -1.51782
          -1.33856
         -0.476772
##################### ACCEPTABLE SUBNET NUMBER: 75  #########################
           5.81753
 3
 3
35
34
15
14
 1
22
 8
16
43
49
45
 6
18
19
11
37
40
46
           1.74165
           1.75712
           1.57311
           1.31392
          0.184409
           1.46041
           1.58484
         -0.236625
          0.838503
          0.482226
          0.769997
           1.63524
          0.103483
        -0.0996791
          -0.26351
          0.944422
         -0.789129
         -0.291851
         -0.605282
         -0.892053
         -0.674448
##################### ACCEPTABLE SUBNET NUMBER: 76  #########################
           5.05744
 0
 3
 2
21
 3
          0.280987
         0.0637922
         0.0337019
          0.656063
         -0.836075
         -0.630259
##################### ACCEPTABLE SUBNET NUMBER: 77  #########################
           4.47029
 3
38
40
 1
 4
16
23
47
25
         -0.790113
          -1.29192
         -0.164626
         0.0946357
         -0.588243
          0.381704
          0.162578
         0.0365894
          -2.02858
         0.0394948
##################### ACCEPTABLE SUBNET NUMBER: 78  #########################
           4.17441
 3
34
 5
40
 3
14
26
 1
           1.85805
            1.6255
           1.40216
          0.767251
           1.38387
         0.0205326
           1.68173
           1.44059
           1.12827
##################### ACCEPTABLE SUBNET NUMBER: 79  #########################
            5.7563
 1
 6
 2
26
20
          0.606915
          0.658915
          0.943128
           1.07138
          0.348041
           1.16846
##################### ACCEPTABLE SUBNET NUMBER: 80  #########################
           5.84502
13
 7
32
16
43
40
 6
39
21
26
 1
34
 9
25
10
11
17
20
30
 8
35
 4
 3
41
46
           1.23854
           1.32016
          0.952901
          0.124406
         -0.125203
          0.113162
         -0.182824
          0.428901
          0.179859
          0.835545
          -1.31098
           2.06678
          0.213284
         -0.717253
          0.925296
         -0.163881
           1.21264
         -0.194481
         -0.794296
          0.524108
         -0.606925
          0.430092
          0.608923
          -1.61747
        -0.0138498
          -1.15933
##################### ACCEPTABLE SUBNET NUMBER: 81  #########################
           5.35331
 7
16
 4
 6
34
42
46
 7
 8
17
21
13
30
40
28
37
47
          0.697835
          0.767717
         -0.554103
           1.42126
         -0.443131
          0.737777
        -0.0784241
          -1.28068
         -0.704588
         -0.819228
           0.73309
          0.703043
          0.113352
          -1.15752
           -1.0816
         -0.640856
          -1.66565
         -0.761199
##################### ACCEPTABLE SUBNET NUMBER: 82  #########################
           2.40265
 7
18
25
 7
50
30
13
39
11
 9
26
37
31
29
27
 2
44
28
36
12
           1.64348
           1.63068
          0.438796
           1.13899
          0.943411
         -0.355767
          -0.86286
           0.02875
          -1.49438
          0.711382
           1.13549
          0.689908
          0.383022
         -0.564914
         -0.140742
          -1.18781
          -0.29634
         -0.395701
          0.822582
          0.599908
          0.137319
##################### ACCEPTABLE SUBNET NUMBER: 83  #########################
           4.49148
 1
 1
13
 9
16
26
 8
49
 2
46
29
42
23
41
12
40
         -0.875712
          -1.21005
          0.991719
           1.65355
          0.694796
         0.0325872
         -0.249515
         -0.561598
         -0.547013
         -0.635359
           1.00598
         -0.560439
           1.25534
           1.10552
          -1.21643
          0.928215
          0.158696
##################### ACCEPTABLE SUBNET NUMBER: 84  #########################
           3.76626
 5
 1
 7
20
31
25
 6
15
 3
13
26
30
10
          0.460181
           0.46119
           0.10695
           0.70362
          0.348466
          -1.52403
          -0.95303
          -2.15139
          0.455427
         -0.154627
        -0.0882953
          -1.03121
         -0.665133
          -1.51496
##################### ACCEPTABLE SUBNET NUMBER: 85  #########################
           4.59801
16
32
 4
48
40
47
16
10
13
 7
 9
27
 8
30
42
21
26
 3
43
38
17
          0.647385
          0.503731
          0.483481
        -0.0444307
         -0.195293
          0.152698
         -0.130392
          0.594043
          0.106741
          0.316128
           -1.0268
         -0.385247
          0.557568
          -1.01538
        -0.0125846
         -0.486032
           -1.2095
         -0.616434
          -2.04805
          0.768579
        -0.0709505
         -0.986585
##################### ACCEPTABLE SUBNET NUMBER: 86  #########################
           5.34247
 7
39
25
 7
22
47
13
36
 3
16
11
 2
         -0.887979
            -1.379
         -0.122041
          -0.40753
          0.158254
         -0.553254
          -1.57813
         0.0348027
         -0.793902
          -1.26742
          0.218981
         -0.785051
          -0.93204
##################### ACCEPTABLE SUBNET NUMBER: 87  #########################
           4.90841
 3
42
35
23
 3
14
21
41
          0.302189
          0.367274
          0.436268
           1.67718
         -0.340905
          -2.40334
           1.57009
          0.555773
         -0.346296
##################### ACCEPTABLE SUBNET NUMBER: 88  #########################
           4.99408
 7
25
 8
12
34
 2
42
15
 6
49
31
50
35
18
36
           1.54104
           1.58068
          0.802322
           1.50996
          0.154511
         -0.526185
          0.821088
           0.78864
           -1.7206
          -1.35274
           1.01191
           1.18074
          0.573019
        -0.0489894
        -0.0298757
         -0.721467
##################### ACCEPTABLE SUBNET NUMBER: 89  #########################
           5.97229
 1
42
 3
36
26
23
           1.70342
           1.06563
           1.36513
          0.757774
           1.61311
           1.54054
         -0.348317
##################### ACCEPTABLE SUBNET NUMBER: 90  #########################
           5.79711
 4
 6
32
10
15
 2
43
25
             1.555
           1.53602
           1.31053
          0.441274
         -0.349234
        -0.0911557
           -1.5321
           1.42354
          -0.70254
##################### ACCEPTABLE SUBNET NUMBER: 91  #########################
           4.01052
 3
18
42
28
 6
36
46
49
17
27
48
           1.21809
           1.12757
          0.785918
            1.0012
        -0.0370392
         -0.711627
          0.584352
          0.804118
          0.115823
          0.900193
        -0.0271035
          0.052528
##################### ACCEPTABLE SUBNET NUMBER: 92  #########################
           1.61478
 2
34
45
 4
15
37
 2
39
           1.22104
          0.528166
        -0.0848628
         0.0123148
         0.0761467
          0.217263
         -0.264815
          0.914895
         -0.299215
##################### ACCEPTABLE SUBNET NUMBER: 93  #########################
           4.94044
 5
 7
48
 6
14
17
 7
18
 2
15
21
44
 1
24
          0.294055
          0.356032
         0.0682206
            1.2191
         -0.440581
         -0.778199
          -1.01909
         -0.623768
         -0.958445
           1.02332
         -0.786799
         -0.828005
          -2.80467
          0.138117
         -0.719835
##################### ACCEPTABLE SUBNET NUMBER: 94  #########################
           4.98157
 2
36
31
 4
28
18
48
43
         -0.878564
          -2.26856
         -0.323577
         -0.198489
        -0.0325928
          -0.49881
          -1.05012
          -1.36826
          -1.36087
##################### ACCEPTABLE SUBNET NUMBER: 95  #########################
           4.88583
 1
 6
 1
 2
         -0.135126
          -1.97935
           -0.4457
          -0.10812
           0.12676
##################### ACCEPTABLE SUBNET NUMBER: 96  #########################
           5.29115
 4
40
31
37
45
 3
43
10
38
         -0.871186
           -1.2181
         -0.562143
         -0.163675
          0.186423
          0.323166
          -1.04964
          0.292218
          -0.68717
         -0.943746
##################### ACCEPTABLE SUBNET NUMBER: 97  #########################
           3.77691
 4
 1
35
34
24
 5
17
11
20
12
 3
         -0.371832
         -0.360256
          0.510018
             1.192
         -0.169875
          -0.31995
          -1.78148
          0.805983
          -0.34117
          -0.34117
          -1.78148
          0.198273
##################### ACCEPTABLE SUBNET NUMBER: 98  #########################
            5.2378
 6
44
 6
29
49
 9
11
10
23
50
16
14
20
40
 4
32
41
37
         -0.759673
          -1.18179
          0.376059
          0.353981
           1.02478
         -0.191145
          0.105175
         -0.437278
          -0.14183
          -0.97695
          -1.42466
         -0.178835
         0.0969876
         0.0384955
          0.819426
         -0.245853
         -0.187605
         0.0201814
         -0.175856
##################### ACCEPTABLE SUBNET NUMBER: 99  #########################
           4.02581
 4
 1
25
18
13
 3
24
 9
41
          0.688775
          0.174086
         -0.138797
        -0.0114775
          -0.18359
        0.00410409
          -2.24817
          0.172836
          -1.53934
         -0.113082
##################### ACCEPTABLE SUBNET NUMBER: 100  #########################
           3.50852
 4
25
 9
36
31
 5
20
16
 2
48
 1
           1.32541
           1.37709
          0.662758
           1.85207
         0.0320578
          0.722811
         -0.543334
           1.70014
          0.585912
          0.325798
          0.273074
            -2.134
----------Number of Acceptable Subnets found: 100 -----------
----------END FOR GENE 33 -----------
