File open successful. It contains: 
Finished reading file, will close now.
File x_dt open successful.
Finished reading file x_dt, will close now.
File sd_d open successful.
Finished reading file sd_d, will close now.
--------START FOR GENE 39 -----------
 Values arranged as error, n_ka, gene ids for ka, n_kd, gene ids for kd,
 r0, d, ea, ka_values, kd_values for each subnet. 
##################### ACCEPTABLE SUBNET NUMBER: 1  #########################
           1.68502
12
33
 1
32
 7
28
21
46
30
40
34
27
48
 4
44
41
24
 6
            1.3055
           1.26986
          0.348626
          0.742379
           1.01889
        -0.0448541
          0.729933
          0.429802
           -1.4246
          -1.24819
          0.794568
         -0.169809
         -0.221507
         -0.147307
          -1.13649
          0.809408
         -0.124612
          0.677595
        -0.0124185
##################### ACCEPTABLE SUBNET NUMBER: 2  #########################
           2.87991
 0
 3
 2
37
27
           1.92068
           1.86634
           1.36049
           1.99989
          0.116016
         -0.164328
##################### ACCEPTABLE SUBNET NUMBER: 3  #########################
           1.70031
14
 5
42
30
14
35
16
47
11
24
 6
33
38
41
23
 4
 2
 4
22
46
           1.00358
          0.986838
          0.536061
           -0.1793
          0.485009
           1.15918
         0.0918094
         -0.558269
         -0.575611
          0.194204
         -0.320438
         -0.560528
          -1.28712
          0.807642
          -2.87466
         -0.483971
         -0.575856
           1.43849
         -0.699554
          -0.95041
         -0.797113
##################### ACCEPTABLE SUBNET NUMBER: 4  #########################
          0.746095
 0
 6
 2
26
44
 1
46
25
           1.32331
           0.89656
          0.505848
           1.28116
          0.487567
        -0.0892753
         0.0995989
           0.50891
          -1.58973
##################### ACCEPTABLE SUBNET NUMBER: 5  #########################
           2.64132
 9
42
 1
10
16
49
14
27
15
 9
 4
29
38
24
 8
          0.869058
          0.828492
         0.0421166
          0.615287
          0.901543
          0.574457
          -0.26642
         -0.604498
          -1.47014
          -1.59234
          -1.75906
          0.423069
          0.595029
          0.388092
          0.621241
         -0.227087
##################### ACCEPTABLE SUBNET NUMBER: 6  #########################
           2.19851
 7
30
25
 7
31
17
48
18
 3
 2
 1
13
          0.535301
          0.541663
          0.541208
           1.01457
          0.941878
         -0.353719
        -0.0670587
         -0.437814
          -2.11446
         -0.543334
           1.30744
          -1.11932
          -1.27686
##################### ACCEPTABLE SUBNET NUMBER: 7  #########################
           0.72868
10
33
47
23
44
19
 9
14
42
22
38
 3
 2
25
29
           1.23223
           1.00647
          0.834252
           1.02028
          0.877395
          0.643321
         -0.130851
          0.574251
          0.579834
         -0.261049
          0.431187
           1.01287
          0.686616
           1.76624
        -0.0247579
           -1.6237
##################### ACCEPTABLE SUBNET NUMBER: 8  #########################
           2.27427
11
44
17
19
37
13
30
23
49
15
26
38
 4
 2
42
 3
41
           1.38945
           1.20009
          0.901736
          0.942941
           0.64996
        -0.0613545
          0.626876
          0.405945
         -0.763805
          0.583098
         -0.577523
        -0.0406012
          -1.59945
           0.78405
           1.68199
          -0.48235
         -0.935672
          -1.26278
##################### ACCEPTABLE SUBNET NUMBER: 9  #########################
          0.673069
 4
19
22
18
25
 9
 2
 9
26
43
37
35
 7
15
 1
           1.35878
           1.00913
          0.684929
          0.733684
          0.440942
          0.821471
         -0.327114
           1.53973
          -1.58099
          0.232485
          0.640316
         -0.594231
         0.0769541
         -0.288649
         -0.208527
          0.608634
##################### ACCEPTABLE SUBNET NUMBER: 10  #########################
           0.46002
 3
50
 9
18
 2
 2
 6
            2.1435
           1.67364
        -0.0110854
       -0.00466527
         -0.275342
         0.0639393
          0.849858
          -1.13428
##################### ACCEPTABLE SUBNET NUMBER: 11  #########################
           2.44029
14
23
47
27
19
 8
49
15
17
35
42
38
14
37
33
 2
 2
41
           1.42811
            1.3034
           0.70781
           0.40485
          0.675038
          0.248151
          -1.06745
         0.0976912
          0.431135
          0.259921
         -0.984353
          -1.04341
         -0.721941
         -0.209192
         -0.714374
          0.283829
         -0.572241
           1.43991
         -0.159735
##################### ACCEPTABLE SUBNET NUMBER: 12  #########################
           2.15019
 3
 1
48
50
 2
14
42
          0.674597
          0.642156
          0.090009
          0.751165
          0.260089
          -0.53588
          0.561816
         -0.775448
##################### ACCEPTABLE SUBNET NUMBER: 13  #########################
           2.05172
 4
45
35
48
29
 3
 2
14
16
           1.02022
          0.804495
          0.812489
          -0.77327
          0.575141
          -1.09237
          0.824452
           1.58925
         -0.492245
         -0.964082
##################### ACCEPTABLE SUBNET NUMBER: 14  #########################
           2.83323
 4
 1
48
33
26
 7
12
 2
44
49
36
19
45
          0.627652
          0.585661
          0.031238
          0.704825
          0.224384
          0.075448
         -0.305227
          0.405282
        -0.0155577
           0.04808
         -0.564905
          -1.27637
         -0.872201
         0.0491505
##################### ACCEPTABLE SUBNET NUMBER: 15  #########################
           2.51256
10
 1
45
33
26
48
32
16
30
17
19
 1
44
          0.662571
          0.619934
          0.518397
          0.868758
         -0.800458
          0.445671
         0.0886433
         -0.842785
        -0.0596109
         -0.214112
           0.34184
         -0.557429
         -0.392839
          0.684932
##################### ACCEPTABLE SUBNET NUMBER: 16  #########################
           1.79067
 9
33
 1
10
28
 6
44
25
47
48
 5
15
30
24
 8
 7
           1.92242
            1.8384
         -0.133496
          0.234947
          0.600811
          0.147674
         -0.465911
          -1.02934
        -0.0800202
         -0.730476
         -0.510717
         -0.818214
          0.284983
         -0.438312
          0.437582
         -0.634139
        -0.0280047
##################### ACCEPTABLE SUBNET NUMBER: 17  #########################
           2.35638
 4
 1
 3
11
 7
 4
 2
 9
30
24
           1.84196
           1.79748
           1.77415
           1.90806
         -0.371711
          -1.09731
         -0.433965
            2.4283
          0.430808
          0.301507
           1.47631
##################### ACCEPTABLE SUBNET NUMBER: 18  #########################
          0.742304
 4
33
34
40
32
 1
 2
           1.02121
          0.523035
         -0.314245
         -0.126169
         -0.197999
         0.0100618
        -0.0987412
          0.768098
##################### ACCEPTABLE SUBNET NUMBER: 19  #########################
           1.65592
 4
48
28
35
 4
 2
50
 2
           1.02514
          0.820071
          0.868086
          0.739455
        -0.0542147
          -1.14057
            0.9068
          0.402857
           1.65034
##################### ACCEPTABLE SUBNET NUMBER: 20  #########################
           2.80959
 1
 1
11
17
41
26
11
30
48
37
40
35
10
23
           1.24835
           1.13889
          0.859113
           1.18981
          0.921499
          0.799232
         -0.448912
          0.943708
           1.03115
          0.446653
          -1.08455
          0.245922
         0.0529443
          -1.14425
         -0.237244
##################### ACCEPTABLE SUBNET NUMBER: 21  #########################
           2.04471
 6
42
 1
 7
24
49
 2
 3
40
20
47
           0.46464
          0.412996
        -0.0998834
          0.765063
           1.03994
          0.027164
         -0.933151
         -0.677332
          -2.97153
          0.581245
          0.870369
          0.405062
##################### ACCEPTABLE SUBNET NUMBER: 22  #########################
           2.95239
 0
 1
 2
           1.41126
           1.35475
           1.03283
           1.67247
##################### ACCEPTABLE SUBNET NUMBER: 23  #########################
           2.04121
 5
42
 1
34
31
 7
 5
14
 5
46
30
36
           1.21097
           1.16196
          0.931457
          0.752036
           1.30452
          0.508119
         0.0779611
         -0.258705
           1.17277
          0.248032
          0.865555
           0.15343
         -0.168711
##################### ACCEPTABLE SUBNET NUMBER: 24  #########################
           3.36375
 4
33
18
15
42
 3
27
26
17
          0.672747
          0.647876
         -0.268838
          0.769134
          0.907053
         -0.816345
         -0.326944
          0.414248
          0.579986
          0.183823
##################### ACCEPTABLE SUBNET NUMBER: 25  #########################
           5.37419
10
21
33
16
25
37
 3
29
18
 7
40
 5
34
20
 2
15
17
           1.76072
           1.48232
        -0.0497697
         -0.144103
        -0.0616761
          -1.32826
          -1.05948
         -0.225848
         -0.543035
         -0.337774
          -0.58948
          -1.11725
          -1.49694
         -0.152414
          -1.22999
          0.261861
          -1.26234
         0.0205764
##################### ACCEPTABLE SUBNET NUMBER: 26  #########################
           4.35588
 5
 6
32
23
42
13
 4
29
10
50
35
          0.471827
          0.348954
         -0.171781
           0.21067
         0.0752809
          -0.89662
        -0.0538052
          -1.15662
          0.109591
          -1.39231
          -1.78399
         -0.498677
##################### ACCEPTABLE SUBNET NUMBER: 27  #########################
           4.38861
 9
32
17
 9
30
 1
 5
37
38
16
 3
 4
14
41
           1.83487
           1.83911
            1.0918
          0.109637
          -1.72214
         -0.680999
           1.72018
           0.32043
          0.262039
         0.0383772
          0.587924
          0.039898
           1.33857
         -0.502271
           1.23223
##################### ACCEPTABLE SUBNET NUMBER: 28  #########################
            1.1332
 5
10
 3
36
28
33
 2
 2
19
           0.62513
          0.347095
         0.0538548
          -1.05675
          0.176334
          -2.11584
         -0.798734
          0.125048
          0.884885
         -0.533414
##################### ACCEPTABLE SUBNET NUMBER: 29  #########################
           4.85216
 3
 8
35
25
 5
17
 2
49
44
46
          0.250378
         -0.121212
        -0.0702584
         -0.546669
         0.0264144
         -0.194636
          0.181395
         0.0214722
         -0.694246
          -1.33681
          -1.21338
##################### ACCEPTABLE SUBNET NUMBER: 30  #########################
           3.08282
 7
30
10
16
 1
27
 9
 5
 3
22
46
41
           1.41986
           1.39311
          0.166155
         -0.592741
         -0.719435
          0.172942
          0.787054
         -0.666236
          0.124045
         -0.484988
          0.513213
         -0.663443
          -1.05177
##################### ACCEPTABLE SUBNET NUMBER: 31  #########################
           4.21681
 7
 7
37
 1
 6
17
 9
33
 2
 2
35
          0.783996
            0.8158
          0.683479
           2.04567
          -1.19954
          0.601998
        -0.0589494
         -0.746106
          0.212097
          -1.84333
           1.82636
         -0.558144
##################### ACCEPTABLE SUBNET NUMBER: 32  #########################
           5.15683
 5
26
42
35
33
36
17
31
32
24
25
21
23
28
46
30
40
 9
 2
48
10
20
47
37
          0.580766
          0.626971
          0.691765
           1.83636
         -0.563466
         0.0653277
         -0.386275
          -1.38716
          0.478022
        -0.0917402
           1.05974
         -0.878442
          0.693622
          0.424115
         -0.289172
          -1.03529
          0.459682
          0.585559
         -0.734352
         -0.912183
         -0.760048
          -0.15972
          0.477553
          0.250129
          -2.36576
##################### ACCEPTABLE SUBNET NUMBER: 33  #########################
           2.56214
 2
37
32
 7
28
25
 2
44
26
30
47
         -0.719066
          -1.84974
         -0.543355
         0.0297941
          -1.04134
         0.0951559
           -1.0706
          -2.51851
         -0.854972
         -0.853884
         0.0196129
          -2.26024
##################### ACCEPTABLE SUBNET NUMBER: 34  #########################
           5.42669
 6
31
 4
47
 6
21
42
 7
28
41
17
24
 8
50
22
          0.876706
          0.685818
         0.0976049
         -0.306816
          -1.04572
          -1.07751
          0.115731
         -0.625337
          -1.98822
           0.42918
         -0.841128
         0.0323306
         -0.265128
         -0.187812
         -0.768741
         -0.375024
##################### ACCEPTABLE SUBNET NUMBER: 35  #########################
           4.42457
 3
25
 9
 7
 6
36
50
 6
34
49
35
          0.591269
          0.605999
          0.166519
           1.02796
          0.269701
        0.00748433
          0.681449
         0.0186958
        -0.0671306
          0.331979
         -0.269345
         -0.594446
##################### ACCEPTABLE SUBNET NUMBER: 36  #########################
           4.82449
 5
43
18
 4
26
36
 6
12
11
41
 7
22
14
           1.81325
           1.85252
           1.19692
          0.695859
           1.98202
          0.410253
           1.12488
         -0.925618
           1.43847
           1.09723
           1.05578
         -0.198979
          0.372969
         -0.216076
##################### ACCEPTABLE SUBNET NUMBER: 37  #########################
           4.95756
 3
42
12
18
 5
38
35
17
 3
26
          0.307712
          0.220288
         0.0139385
          0.298742
         -0.245227
         -0.407523
         0.0899161
         -0.472419
        -0.0219582
         -0.980109
          -1.24485
##################### ACCEPTABLE SUBNET NUMBER: 38  #########################
            4.8174
 5
 1
48
18
35
15
 9
29
34
 6
10
38
26
41
44
31
           1.07889
           1.12023
          0.958332
         -0.475587
         -0.948028
           1.77695
          0.618354
          -2.84576
           1.22985
          0.765396
          0.592955
         -0.675365
          0.431941
         -0.586225
           -0.5837
          -2.88334
          0.865158
##################### ACCEPTABLE SUBNET NUMBER: 39  #########################
           5.32441
10
30
34
16
29
32
47
12
37
 9
11
 4
36
 3
26
 2
           1.31856
           1.34271
           1.13643
           1.83373
         -0.715932
          0.143112
          0.193771
         -0.583724
          0.302994
          -0.19197
         -0.341847
        -0.0037077
         -0.151388
           1.46255
          0.800613
           0.24937
           1.27452
##################### ACCEPTABLE SUBNET NUMBER: 40  #########################
           4.38366
 2
37
 2
 5
15
10
45
 9
27
         -0.445433
          -1.80988
         -0.444669
          0.275363
          0.330282
         -0.711529
           1.09343
         -0.386779
        0.00353132
        -0.0021342
##################### ACCEPTABLE SUBNET NUMBER: 41  #########################
           5.91995
 8
16
 3
46
14
32
44
21
 6
 8
37
13
27
45
47
24
40
18
           1.45772
           1.50461
          0.525483
           2.04251
           0.56759
          0.411444
         -0.922491
          -1.44574
          -0.43112
         -0.657718
         -0.240142
          0.680514
          0.960018
          0.947924
           1.10811
           -1.1348
          0.765516
          0.267806
         -0.941451
##################### ACCEPTABLE SUBNET NUMBER: 42  #########################
           4.78886
 4
22
31
13
32
 4
17
 6
 5
46
           1.12309
          0.971257
          0.333076
         -0.603712
          0.365507
          -1.32908
         -0.560837
          0.508834
         -0.841087
         -0.545671
          0.332924
##################### ACCEPTABLE SUBNET NUMBER: 43  #########################
           5.02996
13
 8
50
47
44
28
35
 9
32
13
31
30
22
29
 4
43
 2
36
41
           0.52076
          0.453939
          0.728309
          0.924206
          0.485254
          -1.10108
          0.167063
         -0.376859
          0.272603
           1.17304
         -0.296249
          0.296925
          0.622081
         -0.730339
          0.193627
         0.0320555
           0.93547
           1.05615
          0.362776
           0.10737
##################### ACCEPTABLE SUBNET NUMBER: 44  #########################
           5.78985
 3
 8
21
12
 4
14
34
29
25
         -0.390345
         -0.751521
         -0.107755
          0.199652
          0.278977
           -1.7951
          0.244036
         -0.950947
          -1.11416
          -1.12416
##################### ACCEPTABLE SUBNET NUMBER: 45  #########################
           4.82136
 2
 4
 8
 6
20
32
 7
38
47
26
           1.05124
           0.69442
         0.0956054
        -0.0822625
          -1.66454
          0.347681
          0.118882
        -0.0753853
          -1.79637
         -0.675375
         -0.129686
##################### ACCEPTABLE SUBNET NUMBER: 46  #########################
           5.44734
 2
 6
 2
 3
21
13
30
         -0.391851
         -0.903026
         -0.117762
          0.265615
         -0.637309
          0.289669
         0.0304899
          -1.68448
##################### ACCEPTABLE SUBNET NUMBER: 47  #########################
           2.94542
 9
 8
 1
42
18
12
26
44
34
25
 4
49
31
40
38
          0.514191
          0.448518
         0.0832056
          -1.91753
          0.727093
          0.477228
         -0.171256
          -2.21409
          -1.23812
           -1.1387
          -1.23891
         0.0738118
          0.296907
          0.435004
         -0.645423
         -0.961652
##################### ACCEPTABLE SUBNET NUMBER: 48  #########################
           3.38631
 7
25
11
35
 7
 5
 9
27
10
20
36
45
26
30
33
48
12
13
49
           1.02437
            1.0369
          0.109558
          0.659738
         -0.166677
          -0.74994
        -0.0727374
         0.0887202
          -3.12988
          -3.12916
          0.458465
         -0.532814
          -1.69325
         -0.917188
         -0.237334
         -0.225376
          -1.81132
          -1.33997
          -1.18321
          -1.24558
##################### ACCEPTABLE SUBNET NUMBER: 49  #########################
           5.84126
 2
12
 7
 2
17
19
         -0.258097
          -1.66325
         -0.479055
        -0.0778809
         -0.268894
         0.0937056
         -0.951713
##################### ACCEPTABLE SUBNET NUMBER: 50  #########################
           4.83778
 8
25
47
40
19
36
44
37
 7
20
29
46
42
 2
 4
43
 1
33
32
15
50
13
34
11
17
30
10
16
20
 9
           1.50274
           1.52549
           0.43285
           1.38953
          -1.77858
         -0.252976
          -0.59728
           -0.6004
          -1.03974
          -0.31896
         -0.581064
           1.02191
           0.64872
        -0.0738759
         -0.578602
         -0.570607
         -0.516786
         -0.601046
          0.294555
          -1.81105
        0.00344074
         -0.677671
          -1.01626
         -0.783481
         -0.410262
           -1.3333
          0.355508
         -0.418906
         -0.369921
         -0.469528
         -0.403702
##################### ACCEPTABLE SUBNET NUMBER: 51  #########################
           3.55576
14
23
47
38
46
40
33
41
50
30
 4
 1
43
48
 9
14
36
25
14
26
12
21
44
16
17
15
29
42
28
11
           1.97577
           1.90052
           1.20697
          0.107961
         -0.666053
         -0.352514
         -0.293639
         -0.981337
          0.110519
          -1.65138
          0.528858
          0.484502
         -0.177799
           1.44338
          0.198771
         -0.430899
           1.37599
            1.0923
         -0.365466
           1.36968
           1.12901
          -1.21409
         -0.721971
         -0.537245
          0.259272
          0.959201
        -0.0801887
         0.0212785
         -0.574703
         -0.196938
          0.821486
##################### ACCEPTABLE SUBNET NUMBER: 52  #########################
           3.80101
 3
26
25
18
 5
20
14
 5
19
44
           1.01064
           1.02469
         -0.332061
          -1.67875
          0.719553
        -0.0208456
        -0.0114088
          0.441244
          -1.21262
         -0.206087
         -0.440833
##################### ACCEPTABLE SUBNET NUMBER: 53  #########################
           3.64893
 5
46
 1
31
11
18
 3
 4
19
 5
           1.15298
           1.16699
          0.582386
          0.498538
           1.34147
          0.272678
         0.0915167
         -0.281285
          0.947881
          0.971075
          0.335791
##################### ACCEPTABLE SUBNET NUMBER: 54  #########################
           5.61197
 3
46
10
21
 2
20
 2
          0.948385
          0.993636
         -0.841791
          0.926769
          -1.04311
          0.324369
          0.647833
          0.925511
##################### ACCEPTABLE SUBNET NUMBER: 55  #########################
           3.47605
 3
37
16
20
 2
 2
41
         -0.139094
          -1.16913
         -0.367669
        -0.0266404
          -1.29809
         -0.391092
          0.581789
         -0.550186
##################### ACCEPTABLE SUBNET NUMBER: 56  #########################
           2.48111
13
26
37
44
18
24
50
49
46
10
14
 3
36
15
 9
41
22
47
 4
20
 2
 9
45
38
           1.29368
           1.27117
          0.958718
           1.44124
          0.124702
         -0.503159
           1.77159
         -0.926491
         -0.729171
          -1.32946
          0.173854
           1.64513
         -0.889366
         0.0149346
           -1.3363
          0.623644
           1.43761
           -0.2133
           1.21842
          -1.76726
           1.21383
          -0.16383
         -0.275466
          -1.13061
          0.984654
##################### ACCEPTABLE SUBNET NUMBER: 57  #########################
           4.60135
 3
33
25
32
 6
22
41
 6
36
 1
46
          0.959924
          0.967944
         -0.191439
          0.230567
          0.407388
         0.0346095
        -0.0743495
         -0.199503
            -1.646
          -1.29209
          -1.10363
         -0.714177
##################### ACCEPTABLE SUBNET NUMBER: 58  #########################
           4.09127
 3
26
45
34
 3
14
32
22
          0.722311
          0.766278
         0.0914525
           1.69538
         -0.914645
          0.509854
          0.876527
          0.837005
          -1.65159
##################### ACCEPTABLE SUBNET NUMBER: 59  #########################
           3.63932
 7
18
25
22
32
 8
37
12
 7
44
 2
34
24
38
10
43
           0.68864
          0.718234
          0.745586
           1.65565
           1.15591
          -1.08801
          -1.12834
          0.321853
         -0.869497
         -0.925016
           1.16515
           1.50151
          0.351413
           0.40432
          0.529895
         -0.535674
         -0.117011
##################### ACCEPTABLE SUBNET NUMBER: 60  #########################
           4.93006
 4
40
 6
24
23
 7
13
27
22
 4
10
 8
19
         0.0775718
           -1.1505
         -0.344705
          -1.03521
         -0.117107
          -1.17196
          -1.42429
         -0.630513
         -0.761967
         -0.242978
          -0.61416
         -0.219734
         -0.015966
          -0.41288
##################### ACCEPTABLE SUBNET NUMBER: 61  #########################
            4.1272
 4
33
30
11
 5
 6
20
32
44
42
29
24
           1.91225
           1.94343
           0.88575
           1.17715
           1.62685
          0.225208
         -0.994011
           1.38791
         -0.216738
         -0.341685
         -0.381051
          -2.74316
         -0.801856
##################### ACCEPTABLE SUBNET NUMBER: 62  #########################
           3.21178
 9
18
 6
 7
19
26
 9
 1
38
31
12
14
44
13
41
40
21
36
27
 3
29
28
47
           1.77697
           1.69766
           1.16026
           1.22957
           1.34724
          0.554964
         -0.523809
        -0.0261902
          -1.55502
          -1.07449
         -0.490106
           -1.0683
          0.264702
            1.3563
          0.759639
           0.17309
          -1.42756
         0.0413588
          -1.67534
            1.0503
         0.0569422
          -2.06822
         -0.688668
         -0.607783
##################### ACCEPTABLE SUBNET NUMBER: 63  #########################
           2.69523
 4
26
30
 6
24
 4
41
48
14
45
          0.169077
         -0.188961
         -0.485636
         0.0503949
          -0.87561
         0.0465706
         -0.570452
          0.079803
         -0.374361
          -1.34163
          -1.34163
##################### ACCEPTABLE SUBNET NUMBER: 64  #########################
           1.35976
 5
16
12
28
33
43
 3
10
11
 2
           0.73004
          0.562206
          0.144544
         -0.636074
          0.321326
          -1.04721
          0.314897
          -1.04111
          0.257289
          -3.10537
            1.0021
##################### ACCEPTABLE SUBNET NUMBER: 65  #########################
           3.88063
 5
16
 1
12
 6
18
 5
43
28
13
14
22
           1.09052
            1.1315
         -0.250633
           1.20064
          0.902375
         -0.841878
         -0.359474
         -0.773167
          0.674242
          0.132606
         -0.427569
         -0.394436
        -0.0206278
##################### ACCEPTABLE SUBNET NUMBER: 66  #########################
           4.51143
 5
50
30
 1
38
29
 4
34
41
22
33
         -0.560159
          -2.29059
          -1.32049
        -0.0893617
         -0.633102
           -2.4876
           -2.4928
          -1.07221
         -0.187208
          -0.21808
         -0.489234
          -1.07213
##################### ACCEPTABLE SUBNET NUMBER: 67  #########################
           4.08204
 6
 6
 8
37
44
25
50
 8
11
32
26
 1
17
 3
13
 9
           1.88261
           1.81148
           1.10692
           1.42738
         -0.702972
          0.179405
         -0.825638
           1.25939
         -0.405798
           1.35748
          0.243248
           1.04665
          0.504474
          -1.06297
         -0.176997
         0.0892924
         -0.174449
##################### ACCEPTABLE SUBNET NUMBER: 68  #########################
           5.21467
 4
21
17
13
20
 1
44
           1.68399
           1.63144
           1.14273
           1.32089
          0.382488
           1.16946
          -1.97645
           1.30709
##################### ACCEPTABLE SUBNET NUMBER: 69  #########################
           5.52168
 2
42
 9
11
31
10
25
16
40
17
 7
48
28
 4
33
          0.227088
          0.170501
         -0.708027
           1.23112
          0.474546
           1.00458
          0.533885
           -1.5094
          0.947568
          0.180474
         -0.240455
         -0.285568
          0.494325
         -0.135526
         -0.110544
          0.850864
##################### ACCEPTABLE SUBNET NUMBER: 70  #########################
           3.99367
 1
25
 7
44
41
20
23
27
17
35
           1.59076
             1.606
           1.12846
           1.51734
           1.25726
          0.572387
         -0.282714
          -1.49507
        -0.0336612
           -1.1952
         -0.372728
##################### ACCEPTABLE SUBNET NUMBER: 71  #########################
           5.15886
 1
 6
 0
           0.18605
           -1.3164
          -0.42379
         -0.193758
##################### ACCEPTABLE SUBNET NUMBER: 72  #########################
           4.84794
 3
30
22
16
 7
45
 3
40
32
10
42
46
          0.768065
          0.768998
         0.0903796
          0.865107
         -0.823166
          0.194879
         -0.319423
          0.471289
         -0.994314
          0.281417
        -0.0535274
          -1.74241
         -0.529536
##################### ACCEPTABLE SUBNET NUMBER: 73  #########################
            4.6885
 5
 2
11
12
25
 5
 5
20
41
32
49
50
           1.42346
           1.28412
          0.162572
        -0.0278766
         -0.157488
          -1.57989
         -0.675566
          -1.43901
          0.311668
          0.126771
          -1.09467
          -1.25506
         -0.545147
##################### ACCEPTABLE SUBNET NUMBER: 74  #########################
           2.43848
 5
17
48
 1
21
 4
 2
 2
31
           1.37232
           1.32512
           1.27732
           1.00214
          0.645062
           1.36937
         -0.696771
          0.624368
           1.92767
         -0.771747
##################### ACCEPTABLE SUBNET NUMBER: 75  #########################
           3.92673
 5
30
 1
34
43
10
 1
37
           1.48306
           1.47762
          0.997704
           1.27939
           1.48573
         -0.173022
          0.321715
          -1.77143
           1.20446
##################### ACCEPTABLE SUBNET NUMBER: 76  #########################
           2.02507
 7
33
10
20
 1
13
22
 3
 5
14
15
26
 2
12
           1.49752
           1.46828
          0.617699
           1.40111
         0.0570869
         -0.550126
           1.25858
         0.0344401
         -0.832912
          -1.89377
           1.10421
         -0.464735
           1.18448
         -0.977311
          -1.23787
##################### ACCEPTABLE SUBNET NUMBER: 77  #########################
           5.23819
 4
30
37
 7
19
16
18
50
36
13
 1
27
23
21
43
31
11
47
44
 4
33
10
          0.724079
          0.761582
           1.77533
           2.23462
          0.737812
          -1.62297
         -0.750793
          0.854502
          0.990361
          0.892474
           1.06289
          0.865651
           1.88088
          0.552007
          0.122077
         -0.223591
         -0.238128
           1.05023
         -0.500899
          0.424869
         -0.451273
          -0.78078
         -0.126843
##################### ACCEPTABLE SUBNET NUMBER: 78  #########################
           4.71621
 5
46
25
29
20
 9
 3
12
31
35
          0.685214
          0.691914
         -0.235794
          0.184305
          0.474432
          -1.24249
         -0.869124
          -1.99986
        -0.0530939
         0.0160623
          -1.47515
##################### ACCEPTABLE SUBNET NUMBER: 79  #########################
           4.28383
 3
49
 3
 5
 4
11
18
28
36
          0.517573
         -0.706768
         -0.337687
         -0.195645
         -0.238211
          -1.71607
        -0.0350187
         -0.635178
          0.335896
          -0.18763
##################### ACCEPTABLE SUBNET NUMBER: 80  #########################
            2.4372
 4
10
43
15
45
 2
28
34
         -0.693405
          -1.60929
          -0.48708
         0.0385951
          -1.41561
           0.21439
         -0.736104
          0.396761
          -1.39311
##################### ACCEPTABLE SUBNET NUMBER: 81  #########################
           2.42506
 3
32
12
 6
 3
36
41
14
          0.260938
        -0.0136964
         -0.733797
          0.117644
          -1.01231
          0.254726
          0.220516
          0.127879
         -0.823724
##################### ACCEPTABLE SUBNET NUMBER: 82  #########################
           2.15198
 2
 1
34
 6
41
17
15
46
44
43
           1.94764
            1.9264
          0.911135
           1.48206
           1.27251
          0.968328
           1.27804
          0.289243
          0.253861
          0.609607
          0.848614
##################### ACCEPTABLE SUBNET NUMBER: 83  #########################
           4.24656
 9
26
 9
13
22
50
 1
15
34
 6
 3
43
21
 2
           1.09648
           1.14087
          0.293367
           1.55876
           0.13208
         0.0685548
         0.0180523
          0.026264
          -1.53639
         0.0519307
          -1.31471
         -0.422306
          0.733683
          -1.46685
         -0.982498
##################### ACCEPTABLE SUBNET NUMBER: 84  #########################
           2.32877
 2
 3
29
 1
 2
          0.596723
          0.144181
        -0.0494887
        -0.0577643
         -0.503986
          0.705384
##################### ACCEPTABLE SUBNET NUMBER: 85  #########################
           2.80915
 3
 1
25
32
 6
36
 9
 5
44
37
33
           0.73382
          0.701431
          0.383855
          0.885098
          0.636594
          -1.69387
           0.63511
          0.414024
          0.249057
         -0.329325
         -0.406724
          -1.51259
##################### ACCEPTABLE SUBNET NUMBER: 86  #########################
           5.44652
 5
29
46
31
30
 6
 2
 4
49
          0.335045
          -1.26319
          -0.45917
         -0.574482
          -1.68479
         -0.563205
         -0.453581
         -0.255684
         -0.354986
         -0.689516
##################### ACCEPTABLE SUBNET NUMBER: 87  #########################
           5.03178
 8
42
49
30
11
20
17
29
 8
12
14
23
12
36
50
38
46
35
47
16
48
13
           1.55128
           1.55417
          0.879763
           1.39092
          0.205852
          0.754016
         0.0346183
          -1.66106
          0.442413
            -0.928
          -1.17784
           0.44904
            1.1108
         -0.126214
          -1.51517
        -0.0843529
          0.828125
          0.998225
           1.03497
          0.490327
          0.486386
          -1.07175
          0.818315
##################### ACCEPTABLE SUBNET NUMBER: 88  #########################
           2.52167
 5
16
 1
32
10
38
 2
44
31
          0.721899
          0.664376
         -0.428558
         0.0722493
          0.277572
           0.10281
         -0.387138
          -1.37372
          -1.41188
          -3.40669
##################### ACCEPTABLE SUBNET NUMBER: 89  #########################
           3.96388
 2
26
 1
 2
20
32
          0.583527
          0.627315
          -0.24896
           1.36314
         -0.398459
          0.581933
          -1.16517
##################### ACCEPTABLE SUBNET NUMBER: 90  #########################
           5.83283
 3
33
 1
37
12
32
50
17
21
22
15
13
 4
24
35
16
45
          0.596185
          0.642567
          0.125615
           1.23409
          -0.28764
          -0.97409
          0.462417
            -0.128
          0.586695
         -0.294881
         -0.225065
           -1.1127
         -0.518349
         -0.774974
         -0.968961
         -0.857676
          -1.41602
          -1.01307
##################### ACCEPTABLE SUBNET NUMBER: 91  #########################
           5.01066
 8
10
 6
26
12
28
 8
 7
11
 2
17
 9
        -0.0450662
          -1.24919
         -0.354546
         -0.634387
         -0.109645
          -1.59468
          -1.07097
          -1.41436
          -1.79475
          -1.17446
          -1.50752
          -1.10159
        -0.0715029
##################### ACCEPTABLE SUBNET NUMBER: 92  #########################
           3.24339
 4
38
26
 6
46
 2
14
15
        -0.0915313
          -0.30991
         -0.233426
         0.0417081
        -0.0437519
          0.383401
         -0.158089
          0.353443
          -1.79147
##################### ACCEPTABLE SUBNET NUMBER: 93  #########################
           4.11899
 4
42
30
47
48
 7
27
28
25
46
50
37
 2
         0.0264046
        -0.0671398
         -0.119945
          0.260095
          0.488623
         -0.122043
        -0.0262687
          -1.59402
          0.386319
        -0.0513633
         0.0268176
          -0.74705
         -0.862963
         -0.202765
##################### ACCEPTABLE SUBNET NUMBER: 94  #########################
           2.81298
 4
18
46
 6
 7
11
29
 3
33
 2
24
34
20
26
13
41
37
           1.16869
             1.143
          0.413703
           1.17429
          0.702597
         -0.887459
         -0.866446
          0.628613
         -0.370902
          0.248983
           1.06622
         -0.850791
          0.906893
         -0.262783
          -1.31307
         -0.505043
          0.104693
         0.0216651
##################### ACCEPTABLE SUBNET NUMBER: 95  #########################
           5.73612
 8
31
50
41
22
40
15
 7
13
 2
20
25
            1.9278
           1.96846
           1.04445
          0.876159
         -0.592702
         -0.166422
         0.0119636
        -0.0754662
        -0.0721568
           2.04546
          -0.73716
           1.35933
          -1.84482
##################### ACCEPTABLE SUBNET NUMBER: 96  #########################
            2.8711
 8
12
 1
19
43
30
24
15
42
 4
14
 2
34
33
           1.19638
            1.1502
           1.23052
         0.0372346
           1.05072
         0.0925208
          0.175426
         -0.774468
         -0.265748
         -0.621669
          0.138432
          -1.18964
           1.86144
          0.564098
          -1.29027
##################### ACCEPTABLE SUBNET NUMBER: 97  #########################
           4.76498
 7
 8
50
13
10
37
48
 2
 5
44
41
 3
40
11
           1.49644
           1.37507
           1.30742
            1.3908
           1.33792
           1.29383
         -0.222869
           1.27984
          0.954835
         -0.686502
           1.53869
           0.67782
          -0.76586
          -1.13292
          -2.57076
##################### ACCEPTABLE SUBNET NUMBER: 98  #########################
           4.07737
 4
25
 6
 8
22
 7
37
20
23
 7
47
49
29
           1.38801
           1.38807
           1.02728
           1.44295
         -0.754633
           1.59865
         -0.835363
          0.613677
           1.51111
          0.135133
          -1.32819
         -0.150673
         -0.159782
          0.128986
##################### ACCEPTABLE SUBNET NUMBER: 99  #########################
           5.20857
 4
30
25
 7
21
 4
35
23
 9
31
         -0.178051
         -0.320144
         -0.216221
          0.380717
         0.0396201
         -0.959342
         -0.756279
         -0.732906
         -0.980534
         -0.569323
          -1.22375
##################### ACCEPTABLE SUBNET NUMBER: 100  #########################
           5.96768
 2
 6
38
 1
 7
          -0.76454
          -4.74406
         -0.252243
          0.442626
         -0.871029
           1.10034
----------Number of Acceptable Subnets found: 100 -----------
----------END FOR GENE 39 -----------
