File open successful. It contains: 
Finished reading file, will close now.
File x_dt open successful.
Finished reading file x_dt, will close now.
File sd_d open successful.
Finished reading file sd_d, will close now.
--------START FOR GENE 44 -----------
 Values arranged as error, n_ka, gene ids for ka, n_kd, gene ids for kd,
 r0, d, ea, ka_values, kd_values for each subnet. 
##################### ACCEPTABLE SUBNET NUMBER: 1  #########################
           1.03697
 1
50
12
16
21
 6
 3
31
43
40
41
 1
42
49
35
          -1.05659
          -1.05443
        -0.0585451
           0.93164
          -1.29551
         -0.246958
         -0.205948
          0.317019
          0.754064
          0.513337
         -0.901461
         -0.925363
          0.272173
          0.799755
          0.630571
          0.965331
##################### ACCEPTABLE SUBNET NUMBER: 2  #########################
           1.97486
 9
46
21
38
15
13
17
37
 8
49
 5
48
29
39
 1
 6
           1.33861
           1.51986
          0.825207
          0.269076
           1.35954
          0.489642
           1.56829
         -0.516448
         0.0954638
         -0.812443
          0.967822
          -1.07084
          0.976098
          -1.21326
         -0.619144
           0.12594
        -0.0313974
##################### ACCEPTABLE SUBNET NUMBER: 3  #########################
           2.05624
 0
 1
15
          -1.08227
         -0.797479
           2.32662
          0.929525
##################### ACCEPTABLE SUBNET NUMBER: 4  #########################
           1.23443
 2
15
12
 1
30
          0.597953
          0.754139
         0.0652128
          0.588829
          -1.40325
          -1.07148
##################### ACCEPTABLE SUBNET NUMBER: 5  #########################
           1.13532
 3
 2
34
45
 0
          -1.18925
          -1.11524
          -1.35191
         -0.404062
           0.27625
         -0.863545
##################### ACCEPTABLE SUBNET NUMBER: 6  #########################
           2.03898
 0
 1
 3
          -1.09089
         -0.812765
          0.590333
           0.31164
##################### ACCEPTABLE SUBNET NUMBER: 7  #########################
           2.58572
 3
30
15
17
 8
39
33
32
41
21
48
43
11
          0.182514
          0.347617
           1.70989
          -0.53461
          -1.20362
          0.927904
           1.14921
           1.60347
          0.360683
           1.49707
         -0.502689
         -0.437512
          -1.08158
         -0.101445
##################### ACCEPTABLE SUBNET NUMBER: 8  #########################
            1.0747
 2
11
17
 1
 1
           -1.0972
         -0.888036
         -0.348833
           1.43082
         -0.684236
           1.64065
##################### ACCEPTABLE SUBNET NUMBER: 9  #########################
           1.10533
 4
 7
50
17
29
 6
14
15
36
35
 1
41
          -1.01316
         -0.793808
         -0.113066
          0.544796
           0.17103
          0.436931
         -0.539824
         -0.467948
         -0.538984
           -0.1117
        -0.0512913
        -0.0362929
         -0.247822
##################### ACCEPTABLE SUBNET NUMBER: 10  #########################
          0.656691
 4
34
40
 8
 9
 1
25
         -0.871328
         -0.933319
         -0.770405
          0.158944
         -0.370701
          -1.87683
          0.187747
          -1.82727
##################### ACCEPTABLE SUBNET NUMBER: 11  #########################
           1.38537
 1
34
 1
35
           1.02562
         -0.977268
         -0.612488
          -0.53969
          -2.48339
##################### ACCEPTABLE SUBNET NUMBER: 12  #########################
           1.08446
 1
15
 4
42
 7
 8
20
          0.386273
          0.534443
          0.112731
          0.538674
         0.0483274
          -1.47106
          0.232832
          -0.34081
##################### ACCEPTABLE SUBNET NUMBER: 13  #########################
           1.23283
 2
37
49
 3
25
45
12
          0.798932
          0.929264
         -0.996415
          0.344782
          0.292432
         0.0795918
          -1.65507
          -2.34683
##################### ACCEPTABLE SUBNET NUMBER: 14  #########################
           2.05633
 0
 1
30
         -0.439646
         -0.796621
         -0.132112
          -1.57664
##################### ACCEPTABLE SUBNET NUMBER: 15  #########################
          0.897524
 1
14
 4
23
48
38
32
          0.505791
          0.168623
         -0.124151
         -0.012691
         -0.097238
           -1.1161
          -1.90752
          -1.13333
##################### ACCEPTABLE SUBNET NUMBER: 16  #########################
           2.80836
 7
29
43
30
 2
47
26
 9
 3
40
 7
32
           1.85086
           2.03489
          0.267305
           2.09308
          0.229328
          0.498386
         -0.524258
          0.409958
          -0.23385
           -1.8696
           1.64878
          0.207829
             1.126
##################### ACCEPTABLE SUBNET NUMBER: 17  #########################
           1.51711
 4
27
 4
29
15
 3
33
 6
26
           1.23389
           1.37756
          0.587353
          -0.84924
          -1.23323
          0.452574
        -0.0386089
          0.205431
         -0.526844
          0.504595
##################### ACCEPTABLE SUBNET NUMBER: 18  #########################
           1.12763
 1
17
 0
          0.153186
          0.129497
       -0.00307327
         0.0840037
##################### ACCEPTABLE SUBNET NUMBER: 19  #########################
           2.47452
11
49
41
42
45
 6
 5
28
34
16
43
47
 6
39
15
40
26
38
 7
           1.83481
           1.98292
            1.8866
           1.20441
         -0.207044
          -2.19856
         -0.703376
           0.12074
        -0.0123762
          -1.68413
          0.301612
         -0.331576
         -0.510864
          0.311274
           1.80612
          -1.78031
          -2.27205
           1.09055
         -0.139169
         -0.787407
##################### ACCEPTABLE SUBNET NUMBER: 20  #########################
           1.26436
 1
 2
 7
49
33
 1
10
22
 5
 3
          0.640089
          -1.25235
         -0.104239
           -1.0739
          0.672921
         -0.451217
          0.220364
         -0.895422
           -1.3795
         -0.823442
          0.145794
##################### ACCEPTABLE SUBNET NUMBER: 21  #########################
           1.00278
 4
 4
24
35
42
 6
25
37
46
 3
30
49
           1.08926
           1.23091
          0.147463
          0.666576
          0.553538
         -0.137918
          -1.55052
          0.123177
          0.220528
        -0.0761173
          -1.24876
         -0.065901
          -1.26118
##################### ACCEPTABLE SUBNET NUMBER: 22  #########################
           1.35242
 6
27
 7
33
43
36
23
 5
35
50
 1
10
42
         -0.128428
         -0.810388
         -0.240436
         -0.291277
         -0.278901
          -1.23188
          -1.82969
           -2.3917
           -1.0483
         -0.328421
        -0.0879813
          -1.25688
          -1.21688
           -2.3917
##################### ACCEPTABLE SUBNET NUMBER: 23  #########################
          0.983189
 8
31
 7
39
23
42
14
 3
11
 3
25
 2
47
           1.19135
           1.32284
          0.892498
           1.49744
           1.11777
          -1.04106
          -1.03646
          0.124745
           1.36478
          0.439804
         -0.417056
           1.17707
           1.48549
           1.17723
##################### ACCEPTABLE SUBNET NUMBER: 24  #########################
           1.28282
 3
41
45
50
 6
26
28
48
13
35
 6
          0.193298
          0.328318
           1.94822
         0.0921186
        -0.0751307
         -0.248918
           1.83671
          -2.44717
           1.81556
         -0.257568
          -2.39432
           1.32799
##################### ACCEPTABLE SUBNET NUMBER: 25  #########################
          0.664475
 1
 2
 1
38
          0.377713
        -0.0856481
         -0.165296
          0.229855
          -1.04847
##################### ACCEPTABLE SUBNET NUMBER: 26  #########################
           1.35063
 6
32
 8
33
20
34
37
 0
         -0.261821
         -0.942294
         -0.273667
          -1.05688
          -0.51903
         -0.536886
          -0.49276
         -0.196962
          -0.85399
##################### ACCEPTABLE SUBNET NUMBER: 27  #########################
          0.887116
 1
34
 8
38
 3
 6
20
16
33
14
42
         -0.804772
          -1.14113
          -0.26401
         0.0853508
         -0.294146
         -0.556721
         -0.319901
         -0.363392
         0.0488841
        -0.0332218
         -0.408719
        -0.0259331
##################### ACCEPTABLE SUBNET NUMBER: 28  #########################
           1.67198
 0
 2
31
29
           0.36328
          -1.04611
         -0.411079
         0.0280213
         -0.505729
##################### ACCEPTABLE SUBNET NUMBER: 29  #########################
           1.15216
 6
48
46
32
25
33
21
12
38
 4
30
23
47
20
24
49
50
26
19
 3
           1.25458
         -0.970599
          0.961885
          0.633701
          0.617739
         -0.111546
         -0.112176
           0.86988
         -0.602771
           1.70159
         -0.526878
           1.95804
          0.623272
         -0.432651
         -0.586975
          0.356171
           -1.2557
         -0.692182
          0.218463
          0.218463
          0.838325
##################### ACCEPTABLE SUBNET NUMBER: 30  #########################
           1.41429
 4
 7
45
46
18
 6
 8
10
31
 1
49
27
         -0.119877
         -0.807992
         -0.223662
            -1.682
          -1.68931
          -1.08502
            -1.149
          -1.09347
          -1.67552
          -1.68957
           0.09007
          -1.68991
          -1.43532
##################### ACCEPTABLE SUBNET NUMBER: 31  #########################
           1.29719
 0
 2
30
15
         -0.283627
         -0.751848
         -0.102385
          0.357955
          -1.02428
##################### ACCEPTABLE SUBNET NUMBER: 32  #########################
           1.18291
 3
40
21
 4
 3
48
50
27
           1.70763
           1.85382
           1.58075
           2.26782
          0.778181
         -0.118582
           2.01493
          0.287961
          0.830216
##################### ACCEPTABLE SUBNET NUMBER: 33  #########################
          0.866864
 4
10
 7
41
25
 2
32
42
           1.13965
           1.25268
          0.547077
          0.630172
         -0.834266
         -0.592272
          -1.14714
          0.487262
          0.369139
##################### ACCEPTABLE SUBNET NUMBER: 34  #########################
           1.03646
 5
37
18
20
45
27
 2
24
34
          0.540333
           0.64099
         0.0188431
          0.136676
           0.22928
          0.296493
          -1.39353
          -1.17842
         -0.796448
         -0.126664
##################### ACCEPTABLE SUBNET NUMBER: 35  #########################
           1.33653
 1
 7
 0
          -1.41934
           -1.2315
         -0.813545
          0.592481
##################### ACCEPTABLE SUBNET NUMBER: 36  #########################
           1.28692
 1
 3
 2
31
19
          -0.81214
          -1.25852
         -0.115672
         -0.825561
           0.31727
          0.237236
##################### ACCEPTABLE SUBNET NUMBER: 37  #########################
           1.09114
 4
 2
45
31
18
 7
19
16
46
50
13
42
25
         -0.145213
        -0.0186703
           1.71516
         -0.338851
         -0.320661
          -0.65678
         -0.666024
          -1.30612
           1.58178
           1.65576
         -0.501516
         -0.326653
          -1.06899
          0.198762
##################### ACCEPTABLE SUBNET NUMBER: 38  #########################
           1.37299
 2
 6
 8
 7
33
22
25
35
37
48
12
           1.26407
           1.42364
          0.415913
           1.07852
           1.20362
          0.521291
         -0.430103
          -1.95217
         -0.291108
          -3.28289
         -0.257093
          -1.09247
##################### ACCEPTABLE SUBNET NUMBER: 39  #########################
          0.858792
 4
42
32
10
38
 3
15
25
46
          -1.27669
          -1.09311
         -0.386747
         -0.392311
           0.20438
          0.701697
         -0.190678
          0.196592
         -0.295272
          0.252942
##################### ACCEPTABLE SUBNET NUMBER: 40  #########################
           1.92975
 2
 7
37
 2
11
38
          -1.02661
         -0.780943
         0.0649672
         -0.698747
          0.516443
          0.031735
           -1.5297
##################### ACCEPTABLE SUBNET NUMBER: 41  #########################
            1.5108
 1
 7
 0
          -1.01522
         -0.969881
        -0.0154921
          0.102913
##################### ACCEPTABLE SUBNET NUMBER: 42  #########################
          0.915145
 4
 8
 3
34
26
 0
           1.02135
           1.12039
         0.0378171
        -0.0240628
          0.234247
          0.098454
          -1.55352
##################### ACCEPTABLE SUBNET NUMBER: 43  #########################
          0.523074
 4
 7
 2
31
17
 0
          0.809961
          0.756842
        -0.0518769
          -2.57085
          0.633579
         -0.119659
         -0.596669
##################### ACCEPTABLE SUBNET NUMBER: 44  #########################
           2.05624
 1
33
 0
          -1.08224
         -0.797459
          -1.07094
           3.84383
##################### ACCEPTABLE SUBNET NUMBER: 45  #########################
           2.05624
 0
 1
26
         -0.846862
         -0.797575
         0.0356994
          -1.49688
##################### ACCEPTABLE SUBNET NUMBER: 46  #########################
           1.03338
 1
29
 5
32
26
48
 6
 2
         0.0552847
          0.187503
         -0.144727
          0.580801
          -1.46984
        -0.0676624
          -1.37929
          0.170728
          -1.70087
##################### ACCEPTABLE SUBNET NUMBER: 47  #########################
          0.665524
 1
 2
 0
         0.0499875
         -0.112147
        -0.0662659
          0.414474
##################### ACCEPTABLE SUBNET NUMBER: 48  #########################
           1.07632
 6
23
 8
50
13
22
 4
 1
25
          0.868375
          0.997288
         -0.089509
          0.161764
         -0.374452
          0.309029
         -0.377284
          0.219405
         -0.468092
         -0.624952
##################### ACCEPTABLE SUBNET NUMBER: 49  #########################
             1.988
 6
49
20
14
27
42
40
 3
48
50
28
          0.974552
           1.13995
          0.621494
          0.995433
         -0.496745
          0.328003
           -1.1257
          0.581593
         -0.724014
          0.772476
         -0.412503
         -0.111754
##################### ACCEPTABLE SUBNET NUMBER: 50  #########################
           1.34674
 5
36
10
13
15
21
 1
12
          0.109934
          0.157858
         0.0397169
         -0.303787
         -0.401243
          0.109071
          -2.18146
          -1.48257
          -2.19099
##################### ACCEPTABLE SUBNET NUMBER: 51  #########################
           1.68186
 1
17
 0
         -0.489515
         -0.588749
        -0.0419588
        -0.0832212
##################### ACCEPTABLE SUBNET NUMBER: 52  #########################
          0.846905
11
 4
24
18
27
32
47
45
 8
33
19
13
 1
42
          0.146046
          0.109516
        -0.0212588
           0.01969
        -0.0948956
         0.0325935
         -0.489602
          -1.20145
          -1.02441
          -1.51137
         -0.152413
         -0.221371
         -0.589449
         -0.587899
        -0.0908074
##################### ACCEPTABLE SUBNET NUMBER: 53  #########################
           1.17728
 4
28
37
20
16
 1
25
          -1.01843
         -0.786882
          0.850862
          -0.22617
         -0.580529
         -0.582234
          0.383903
          0.831764
##################### ACCEPTABLE SUBNET NUMBER: 54  #########################
           2.05582
11
37
41
18
30
 3
10
13
27
40
17
 9
 1
31
          -1.08217
         -0.797515
           2.13921
          0.667722
          0.512156
         -0.319176
           1.18889
           1.18889
         -0.319176
          0.479781
          0.479781
         -0.452131
          0.142608
          -1.10579
           1.34789
##################### ACCEPTABLE SUBNET NUMBER: 55  #########################
          0.941875
 7
34
19
 8
 9
16
24
45
 2
33
15
           0.75984
          0.902486
         -0.311302
          0.191987
          0.594255
         -0.567339
          -2.18643
       -0.00107957
         -0.365463
         -0.637778
         -0.329757
         0.0271771
##################### ACCEPTABLE SUBNET NUMBER: 56  #########################
          0.948733
 4
19
36
34
 2
 4
43
50
10
29
          0.860839
           0.98597
          0.171796
          0.691209
         0.0537855
         -0.973807
          0.895751
          0.403616
          0.120436
         -0.841336
         -0.892737
##################### ACCEPTABLE SUBNET NUMBER: 57  #########################
           2.03878
 2
35
 7
 1
31
        -0.0806423
          -0.76934
         -0.230622
         -0.579637
          -2.47117
         -0.539101
##################### ACCEPTABLE SUBNET NUMBER: 58  #########################
          0.763727
 3
 1
29
10
 2
42
28
          -1.18698
         -0.958116
          0.356521
          -1.15076
         -0.273153
           1.35076
          0.737996
          -0.59216
##################### ACCEPTABLE SUBNET NUMBER: 59  #########################
           1.13616
 2
15
14
 0
         0.0639244
        -0.0274475
         -0.033832
         -0.622467
         0.0383313
##################### ACCEPTABLE SUBNET NUMBER: 60  #########################
            1.2481
 6
13
34
46
39
 6
37
 1
10
          0.593304
          0.718103
        -0.0172425
          0.340872
         -0.743724
          0.114143
         -0.540442
          -1.55233
          -1.30553
          -1.98161
##################### ACCEPTABLE SUBNET NUMBER: 61  #########################
           1.49752
 1
40
 5
26
10
 2
39
15
           1.80607
           1.95302
           1.09738
          -1.54739
           1.01753
          -1.10717
         -0.797821
          -1.22463
         -0.588404
##################### ACCEPTABLE SUBNET NUMBER: 62  #########################
           1.15367
 4
 8
50
 2
 1
10
39
40
36
46
45
27
25
23
 9
17
           1.15002
           1.30715
          0.428876
           1.15029
          -1.11078
           1.31876
           0.55294
          0.536403
          -0.41185
         -0.576619
         -0.354884
         -0.527119
          -1.63409
          0.287346
          -1.45875
          0.334444
         -0.716766
##################### ACCEPTABLE SUBNET NUMBER: 63  #########################
           1.14452
 8
33
 7
 3
 4
39
18
38
42
 5
43
 5
21
31
 6
          0.569595
          0.726327
            0.2811
         -0.754428
         -0.705255
           1.10579
          0.435166
         -0.331883
          0.392359
         -0.731142
         -0.610577
           0.51944
          0.151955
          -1.30401
          -1.99534
          -0.27543
##################### ACCEPTABLE SUBNET NUMBER: 64  #########################
           1.22711
 1
34
 0
          -1.19497
             -1.01
          -2.53129
          0.396292
##################### ACCEPTABLE SUBNET NUMBER: 65  #########################
           1.19446
 8
33
19
38
 3
25
 6
 2
14
 7
32
42
 4
11
37
30
47
            1.8458
           1.98836
           1.46867
          0.722701
          0.752372
         -0.486675
            -1.345
          -1.28925
         -0.443367
          0.443416
          0.413619
           1.38104
          0.513821
         0.0220025
           -1.2664
          -1.85245
            1.1276
         0.0952803
##################### ACCEPTABLE SUBNET NUMBER: 66  #########################
           1.44763
 6
 6
17
50
20
49
28
 2
 5
16
          -1.02397
         -0.814556
          0.832917
          -2.44087
         -0.259639
         -0.335481
         -0.354499
         -0.704734
         -0.263922
          0.728273
          0.763216
##################### ACCEPTABLE SUBNET NUMBER: 67  #########################
           2.05577
 0
 1
49
          -1.03875
         -0.797679
          0.243832
         -0.540428
##################### ACCEPTABLE SUBNET NUMBER: 68  #########################
           1.85776
 2
50
32
 3
 3
19
14
         0.0924262
         -0.779359
         -0.295388
         -0.449852
         -0.498505
          -1.63717
          -1.62217
          -1.71185
##################### ACCEPTABLE SUBNET NUMBER: 69  #########################
           1.24183
 1
29
 0
          0.372192
          0.512523
         0.0142365
          0.497476
##################### ACCEPTABLE SUBNET NUMBER: 70  #########################
           1.15525
 1
15
 3
42
35
 7
          0.384989
          0.538952
         0.0899427
          0.614024
         0.0228969
          -0.21336
         -0.121176
##################### ACCEPTABLE SUBNET NUMBER: 71  #########################
           1.27047
 1
29
 2
16
11
           1.78255
           1.93355
        0.00685509
          0.550715
         -0.112084
          -1.68219
##################### ACCEPTABLE SUBNET NUMBER: 72  #########################
           1.15164
 4
46
29
25
 2
 0
           1.42279
           1.55301
         -0.336853
         0.0923379
          0.469225
          -1.23386
          -1.30105
##################### ACCEPTABLE SUBNET NUMBER: 73  #########################
           1.56197
 4
42
 5
50
28
 3
 4
48
38
          -1.01384
         -0.797146
          0.587144
          0.147216
         -0.224646
         -0.221269
         -0.380571
          -1.48971
          0.534138
         -0.253545
##################### ACCEPTABLE SUBNET NUMBER: 74  #########################
           1.93169
 5
50
17
26
27
 3
 0
         -0.513695
         -0.742675
        -0.0930946
         -0.431919
         -0.268918
          -1.67211
          -1.22102
          -1.23999
##################### ACCEPTABLE SUBNET NUMBER: 75  #########################
           1.54805
 1
33
 2
45
 8
         -0.015894
          -1.11942
         -0.340483
         -0.412465
           0.10311
         -0.807539
##################### ACCEPTABLE SUBNET NUMBER: 76  #########################
           1.15985
 0
 2
11
25
          0.401315
         -0.844038
         -0.364554
         -0.255259
       0.000864952
##################### ACCEPTABLE SUBNET NUMBER: 77  #########################
           1.20003
 3
15
17
19
 5
37
50
23
32
48
          0.785396
          0.940839
        0.00687032
          0.650865
          0.271942
          0.193583
        -0.0871933
         -0.212077
          0.151333
         -0.901527
         -0.603345
##################### ACCEPTABLE SUBNET NUMBER: 78  #########################
           2.04016
 3
12
17
28
 0
          -0.22611
         -0.797377
         -0.197725
          -1.10205
         -0.658971
         -0.658971
##################### ACCEPTABLE SUBNET NUMBER: 79  #########################
             1.588
 4
 1
46
50
33
 3
39
48
26
          0.383932
           0.52278
          0.743995
          0.792864
         -0.525728
          0.278117
         -0.260128
          0.697311
         -0.252818
         -0.307457
##################### ACCEPTABLE SUBNET NUMBER: 80  #########################
           1.32149
 5
27
 2
10
35
33
 1
21
           1.17032
           1.20779
          0.029029
          0.137317
         -0.116778
          -0.82315
         -0.638269
          -0.60429
         -0.692309
##################### ACCEPTABLE SUBNET NUMBER: 81  #########################
           1.53793
 3
17
37
39
 0
         -0.101336
         -0.563162
         -0.177385
         -0.219064
          -1.36586
         -0.378778
##################### ACCEPTABLE SUBNET NUMBER: 82  #########################
            1.7249
 1
45
 1
 5
          -1.19178
         -0.911975
           1.26211
         -0.651546
           1.13298
##################### ACCEPTABLE SUBNET NUMBER: 83  #########################
           1.16524
 7
15
10
28
29
25
22
23
 0
         0.0653698
         0.0468731
        -0.0121978
         -0.189925
         0.0777509
         -0.129365
          0.020406
         -0.485292
         -0.889204
         -0.894518
##################### ACCEPTABLE SUBNET NUMBER: 84  #########################
          0.764205
 3
17
35
34
 4
38
26
31
15
          0.467013
          0.544595
        0.00884853
          0.295605
          0.176812
         0.0389783
         -0.257695
         -0.659151
         0.0213536
          -1.14281
##################### ACCEPTABLE SUBNET NUMBER: 85  #########################
           1.33701
 1
 3
 1
21
          0.478144
          0.557278
          0.061083
          0.179371
         -0.201096
##################### ACCEPTABLE SUBNET NUMBER: 86  #########################
          0.557886
 4
20
 2
27
50
 2
30
38
            0.8338
            0.8776
          0.751873
           1.26436
          -1.43258
           -1.5298
           -1.3958
          0.857313
          0.962151
##################### ACCEPTABLE SUBNET NUMBER: 87  #########################
          0.640764
 2
23
34
 3
17
 1
 2
         -0.129225
         -0.768477
         -0.207622
         -0.236021
          -0.96858
          -3.05662
          0.355418
          -1.60368
##################### ACCEPTABLE SUBNET NUMBER: 88  #########################
           1.44513
 0
 1
36
         -0.363989
          -1.26481
         -0.200658
          0.375023
##################### ACCEPTABLE SUBNET NUMBER: 89  #########################
          0.698363
 3
29
18
 2
 0
           0.11623
          0.215666
        -0.0348546
          0.183375
          0.144345
          0.770111
##################### ACCEPTABLE SUBNET NUMBER: 90  #########################
           1.26274
 2
43
31
 0
          0.730944
          0.648196
        -0.0487432
         0.0696286
          -2.03231
##################### ACCEPTABLE SUBNET NUMBER: 91  #########################
           2.05625
 0
 1
 8
         -0.981043
         -0.797189
          0.145711
          -1.95762
##################### ACCEPTABLE SUBNET NUMBER: 92  #########################
           1.07977
 3
46
12
 7
 1
22
          0.858017
           0.86709
        -0.0141873
         -0.123948
         0.0647669
        -0.0550579
          -1.81551
##################### ACCEPTABLE SUBNET NUMBER: 93  #########################
           1.56092
 0
 1
48
           13.2459
          -0.79707
          -3.56563
        -0.0548486
##################### ACCEPTABLE SUBNET NUMBER: 94  #########################
           1.24116
 9
27
12
 7
 8
42
18
22
28
46
 4
39
26
38
24
           1.10426
           1.24021
          0.899559
         -0.338204
         -0.373896
          -1.41198
          0.384419
         -0.746295
           1.00727
         -0.564624
         -0.749169
          -1.95377
          0.679435
          0.833165
          0.427317
         -0.844227
##################### ACCEPTABLE SUBNET NUMBER: 95  #########################
           2.05619
 1
26
 0
          -0.25325
         -0.797601
         -0.189869
          -1.15831
##################### ACCEPTABLE SUBNET NUMBER: 96  #########################
           1.06209
 4
50
19
46
34
 3
48
 6
29
         -0.657998
         -0.518285
         -0.566852
          0.346853
         -0.644475
         -0.693456
         -0.853239
         -0.116794
         0.0118116
         -0.349633
##################### ACCEPTABLE SUBNET NUMBER: 97  #########################
           1.07503
 3
25
50
47
 1
42
        -0.0362149
         -0.832233
         -0.232512
          -1.59122
         -0.631907
         -0.928729
          0.085365
##################### ACCEPTABLE SUBNET NUMBER: 98  #########################
           1.39661
 0
 4
30
 6
21
50
         -0.300526
         -0.762831
         -0.139074
          0.215172
          -1.09302
          -0.29155
          -0.79257
##################### ACCEPTABLE SUBNET NUMBER: 99  #########################
          0.851806
 8
 3
12
34
30
24
40
39
47
 2
42
37
          0.745506
          0.846638
          0.101856
          0.523438
          0.322059
          0.197366
         -0.213145
          -0.49842
         -0.432402
         -0.780943
          -1.09568
          0.116084
          0.272429
##################### ACCEPTABLE SUBNET NUMBER: 100  #########################
           2.05625
 1
18
 0
         -0.173215
         -0.797378
         -0.212954
          -2.28125
----------Number of Acceptable Subnets found: 100 -----------
----------END FOR GENE 44 -----------
