File open successful. It contains: 
Finished reading file, will close now.
File x_dt open successful.
Finished reading file x_dt, will close now.
File sd_d open successful.
Finished reading file sd_d, will close now.
--------START FOR GENE 46 -----------
 Values arranged as error, n_ka, gene ids for ka, n_kd, gene ids for kd,
 r0, d, ea, ka_values, kd_values for each subnet. 
##################### ACCEPTABLE SUBNET NUMBER: 1  #########################
           2.55173
 7
30
24
 5
 1
47
 7
32
 9
 4
 3
37
13
20
25
18
 2
29
            1.0284
           1.07872
           0.48261
          0.956717
       0.000709193
         -0.181358
         0.0261209
          -1.53514
         -0.823512
          -1.49356
         -0.770175
         -0.641742
          0.203942
          0.194238
            0.7248
         -0.565074
          0.232398
          -1.32132
          -1.93745
##################### ACCEPTABLE SUBNET NUMBER: 2  #########################
           2.96147
 6
21
45
18
 6
12
16
 4
25
20
36
14
          0.663653
          0.698068
          0.687172
          0.210461
         -0.149254
          0.429949
         -0.165969
          0.695544
         -0.806708
           0.39681
          0.841991
        -0.0367543
         -0.148265
##################### ACCEPTABLE SUBNET NUMBER: 3  #########################
           1.61528
 4
 1
10
45
 7
 7
15
 9
26
21
22
13
 3
          0.724022
          0.763848
          0.461564
           1.51211
           1.43586
          -2.01181
           1.35689
           1.18205
           1.04061
         -0.966176
           1.05508
          -1.11404
          -1.49373
          0.253389
##################### ACCEPTABLE SUBNET NUMBER: 4  #########################
           1.48685
 7
35
36
22
23
 3
 7
33
 7
47
28
 1
32
11
16
50
           1.93519
           1.70315
           1.59021
          0.245201
          -1.84593
          0.126708
            1.4272
          -1.86015
         -0.148968
          0.747131
            1.1052
           1.97454
          0.434828
           1.50017
         -0.508613
         -0.241766
         -0.101184
##################### ACCEPTABLE SUBNET NUMBER: 5  #########################
            2.6128
 6
42
 1
30
26
45
49
 4
12
17
21
20
          0.149881
          0.197767
           0.13308
          0.615689
          0.902956
          0.301242
         -0.784317
          0.249821
          -1.98138
           0.53831
         -0.803095
         -0.488034
         -0.915859
##################### ACCEPTABLE SUBNET NUMBER: 6  #########################
           2.97847
 3
23
43
17
 7
 2
30
11
13
36
44
26
         -0.172952
         -0.530655
        -0.0435557
         -0.354564
          -1.14135
         -0.177113
          0.377376
          -0.63891
          -1.17601
         -0.554176
          -1.15744
          -1.25913
         -0.419408
##################### ACCEPTABLE SUBNET NUMBER: 7  #########################
           2.54429
 3
42
 3
17
 4
25
 4
43
40
          0.691012
          0.712057
          0.111777
           0.82918
          -0.14918
          -0.51104
          0.605391
          0.593273
          0.325925
          0.130071
##################### ACCEPTABLE SUBNET NUMBER: 8  #########################
           2.50952
 2
26
12
 1
36
          0.826057
          0.894692
         -0.414383
          0.922024
         -0.336377
          -1.55502
##################### ACCEPTABLE SUBNET NUMBER: 9  #########################
            2.2628
 4
16
33
29
31
 3
 2
30
42
          0.956172
           1.01725
           0.35819
           1.50557
         -0.367616
          -0.20471
         -0.448048
           1.25104
          0.446625
           -1.2954
##################### ACCEPTABLE SUBNET NUMBER: 10  #########################
           2.93889
 3
41
36
18
 7
47
29
32
22
11
33
 2
          0.560007
          0.499219
           0.15977
          0.278128
         -0.857914
          -1.37875
         -0.282156
          0.146155
        0.00930893
         -0.758529
         -0.328618
         0.0800452
         0.0251744
##################### ACCEPTABLE SUBNET NUMBER: 11  #########################
           1.48837
 5
15
 9
 7
14
27
15
26
47
41
23
28
37
35
 8
48
 4
36
43
40
33
16
           1.83783
           1.66658
           1.28453
           1.23864
          0.271159
         -0.129073
         -0.562087
          0.273714
          -1.05959
          -1.45694
          0.402016
         0.0805027
           1.67879
         -0.826932
         -0.767676
         -0.184094
          -1.98558
         -0.671083
          -1.21429
          0.748193
          -0.72175
          0.123415
           1.02189
##################### ACCEPTABLE SUBNET NUMBER: 12  #########################
           2.63637
 4
30
15
44
36
 7
14
17
 8
 9
 7
25
38
           1.00432
           1.06173
          0.265377
          0.968225
          -1.29899
         -0.375892
          -1.39902
          0.665536
         -0.659666
         -0.881793
          -1.12328
         -0.103286
       -0.00632885
          -1.38515
##################### ACCEPTABLE SUBNET NUMBER: 13  #########################
           1.92931
11
 7
26
17
34
27
10
24
22
15
38
28
 3
16
 2
30
           1.79483
           1.83613
          0.777602
           1.71696
          0.266625
         -0.549175
          -1.40723
          -1.68637
         -0.955364
          0.367601
         -0.795512
          0.425921
          0.930272
         -0.541729
          0.189864
           1.59998
          0.536815
##################### ACCEPTABLE SUBNET NUMBER: 14  #########################
           2.48709
 0
 3
50
17
 2
          0.435647
          0.445943
            0.4967
         -0.177363
         -0.433956
           1.04965
##################### ACCEPTABLE SUBNET NUMBER: 15  #########################
           1.15871
 7
27
 6
34
 4
39
 7
37
 3
28
48
42
          0.941626
          0.440408
         0.0631715
         0.0996944
        -0.0753001
         -0.628926
          -1.61416
         -0.983161
         -0.188158
         -0.426114
          0.583599
        -0.0269154
           -1.7099
##################### ACCEPTABLE SUBNET NUMBER: 16  #########################
           2.29328
 2
17
50
 2
45
28
           1.81267
           1.76099
           1.10003
          -1.65876
          -0.68298
          0.411862
           1.39558
##################### ACCEPTABLE SUBNET NUMBER: 17  #########################
           2.58534
 5
39
41
26
36
13
 6
 2
29
47
24
38
19
           1.37567
           1.43774
          0.980422
           1.36971
          0.450016
          0.129882
         -0.590196
          -1.65238
           1.60497
         -0.112002
           -1.1227
          -1.30117
          -1.50594
          -2.52508
##################### ACCEPTABLE SUBNET NUMBER: 18  #########################
           2.30793
 6
 1
 8
21
24
13
16
 5
35
36
 7
20
10
           1.00741
           1.02541
          0.951972
           1.24849
        -0.0589081
         -0.338457
            -1.705
          -1.79219
          -1.04735
         -0.107228
           1.03846
         -0.666089
         -0.966892
          0.391794
##################### ACCEPTABLE SUBNET NUMBER: 19  #########################
           2.57336
 1
 3
 2
28
25
          0.456815
          0.430915
          0.596422
          0.348558
          0.861267
        -0.0378026
##################### ACCEPTABLE SUBNET NUMBER: 20  #########################
           2.98834
 7
35
37
 7
26
38
40
 2
 7
48
23
 9
13
15
27
18
           1.11163
           1.18021
          0.524068
          0.126843
         -0.212692
          0.691549
           1.63239
          -1.50045
          -1.41637
          -1.23227
          0.080329
          0.719915
          0.236676
          -0.89751
         -0.644666
          -1.01809
          -0.80753
##################### ACCEPTABLE SUBNET NUMBER: 21  #########################
            2.9883
 1
26
 0
           1.38599
           1.45447
         -0.270159
          0.909774
##################### ACCEPTABLE SUBNET NUMBER: 22  #########################
           2.36234
 1
22
 4
 2
47
32
39
          0.573216
          0.414372
         0.0884361
         -0.513769
          0.666365
        -0.0676248
         -0.976977
         -0.984681
##################### ACCEPTABLE SUBNET NUMBER: 23  #########################
           2.78363
 0
 7
20
23
48
22
38
35
 3
           1.03398
           1.07157
           1.59549
            1.6768
         -0.655406
           1.30866
          -0.16752
         -0.683653
         0.0831017
          0.757317
##################### ACCEPTABLE SUBNET NUMBER: 24  #########################
           2.99245
 8
27
24
34
42
36
 2
49
41
 5
20
12
 5
30
45
             1.016
           1.06628
           1.28511
         -0.841836
         -0.618772
          0.822903
          0.907072
        -0.0840074
          -0.80222
         -0.219822
          -0.72101
           1.36266
           0.18678
         -0.063644
         -0.394125
         -0.157658
##################### ACCEPTABLE SUBNET NUMBER: 25  #########################
           1.59846
14
41
 8
32
12
33
11
25
48
 5
43
17
 7
30
37
 1
28
          0.890994
          0.760575
            -0.275
          0.341948
          0.372458
          0.378354
          0.418997
         0.0285851
           0.19971
         -0.323365
          -1.13794
         0.0295497
          -1.37676
         -0.725143
         -0.952542
          -2.84596
         -0.683993
          0.761339
##################### ACCEPTABLE SUBNET NUMBER: 26  #########################
           1.30128
 4
 1
45
10
38
 4
42
28
31
36
          0.682366
          0.127576
        -0.0213046
        -0.0226716
         0.0033369
          -1.29111
         -0.329206
          0.134592
          0.481446
         -0.192532
         -0.120421
##################### ACCEPTABLE SUBNET NUMBER: 27  #########################
            2.5214
 0
 2
 2
32
         0.0355681
         0.0688796
           1.54677
           2.03149
         -0.220216
##################### ACCEPTABLE SUBNET NUMBER: 28  #########################
           1.07289
 5
37
12
21
30
32
 2
28
 2
           1.43538
           1.05219
          0.293969
          0.329077
         -0.740014
         -0.233186
          0.075416
         -0.558525
          0.799738
         -0.622922
##################### ACCEPTABLE SUBNET NUMBER: 29  #########################
           2.07814
 1
 1
11
27
18
20
26
 7
36
 3
22
 4
17
41
           1.17745
           1.21651
           1.00484
           1.37068
          0.244507
          0.277221
           1.23272
          -3.15764
          0.637909
          -1.14363
          -1.86763
          0.632122
          0.371846
         -0.920142
         -0.393626
##################### ACCEPTABLE SUBNET NUMBER: 30  #########################
           1.88725
 5
47
 9
39
30
 5
 3
28
19
32
           1.93502
           1.76072
           1.11169
          0.689075
           1.26909
         -0.102146
         -0.602417
            1.0565
           1.51868
         -0.671958
          -1.70396
##################### ACCEPTABLE SUBNET NUMBER: 31  #########################
           2.39278
 1
30
 4
 6
 9
27
22
         -0.510546
         -0.757823
         -0.222488
          0.384281
         -0.242344
         0.0655574
         -0.607735
          -1.30236
##################### ACCEPTABLE SUBNET NUMBER: 32  #########################
           2.75346
 9
36
28
48
29
11
45
18
35
19
 6
22
49
23
47
26
16
           1.11546
           1.17533
           1.20909
           1.02796
           1.40158
           1.52903
           1.11468
          0.234315
         -0.229421
           2.22811
         -0.799952
         -0.685742
           1.67826
           1.38379
         -0.508623
          -1.12728
          -1.19838
         -0.772783
##################### ACCEPTABLE SUBNET NUMBER: 33  #########################
           2.63905
 3
33
 1
 7
 1
23
         0.0278519
         0.0679832
         -0.340651
          0.404999
          0.418894
         -0.153406
          -0.16903
##################### ACCEPTABLE SUBNET NUMBER: 34  #########################
           2.84904
 1
30
 3
36
 1
22
         -0.664204
         -0.804179
         -0.262149
          0.465969
         -0.600935
         -0.937926
         -0.123189
##################### ACCEPTABLE SUBNET NUMBER: 35  #########################
           2.54565
 5
13
20
22
38
10
 5
17
43
39
50
33
           2.05847
           1.79634
          0.133875
        -0.0743735
          -1.97382
         0.0298779
          -1.39249
         0.0541881
          0.312581
         -0.135112
          0.172929
         -0.572276
         -0.594634
##################### ACCEPTABLE SUBNET NUMBER: 36  #########################
           2.61071
 2
40
37
 6
 2
47
32
25
28
10
        -0.0881636
        -0.0771672
          0.306721
          -1.40291
          -1.30189
          0.759653
          -1.54425
         -0.140123
          -1.26977
         -0.676031
          -0.21467
##################### ACCEPTABLE SUBNET NUMBER: 37  #########################
           2.59118
 2
41
 6
 4
44
48
14
 8
          0.703771
          0.727572
         -0.120536
          0.549984
          0.415701
          0.380533
        -0.0865159
         -0.150796
          -1.40981
##################### ACCEPTABLE SUBNET NUMBER: 38  #########################
            2.1883
 3
18
32
35
 3
34
21
26
         0.0509542
         0.0192532
         -0.123904
          0.872144
           0.37515
          -1.10961
          0.593433
          0.449633
         -0.188096
##################### ACCEPTABLE SUBNET NUMBER: 39  #########################
           2.83333
 4
16
 1
39
43
 6
37
33
26
 4
27
 5
           1.34033
           1.40184
          0.705455
           1.83318
           1.39662
         0.0189107
          -1.12891
           1.10534
          0.206781
         -0.389387
          0.136105
         -0.152286
         -0.838447
##################### ACCEPTABLE SUBNET NUMBER: 40  #########################
           2.37297
 2
37
 7
 0
          -0.56802
          -1.83509
         -0.451344
         -0.104595
          -1.25813
##################### ACCEPTABLE SUBNET NUMBER: 41  #########################
           2.99902
 2
19
16
 5
49
36
29
21
41
          -1.21154
          -1.92875
          -1.45887
          0.342274
          -1.72593
          -1.73101
          -1.72585
          -1.72585
          -1.72585
           -1.0403
##################### ACCEPTABLE SUBNET NUMBER: 42  #########################
           2.90873
 5
41
20
 6
42
19
 6
17
33
 2
48
26
 8
           1.68721
           1.72657
            1.1743
           1.36854
         -0.614309
          0.878846
          -1.17266
          -1.36906
           1.21369
         -0.740853
          -0.44433
           1.04822
          0.705459
          -2.42747
##################### ACCEPTABLE SUBNET NUMBER: 43  #########################
           2.44659
 1
30
 1
14
          0.087699
          0.109808
         -0.885423
          0.698799
          0.358082
##################### ACCEPTABLE SUBNET NUMBER: 44  #########################
           0.74773
 4
50
30
 7
48
 2
28
 6
           1.32203
          0.587412
        -0.0259696
          0.075414
         0.0048519
         -0.200734
         -0.183356
          0.618762
         -0.891233
##################### ACCEPTABLE SUBNET NUMBER: 45  #########################
           2.76423
 7
22
50
 9
 5
 6
35
10
 5
20
25
 7
42
49
           1.06436
           1.10979
          0.538472
           0.41973
          -0.51755
          0.906912
          0.609207
         -0.628641
          -0.26272
           1.03693
           0.77448
         -0.110382
         -0.587269
          -1.56362
          -1.26504
##################### ACCEPTABLE SUBNET NUMBER: 46  #########################
            2.2904
 3
41
18
27
 4
48
43
33
32
           1.36204
           1.19254
          0.752996
        -0.0376767
         -0.333876
          0.327367
          0.625937
          0.888154
          0.695397
          0.210023
##################### ACCEPTABLE SUBNET NUMBER: 47  #########################
           2.45201
 1
41
 4
 2
16
24
26
          0.937944
          0.930127
          0.658535
          0.261219
           1.24258
          -0.47197
          0.483696
         -0.884704
##################### ACCEPTABLE SUBNET NUMBER: 48  #########################
           2.80059
10
43
 6
28
32
24
38
29
50
44
40
10
 2
14
 7
16
45
33
31
30
 8
 5
           1.29807
           1.32516
            1.4195
        -0.0549922
           1.14713
          -1.48823
          0.484147
           1.64121
          0.232937
           1.52702
          -1.47306
         -0.502815
          0.197088
           1.51085
           1.65765
          0.669905
           1.15308
         -0.801554
            1.0764
          0.173923
          0.140729
          0.958499
          -1.43519
##################### ACCEPTABLE SUBNET NUMBER: 49  #########################
           2.80487
 1
 1
 5
 3
16
 8
 7
25
         0.0109549
         0.0637986
          0.443598
           1.05188
          0.654998
          -0.65484
          -1.17084
          -1.15636
         -0.156588
##################### ACCEPTABLE SUBNET NUMBER: 50  #########################
           2.39977
 1
29
 2
13
28
          -1.10241
          -1.84422
         -0.865093
           0.23029
         -0.874667
         -0.869505
##################### ACCEPTABLE SUBNET NUMBER: 51  #########################
           1.65647
 4
 6
11
34
13
 5
28
 5
10
38
26
          0.987193
          0.840468
          0.264659
          0.239776
         -0.867632
         -0.346176
           -1.9997
          0.634622
         -0.515854
          -1.46346
          -0.72935
           -1.7773
##################### ACCEPTABLE SUBNET NUMBER: 52  #########################
           2.31918
 5
11
41
18
42
 6
 2
 2
16
          0.128559
          0.178098
          0.283069
         -0.250109
           1.70751
           0.19301
         -0.718633
          -1.21489
           1.90592
         -0.699506
##################### ACCEPTABLE SUBNET NUMBER: 53  #########################
           2.75023
 3
 7
 8
 1
 1
20
          0.871553
           0.91784
            0.8751
           1.26378
           1.12826
          0.657039
           1.07022
##################### ACCEPTABLE SUBNET NUMBER: 54  #########################
           2.28359
 1
 6
 3
14
 8
37
         -0.016802
        -0.0823827
          0.131851
           0.43083
           0.39219
        -0.0931075
         -0.185788
##################### ACCEPTABLE SUBNET NUMBER: 55  #########################
           2.92613
12
38
16
26
42
 3
 9
32
43
35
 2
 6
41
 6
29
 8
39
 7
34
37
            1.3083
           1.37541
          0.704822
          0.447926
          -2.20442
           1.91356
         -0.960082
          0.384666
         -0.122953
           -2.1978
          -1.31945
          -2.05201
         -0.703507
         -0.652242
          -2.15648
          0.984877
          0.963404
          0.651821
          0.786077
            1.0841
         -0.669825
##################### ACCEPTABLE SUBNET NUMBER: 56  #########################
           2.02922
18
11
19
21
27
 3
41
14
50
43
 1
20
 8
39
 7
29
23
 4
49
10
28
32
48
34
26
30
25
36
42
31
           1.60884
           1.54218
           1.63429
           0.57617
         -0.624092
           1.52013
           0.24876
         -0.326625
          0.773668
          0.177834
         -0.171644
         -0.743327
          -1.65939
         -0.923384
            1.3269
          0.539725
          0.881072
           -1.5477
           1.38377
          0.013416
           1.03476
           1.95327
           1.00641
         -0.109029
          -1.24332
           0.76375
           -1.1914
         -0.831538
         0.0631986
         -0.151391
          0.624702
##################### ACCEPTABLE SUBNET NUMBER: 57  #########################
           2.96059
 4
26
20
10
43
 3
28
33
30
           1.30725
           1.37451
         -0.327956
          0.915344
         -0.674622
         -0.452604
         -0.668008
          -1.08249
         -0.807754
          -1.51644
##################### ACCEPTABLE SUBNET NUMBER: 58  #########################
          0.905843
 4
 6
18
17
38
 6
28
23
 2
30
 1
 8
          0.656342
          0.363994
          0.737426
          0.862926
          0.762658
          0.752648
          -0.32154
            1.2205
         -0.394514
          0.754792
          -0.33407
          0.869749
         0.0758774
##################### ACCEPTABLE SUBNET NUMBER: 59  #########################
           2.34454
 5
19
34
45
41
12
 4
 2
31
50
21
           1.15049
           1.13874
          0.943312
         -0.524938
          0.761148
          0.182704
         -0.567759
         -0.750945
           1.53816
          0.550632
         -0.448631
          0.690927
##################### ACCEPTABLE SUBNET NUMBER: 60  #########################
           2.28947
 8
 6
41
34
43
45
 4
49
50
11
22
37
25
27
33
11
40
32
36
23
 2
          0.306743
          0.260805
          0.273749
          0.527503
          0.062905
          -1.59829
         -0.513529
         -0.296865
       -0.00807017
         -0.176139
          0.183408
          0.283595
         -0.139936
          -0.59777
          0.399648
         -0.316692
          -1.72586
          -1.69777
         -0.548457
          0.242763
         -0.924767
          0.812115
##################### ACCEPTABLE SUBNET NUMBER: 61  #########################
           2.47283
 5
30
 1
35
17
13
 4
27
48
28
 9
          0.162045
          0.180687
         -0.034206
          0.757092
          0.429674
          -1.99692
          -1.31726
          -1.99436
          0.358157
        -0.0748099
          0.402238
         0.0647506
##################### ACCEPTABLE SUBNET NUMBER: 62  #########################
           2.77187
11
42
49
11
24
15
38
 6
44
33
 2
14
 4
23
43
40
36
           1.98885
           2.03203
            1.4536
           1.24052
          0.292741
          0.700281
         -0.173169
         -0.944112
         -0.358102
           1.76246
         -0.293656
         -0.107933
         0.0526159
          -1.10982
           1.64054
         -0.686319
         -0.930066
           1.00449
##################### ACCEPTABLE SUBNET NUMBER: 63  #########################
           2.68442
 1
31
 9
43
24
13
33
25
34
45
50
10
           1.40331
           1.32449
           1.37133
         -0.356659
           1.47029
         -0.467299
          -1.15643
           1.26406
         -0.720439
          -1.74659
          -1.15685
          -1.03222
         -0.382091
##################### ACCEPTABLE SUBNET NUMBER: 64  #########################
           2.94238
 4
45
41
11
15
 2
20
 2
          0.632654
          0.664189
           1.04859
           1.18904
          -0.35793
         -0.352983
          0.981096
           1.30279
          0.162754
##################### ACCEPTABLE SUBNET NUMBER: 65  #########################
           0.88276
 4
 6
 7
29
 8
 3
28
35
33
          0.952779
          0.630003
          0.770365
          0.752714
          0.583955
           0.78983
          0.129896
           1.25609
          0.398931
         -0.874219
##################### ACCEPTABLE SUBNET NUMBER: 66  #########################
           2.49071
 4
15
35
44
24
 8
14
33
39
25
 2
 8
17
32
           1.78544
            1.7546
           1.17068
            1.3305
          -2.20764
         -0.635441
          -2.28157
           1.43402
           1.05688
         -0.790104
          -1.22633
         -0.148179
           1.04235
          0.696591
         -0.259464
##################### ACCEPTABLE SUBNET NUMBER: 67  #########################
            2.8222
 4
25
26
21
44
 5
28
14
 1
11
20
           1.54421
             1.608
           1.03818
           1.66312
          0.964834
         0.0841045
          -1.76654
          0.513163
           1.38996
         -0.667179
         -0.542941
         -0.640414
##################### ACCEPTABLE SUBNET NUMBER: 68  #########################
            2.5376
 1
 1
 4
27
17
49
39
           1.60653
           1.64553
          0.500495
          0.894136
          0.637315
         -0.099351
         -0.513697
          -1.82333
##################### ACCEPTABLE SUBNET NUMBER: 69  #########################
           2.97582
 3
50
48
16
 2
20
10
           1.58018
           1.62953
           1.27578
          0.591522
          0.490651
        -0.0853018
           1.36068
         -0.368011
##################### ACCEPTABLE SUBNET NUMBER: 70  #########################
           2.87006
10
20
37
10
 3
14
 5
42
 6
18
24
17
25
23
43
 7
44
47
16
 4
22
12
41
17
36
19
32
28
26
           1.85184
           1.86107
           1.79192
          0.111732
         -0.759229
          -1.04569
         -0.467113
         -0.316894
            1.2881
          0.205285
           1.72429
         -0.669933
          -1.44923
           0.19417
         -0.842187
           1.86027
          0.145581
         -0.850321
          0.169869
          0.281399
          0.822926
        -0.0776855
          0.601453
         -0.690511
         -0.848947
          0.286042
          -2.20851
          -1.67047
          0.265623
           1.13264
##################### ACCEPTABLE SUBNET NUMBER: 71  #########################
           2.74886
 5
 1
33
25
30
40
 4
 6
49
48
18
           1.57198
           1.61655
           1.35229
           1.95127
          0.251187
         -0.267548
          -0.10822
          0.131292
            1.7193
          0.586992
        -0.0797971
           0.65291
##################### ACCEPTABLE SUBNET NUMBER: 72  #########################
           1.66165
 3
 6
 7
 5
 9
 4
14
12
43
42
32
31
50
40
         -0.405955
         -0.744849
          0.112557
          0.628498
         -0.145476
          -2.47515
          0.283677
          -1.38696
          0.485726
          0.421785
          0.219288
         -0.477174
          -2.43144
         -0.733267
          -1.01943
##################### ACCEPTABLE SUBNET NUMBER: 73  #########################
           2.66176
 0
 2
 7
 2
           1.08481
           1.00965
          0.176856
         -0.816442
           0.77899
##################### ACCEPTABLE SUBNET NUMBER: 74  #########################
           2.93357
 1
30
 0
         -0.664883
         -0.978097
         -0.155353
          0.324349
##################### ACCEPTABLE SUBNET NUMBER: 75  #########################
           2.69964
 7
38
 6
12
 1
41
30
37
 8
43
42
36
 4
21
20
33
 7
           1.53685
           1.50054
           1.50035
          -1.98366
           1.53653
          0.315968
         -0.105737
          0.701424
          0.179148
          0.306096
           1.61827
           1.37159
        -0.0184851
        -0.0468038
          -1.05507
          0.746527
           -1.7193
            -0.417
##################### ACCEPTABLE SUBNET NUMBER: 76  #########################
           2.20471
 2
 1
27
 5
 4
38
 6
23
50
           1.43014
            1.4769
          0.967102
           1.46345
         -0.508258
         -0.280775
          -0.75227
         -0.517728
            1.1553
          -1.00143
##################### ACCEPTABLE SUBNET NUMBER: 77  #########################
            2.5768
 2
38
30
 0
         -0.545306
         -0.984712
         -0.475121
         -0.231864
          0.300385
##################### ACCEPTABLE SUBNET NUMBER: 78  #########################
           2.11106
 3
 1
39
50
 7
23
25
11
27
42
 9
44
          0.295298
           0.30984
          0.324782
          0.715569
         -0.195443
         -0.875942
          0.396822
          -2.18527
         -0.828455
          -0.45128
         -0.423112
          0.597424
          -0.36934
##################### ACCEPTABLE SUBNET NUMBER: 79  #########################
           2.83223
 4
30
47
34
11
 9
13
 7
32
42
28
18
26
 3
14
          0.330544
          0.363604
          0.161814
          0.784825
         -0.147197
         -0.402529
          -1.95873
          0.371518
         -0.676775
         -0.125001
          0.221396
          -1.11812
        -0.0662739
          -1.29423
         0.0871865
          -1.95873
##################### ACCEPTABLE SUBNET NUMBER: 80  #########################
            1.6353
 7
33
 1
18
30
 7
25
 4
 9
 9
49
14
24
28
 8
 3
45
29
         -0.125797
        -0.0924516
          0.298937
          0.367144
           1.07878
          0.794753
          0.319658
           1.26172
         -0.142168
         -0.787877
          0.712927
         -0.773097
         0.0990794
          0.465983
          0.880262
         -0.250209
         -0.635078
         -0.787877
         -0.106485
##################### ACCEPTABLE SUBNET NUMBER: 81  #########################
           1.61031
15
44
21
27
12
45
11
49
23
40
50
30
37
22
 5
20
12
 8
28
47
24
35
 4
25
41
39
18
38
33
           1.09403
          0.883551
           1.13357
           1.20497
           1.09621
          0.765043
         -0.679985
          0.237074
          0.605067
          -1.12994
           0.82151
         0.0153107
         -0.734446
          0.420638
          -1.11607
         -0.512557
          0.341303
         -0.482242
          0.635038
           1.57514
         0.0185399
           0.49471
          -1.02838
         -0.801965
          -0.73412
         -0.773999
         -0.205907
         -0.689375
          -2.29851
        -0.0855218
##################### ACCEPTABLE SUBNET NUMBER: 82  #########################
           2.17562
 4
26
44
 1
43
 1
 2
          0.380472
           0.44554
          -1.43557
           1.44732
           -0.5508
          -1.04859
          -1.52442
           1.09207
##################### ACCEPTABLE SUBNET NUMBER: 83  #########################
           2.33761
 2
 3
40
 7
22
25
 5
42
28
16
31
           1.58256
           1.53982
          0.841069
         -0.142898
          0.250264
          0.271479
          0.281023
          -1.33394
          -1.60356
           1.12547
         -0.446396
          -0.30669
##################### ACCEPTABLE SUBNET NUMBER: 84  #########################
            2.9399
 3
 6
 5
33
 3
 9
45
10
         -0.707384
          -1.14035
        -0.0979897
         0.0982791
         -0.765064
        -0.0571293
          0.166554
          -1.28055
          0.108793
##################### ACCEPTABLE SUBNET NUMBER: 85  #########################
           2.70508
 3
30
34
23
 3
24
45
35
         0.0356217
         0.0486556
         -0.021402
          0.708272
          0.252545
         -0.353599
          0.382233
       -0.00589423
          0.177917
##################### ACCEPTABLE SUBNET NUMBER: 86  #########################
           2.99773
 1
26
 2
38
20
          0.808152
          0.875261
         0.0192945
           1.12812
          0.196312
          -1.57088
##################### ACCEPTABLE SUBNET NUMBER: 87  #########################
           1.89967
 4
 7
41
29
23
 3
 2
20
26
         0.0581694
          0.095203
          -0.39992
            1.3134
          -1.08085
          -1.64614
           0.64137
           1.16048
          -0.53049
          -1.33269
##################### ACCEPTABLE SUBNET NUMBER: 88  #########################
           2.22696
 4
 1
22
45
34
 2
12
23
          0.950872
          0.996129
          0.702604
           1.20274
          -1.16945
         -0.999309
           0.23693
          -0.10087
           0.89022
##################### ACCEPTABLE SUBNET NUMBER: 89  #########################
           2.48466
 3
45
23
42
 2
 2
15
          0.190085
          0.127121
          0.154415
         -0.824843
         -0.477863
         -0.479425
          0.676409
          -2.00212
##################### ACCEPTABLE SUBNET NUMBER: 90  #########################
           2.84193
 6
18
 8
 6
31
48
 2
 8
47
35
50
37
45
36
40
14
           1.27687
            1.2614
           1.02512
          0.982684
          0.979566
           1.19053
          -1.72072
           0.70871
         -0.927202
          0.286386
          0.283903
          0.284211
           1.03947
           1.05999
         -0.175716
         0.0570829
          0.957787
##################### ACCEPTABLE SUBNET NUMBER: 91  #########################
           2.80711
 3
18
34
26
 3
23
43
37
           1.61737
           1.67312
          0.272712
             1.155
         -0.718935
        -0.0653645
          0.536286
          0.175027
          0.529799
##################### ACCEPTABLE SUBNET NUMBER: 92  #########################
           2.84931
 3
33
40
42
 4
20
15
 7
19
          0.801089
          0.850558
          0.463119
         -0.458387
           -1.4609
          0.598243
          0.604513
         0.0783982
          -1.45526
          -1.73345
##################### ACCEPTABLE SUBNET NUMBER: 93  #########################
           2.60919
 2
33
47
 5
 2
32
31
 4
 5
           0.95727
           1.01875
          0.659465
           1.02553
          -1.47616
           1.22199
          0.367064
         -0.346974
         -0.934984
          -1.35443
##################### ACCEPTABLE SUBNET NUMBER: 94  #########################
           2.40879
 3
33
18
30
 2
 2
36
           1.39525
           1.46011
         0.0519136
           1.08886
         -0.365172
          0.754956
           1.06329
         0.0384469
##################### ACCEPTABLE SUBNET NUMBER: 95  #########################
           2.30944
 4
 1
39
 7
11
11
27
 6
13
35
36
42
29
22
41
50
 9
           1.75141
           1.77313
           1.08172
           1.34371
         0.0489093
         -0.217608
          -1.29634
          0.418115
         -0.440447
         -0.549162
         -0.785142
             1.156
          -1.03945
         -0.364981
          -1.35125
         0.0155563
         -0.782655
          0.344076
##################### ACCEPTABLE SUBNET NUMBER: 96  #########################
           2.98723
 7
 7
35
17
47
23
40
26
 3
20
32
 9
           1.91045
           1.95991
           1.34699
           1.00772
            -1.162
          -1.12836
          0.496522
         -0.372982
        -0.0492355
        -0.0676264
           1.42951
          -1.31079
         -0.398856
##################### ACCEPTABLE SUBNET NUMBER: 97  #########################
           2.80425
 1
18
 5
38
 9
22
 8
45
         0.0110206
         0.0564618
          0.207134
          0.938428
          -1.29905
          -1.56761
           0.34475
         -0.479835
          -1.35326
##################### ACCEPTABLE SUBNET NUMBER: 98  #########################
           5.23261
 1
17
 4
48
12
 3
 8
         -0.901885
          -4.46788
         -0.400743
        -0.0887736
          -1.39016
          -1.32061
          -2.13601
          -2.13601
##################### ACCEPTABLE SUBNET NUMBER: 99  #########################
           4.61822
 3
33
39
17
 3
26
 3
 1
         -0.421625
           -0.9944
         -0.126702
         -0.363979
         -0.440335
         -0.768523
         -0.397054
           -2.0218
          -1.97733
##################### ACCEPTABLE SUBNET NUMBER: 100  #########################
            2.9786
16
35
41
47
20
14
30
34
31
36
42
 4
18
 7
 1
29
 6
 3
15
45
28
          0.859064
          0.918246
          0.494775
          -1.41971
          -2.20292
         -0.747969
          0.296357
         0.0329505
           1.05743
         -0.317312
         -0.553255
           -1.5342
          -1.20356
          0.098703
         0.0897958
          0.823829
          0.851293
          -0.54405
         -0.986136
          0.679724
         -0.652158
          0.654919
----------Number of Acceptable Subnets found: 100 -----------
----------END FOR GENE 46 -----------
