File open successful. It contains: 
Finished reading file, will close now.
File x_dt open successful.
Finished reading file x_dt, will close now.
File sd_d open successful.
Finished reading file sd_d, will close now.
--------START FOR GENE 18 -----------
 Values arranged as error, n_ka, gene ids for ka, n_kd, gene ids for kd,
 r0, ea, d, ka_values, kd_values for each subnet. 
##################### ACCEPTABLE SUBNET NUMBER: 1  #########################
           2.52161
 3
50
 4
33
 5
20
46
39
 6
30
            3.1974
           1.48063
          0.734135
         -0.861991
         -0.490571
          0.842606
           1.38066
            1.4027
          -1.02384
        -0.0167013
         -0.672419
##################### ACCEPTABLE SUBNET NUMBER: 2  #########################
          0.891625
 2
33
50
 8
20
46
37
 6
39
44
22
 8
           1.95276
           1.04854
         -0.660029
         0.0515429
          0.167414
          0.539332
          0.358693
          0.368962
         -0.773198
           -0.2257
          0.206441
          0.031709
           0.27757
##################### ACCEPTABLE SUBNET NUMBER: 3  #########################
            2.8807
 4
33
11
 4
14
 4
39
21
20
46
           1.91127
          0.639379
          0.227703
          0.608421
           0.17578
        -0.0817066
         -0.612651
          0.761756
          0.693268
          0.374237
          0.985252
##################### ACCEPTABLE SUBNET NUMBER: 4  #########################
           1.97938
 4
 4
 7
33
 2
12
19
37
29
28
 6
44
 8
38
31
30
46
40
            2.0983
           1.39417
        -0.0411796
          0.962357
          0.697708
          0.697298
         -0.616216
           1.11032
           1.11402
         -0.142311
          0.362984
          0.629135
           1.07938
         -0.232852
          -1.58309
          -0.79163
         -0.645624
          -1.28537
          0.148576
##################### ACCEPTABLE SUBNET NUMBER: 5  #########################
           2.78252
 3
 7
17
10
 4
41
37
19
22
           1.57473
          0.987388
          -1.08569
        -0.0070593
          0.435232
          0.266009
          0.324235
        -0.0196693
          0.508875
          0.495979
##################### ACCEPTABLE SUBNET NUMBER: 6  #########################
           2.48602
 6
 7
10
50
24
 4
33
14
46
19
13
 8
20
26
44
41
 6
29
38
25
45
28
           1.99586
           1.18102
          0.607971
          -1.67712
          0.742657
          0.247512
          -1.12622
         -0.419428
          0.651885
            1.0122
          0.664959
          0.238717
          0.925682
          0.968231
         -0.683305
          -1.15572
          0.176945
         0.0945097
         -0.499108
          -1.19004
         -0.819702
         -0.155389
         -0.736093
##################### ACCEPTABLE SUBNET NUMBER: 7  #########################
           1.63446
 2
33
 3
 5
 1
 8
44
21
41
           1.32413
          0.388745
         -0.860981
         -0.047429
         0.0616005
          0.439448
          -0.95252
           0.40141
          -1.94219
        -0.0784817
##################### ACCEPTABLE SUBNET NUMBER: 8  #########################
           2.03899
 9
50
 7
33
16
24
10
 2
43
 4
 9
46
 6
13
22
25
 8
40
29
37
           2.25444
           1.47911
           0.35719
           1.30931
         -0.934227
          0.414912
         -0.292335
         -0.596325
         -0.202138
          0.535078
         -0.940803
         -0.850585
           1.39309
            1.2866
           1.56044
           1.17519
         -0.774476
           1.28268
         -0.880751
        -0.0855389
          0.494229
##################### ACCEPTABLE SUBNET NUMBER: 9  #########################
           1.55761
 7
50
 7
 9
11
17
16
 3
 6
 6
46
19
39
20
22
           1.97001
           1.26527
          0.155335
          0.954161
          0.588799
         -0.634549
          -1.14465
          -1.17027
         0.0440111
         -0.648344
          0.969545
           1.02583
           1.19157
         -0.609524
         -0.491955
         -0.866047
##################### ACCEPTABLE SUBNET NUMBER: 10  #########################
           2.57308
11
 3
16
17
10
11
12
50
49
 2
43
15
11
 1
19
46
 8
41
48
40
29
39
36
28
           2.05131
            1.6447
          0.497545
           1.30011
          0.498439
         -0.386418
          0.996618
          0.447669
          0.513597
           1.11887
        0.00405525
          -1.06367
          0.340873
          -1.18946
           1.42586
             1.465
           1.08381
          0.799799
         -0.111708
          0.372994
          0.251665
          0.109752
           0.50956
          0.562771
         -0.508562
##################### ACCEPTABLE SUBNET NUMBER: 11  #########################
           1.91229
 6
33
11
 4
 7
 9
10
 4
47
46
25
20
           2.16737
            1.0352
         0.0942321
          0.229122
         -0.361311
         -0.310903
         -0.362086
         -0.160504
          0.148176
          0.444557
          0.615271
          0.299128
         -0.261475
##################### ACCEPTABLE SUBNET NUMBER: 12  #########################
           2.13494
 5
33
50
11
 5
 4
 7
31
46
19
37
21
 8
36
            1.9868
           1.39268
          0.611392
           1.02125
           1.02081
           0.21179
         -0.240933
         -0.982513
           1.23065
           1.23978
         -0.883106
          0.445183
         -0.121903
          0.587899
         -0.608295
##################### ACCEPTABLE SUBNET NUMBER: 13  #########################
           1.36201
 6
 3
50
 7
 9
15
43
 3
44
 1
 8
           1.18536
          0.265902
         -0.487179
          0.430112
          0.329272
          0.266896
          0.607775
         -0.834506
          -1.58096
          0.744615
          0.797136
           0.89461
##################### ACCEPTABLE SUBNET NUMBER: 14  #########################
           1.65884
 3
50
14
 2
 4
30
46
22
21
           2.06956
            1.0037
         -0.502751
          0.239694
          -2.02705
         -0.403077
         -0.190902
          0.393006
          0.576459
          -1.78318
##################### ACCEPTABLE SUBNET NUMBER: 15  #########################
            2.2406
 4
 7
15
50
11
 8
 8
46
 6
41
31
32
30
44
           2.22155
            1.3102
          0.698179
           1.05658
          0.774969
           1.30938
         -0.393237
           1.80527
           1.43961
          -1.50128
         -0.445947
          0.947444
          0.114746
        -0.0907482
         0.0827239
##################### ACCEPTABLE SUBNET NUMBER: 16  #########################
           1.93104
 2
50
 2
12
46
 6
29
 1
31
19
38
45
 8
44
34
25
           2.04796
           1.20857
          0.272927
           1.08582
         -0.256641
            1.1903
         -0.652677
           1.04933
         -0.504584
         0.0987618
           1.35926
          0.548676
         -0.636967
           1.00045
          -1.01943
           0.22272
         -0.914125
##################### ACCEPTABLE SUBNET NUMBER: 17  #########################
           2.62366
 8
33
 2
 3
 4
15
16
17
50
10
 6
46
38
30
45
13
36
28
40
20
           2.00146
           1.01584
          0.860992
          0.997199
         -0.841064
          -1.62901
         -0.723328
          -2.65811
          -1.45499
          -1.54936
         -0.281906
          0.856612
           1.34649
           1.14901
         -0.758103
          -1.42511
          0.829102
          -0.51267
           -1.1898
          0.280605
         -0.441238
##################### ACCEPTABLE SUBNET NUMBER: 18  #########################
           2.96745
 8
17
10
 4
 3
 7
12
24
33
 2
22
41
           1.26089
           0.71482
           1.03258
           1.81416
           1.66678
        -0.0753099
          -0.18092
         -0.581956
         -0.731105
           1.02018
         0.0429106
           1.94521
           1.69958
##################### ACCEPTABLE SUBNET NUMBER: 19  #########################
           2.68358
 5
 7
 3
50
16
24
 5
 8
38
44
41
30
          0.688798
          0.204316
          0.081827
          0.432988
          0.608657
          -1.06881
          0.341186
         -0.213248
          0.943688
        -0.0681788
          0.737372
          -0.48351
         -0.681575
