File open successful. It contains: 
Finished reading file, will close now.
File x_dt open successful.
Finished reading file x_dt, will close now.
File sd_d open successful.
Finished reading file sd_d, will close now.
--------START FOR GENE 18 -----------
 Values arranged as error, n_ka, gene ids for ka, n_kd, gene ids for kd,
 r0, ea, d, ka_values, kd_values for each subnet. 
##################### ACCEPTABLE SUBNET NUMBER: 1  #########################
          0.746657
 3
33
 7
 3
 4
 8
44
31
13
            1.7878
          0.436644
         -0.834268
        -0.0915606
         -0.217036
         0.0838904
          0.610292
          0.490005
         0.0272138
          -1.22287
##################### ACCEPTABLE SUBNET NUMBER: 2  #########################
           1.56916
 3
33
 4
 7
 2
 8
44
           1.25857
          0.396848
         -0.977132
         -0.043638
         0.0633832
          -1.36115
          0.375535
          0.383023
##################### ACCEPTABLE SUBNET NUMBER: 3  #########################
           2.90089
 7
33
 2
 7
43
10
12
 5
10
21
46
22
13
 6
39
37
20
29
45
           1.95866
           1.41353
          0.593581
          0.806162
           -1.2698
          0.576776
          -1.28049
          0.452497
           -1.4766
         -0.143791
          0.939826
           1.02225
          0.237517
           -1.4023
         -0.391712
           -0.6936
         -0.367016
          0.381385
          -0.78819
          -1.06042
##################### ACCEPTABLE SUBNET NUMBER: 4  #########################
           1.76566
11
 7
33
10
 4
16
43
17
11
12
 9
42
13
44
13
41
36
40
 1
46
 6
31
19
22
38
 8
           1.39278
          0.774117
          0.051202
          0.274316
          0.727602
          0.650307
          0.845911
         -0.209328
         -0.143109
         -0.834319
          -1.05025
         -0.534981
         -0.908568
          -1.66897
           1.11028
          0.166439
          0.599178
         -0.117783
          0.756736
         -0.378417
          0.618581
         -0.321549
          0.145988
          0.466074
          0.848181
          0.594301
          0.712397
##################### ACCEPTABLE SUBNET NUMBER: 5  #########################
           1.76644
 4
 7
 9
 4
 2
 4
 8
44
20
 1
          0.798794
        0.00636789
         -0.423397
         0.0406389
          0.350602
          0.283692
         -0.719078
           0.75317
          0.266705
          -1.53664
          0.312637
##################### ACCEPTABLE SUBNET NUMBER: 6  #########################
           2.56177
 6
33
 3
10
43
11
24
 5
46
 8
37
38
21
           1.86666
           1.21827
         -0.815602
          0.776142
          0.537642
          0.781685
         -0.312126
          -1.17832
          -1.43039
           1.00718
          0.215839
          0.580972
          0.667749
          -2.61487
##################### ACCEPTABLE SUBNET NUMBER: 7  #########################
          0.746477
 5
 4
33
 7
 9
12
 5
44
 1
34
41
23
           1.24498
          0.448727
         -0.237694
          0.664894
          0.532315
          0.383061
          -0.13803
         -0.318928
          0.986743
          0.918222
         -0.905184
          -1.30075
          0.236162
##################### ACCEPTABLE SUBNET NUMBER: 8  #########################
           1.86335
 2
50
11
11
46
22
37
44
48
32
41
45
39
38
 6
           1.74111
           1.11073
           0.96362
           1.74401
         -0.239404
           1.78295
           1.96603
         -0.241723
          -1.06229
         -0.193576
         -0.911485
           1.00542
           1.07417
           0.51412
         -0.776582
          -0.32253
##################### ACCEPTABLE SUBNET NUMBER: 9  #########################
           2.66069
 8
50
 7
 9
 4
16
 2
10
 3
 9
 8
37
44
26
19
 1
38
31
48
           2.19097
          0.980544
          -1.16139
        -0.0636234
        -0.0958566
          0.163957
         0.0638391
         -0.619324
         -0.849019
          -1.99732
         -0.894455
         -0.252568
          0.464843
         -0.119434
          -1.36455
          0.141561
          0.364311
         -0.622071
         -0.203873
          -1.27483
##################### ACCEPTABLE SUBNET NUMBER: 10  #########################
           2.24022
 9
16
 7
11
33
24
50
 5
 3
 2
11
21
41
47
39
13
 6
45
26
 8
48
37
           2.01421
           1.34541
           1.14355
           1.28291
           1.26851
           1.35605
          0.173612
          0.469912
           1.06996
         -0.694904
          0.772354
         -0.591382
           1.57422
           1.45941
           1.61336
          0.703508
         -0.992222
         -0.199139
          0.781679
         -0.407544
         -0.761041
         -0.377004
          0.473905
##################### ACCEPTABLE SUBNET NUMBER: 11  #########################
           5.60961
 5
16
15
12
 2
11
 4
 6
19
20
 1
          0.206853
         -0.231332
          0.457239
          0.917894
           1.38095
         -0.299444
        -0.0108265
          0.238799
           1.61844
           1.52497
           0.35744
         -0.775693
##################### ACCEPTABLE SUBNET NUMBER: 12  #########################
           2.44143
 5
 7
 4
16
49
43
 6
 8
44
31
22
32
19
           1.22429
         0.0450869
          -1.00817
        -0.0735824
          0.164454
         -0.174467
          -2.00011
         -0.634743
          0.720565
          0.306019
         -0.345711
          0.180189
          -1.37204
         -0.389967
##################### ACCEPTABLE SUBNET NUMBER: 13  #########################
           5.75177
 0
 0
         -0.328418
          -1.46196
         -0.328418
##################### ACCEPTABLE SUBNET NUMBER: 14  #########################
            9.5658
 6
 3
17
 7
 9
11
33
 7
 8
19
41
36
 1
22
28
           0.83613
          0.946793
          0.233031
          0.924382
          0.981716
          0.697181
          -2.36969
          -1.47766
         -0.494613
          0.918609
          0.563889
          0.519831
         -0.671499
         -0.918689
          0.879345
         -0.136777
##################### ACCEPTABLE SUBNET NUMBER: 15  #########################
           2.45619
 6
12
33
11
49
 7
10
 4
46
36
23
31
           1.86709
            1.0829
          0.580001
          0.536793
          0.773525
          -1.01257
         -0.481292
         -0.522595
          0.732095
           1.06368
          0.912884
          -1.12254
          -1.82985
##################### ACCEPTABLE SUBNET NUMBER: 16  #########################
           5.49156
 5
10
16
17
 3
12
 3
47
34
28
           1.26894
         0.0716209
          -1.06151
         -0.112195
         -0.270727
         -0.258612
         -0.697057
          -0.90355
         0.0230525
         -0.108826
         -0.907263
##################### ACCEPTABLE SUBNET NUMBER: 17  #########################
           9.58126
 0
 0
          0.367455
          0.681087
          0.367455
##################### ACCEPTABLE SUBNET NUMBER: 18  #########################
           4.38769
 7
 7
16
33
11
17
50
24
 8
46
 8
38
41
20
34
28
 6
           2.00344
           1.23372
           1.07288
            1.0935
           1.03379
          0.116808
          -1.44379
          -2.13441
          -1.27984
          -2.33913
           1.42097
           1.34511
           1.29582
          -0.75644
           1.16424
          -1.35349
          0.700103
        -0.0283146
##################### ACCEPTABLE SUBNET NUMBER: 19  #########################
           3.14235
 3
33
 3
43
 4
 8
41
46
48
           1.51875
          0.459923
         -0.941046
         -0.138697
         -0.130002
          -1.27735
          0.383571
        -0.0935881
          0.125392
         -0.977722
##################### ACCEPTABLE SUBNET NUMBER: 20  #########################
            7.0886
 0
 0
          0.304374
          0.828689
          0.304374
##################### ACCEPTABLE SUBNET NUMBER: 21  #########################
           5.85225
 5
16
10
12
24
 4
 3
 8
46
19
           1.32239
          0.501601
          0.277901
          0.438792
           0.66634
         -0.552189
          0.120652
         -0.635217
          0.698228
          0.785818
           0.22635
##################### ACCEPTABLE SUBNET NUMBER: 22  #########################
           2.82557
 3
33
 4
50
 6
46
38
13
44
30
22
            1.3568
          0.682555
         -0.294437
          0.296451
         0.0744375
         -0.612031
          0.515247
          0.269831
          -1.49546
         -0.782362
         -0.588296
         -0.846492
##################### ACCEPTABLE SUBNET NUMBER: 23  #########################
           5.61971
 5
24
 3
 7
12
14
 5
46
 8
25
20
48
           2.38306
           1.20394
          0.303387
         -0.450941
         -0.378455
          0.156275
         -0.236913
         -0.413172
          0.726652
          0.704686
          0.369632
          0.800091
          -1.78218
##################### ACCEPTABLE SUBNET NUMBER: 24  #########################
           6.21295
 0
 0
         -0.173338
         -0.507059
         -0.173338
##################### ACCEPTABLE SUBNET NUMBER: 25  #########################
           5.43151
 5
10
 5
16
12
24
11
19
29
46
25
13
22
20
21
30
23
 6
           2.42346
           1.47661
          0.786569
           1.05827
         -0.701176
          0.802238
         -0.702039
         -0.575297
         0.0258844
           1.07376
           1.24122
           0.39609
         -0.060394
         -0.220549
         -0.597637
          -0.62355
          -1.12839
          -1.68269
       -0.00203822
##################### ACCEPTABLE SUBNET NUMBER: 26  #########################
            6.9498
 4
 7
 3
12
33
14
 6
28
46
13
37
23
 8
31
34
20
40
32
21
19
            1.9997
           1.49551
           1.72558
           1.71379
          -1.00713
          -1.25282
          -1.01697
           1.82241
          0.984418
           1.98324
           1.87017
          0.697563
          0.643685
        0.00696945
          0.183406
         -0.758165
         -0.628684
         -0.411989
          0.512208
         -0.526251
          0.438706
##################### ACCEPTABLE SUBNET NUMBER: 27  #########################
           6.12588
11
12
 7
50
 4
10
 2
 5
 9
33
15
24
11
 1
22
30
23
 6
21
20
19
41
13
 8
          0.664086
          0.113657
          0.399791
           0.89615
         -0.792151
          0.471637
         -0.144882
         -0.150162
          0.192873
         -0.435521
         -0.915388
          -1.10653
         -0.727763
          -0.40629
           1.26048
           1.05865
          0.968477
            0.2893
           0.41931
          0.164478
          -1.19151
          0.595086
         -0.506004
         -0.820398
         0.0713312
##################### ACCEPTABLE SUBNET NUMBER: 28  #########################
           7.04764
 3
10
17
16
 0
           1.03708
        -0.0428395
           -1.0828
         -0.115123
         -0.312353
         -0.280286
##################### ACCEPTABLE SUBNET NUMBER: 29  #########################
           6.45365
 0
 0
          0.474435
          0.904614
          0.474435
##################### ACCEPTABLE SUBNET NUMBER: 30  #########################
           6.28823
 4
 4
 7
16
12
 5
37
29
46
 8
40
           2.08315
           1.27993
          0.700686
           1.22574
           1.05445
          0.880393
         -0.182674
            1.4967
          0.192144
            -1.634
        -0.0410955
          0.903203
##################### ACCEPTABLE SUBNET NUMBER: 31  #########################
           9.54663
 6
50
11
 7
14
 9
12
 7
 8
44
45
37
13
36
29
           2.00247
           1.60288
           1.03287
           1.74234
          0.242453
          0.866891
          -1.85411
          0.271782
          0.609088
           1.93038
           1.92353
          0.707976
          -1.06765
          0.675367
          0.484207
        -0.0644115
##################### ACCEPTABLE SUBNET NUMBER: 32  #########################
           6.98632
 0
 0
         -0.141089
         -0.266826
         -0.141089
##################### ACCEPTABLE SUBNET NUMBER: 33  #########################
           7.42949
 3
33
 3
17
 6
34
37
 8
 6
13
20
           1.19967
          0.571573
         -0.682787
         -0.129526
         -0.548002
        -0.0842304
         -0.354625
           -1.6046
          0.205663
          -0.32734
         -0.647253
          -1.54615
##################### ACCEPTABLE SUBNET NUMBER: 34  #########################
           6.35885
 0
 0
           1.20822
           1.66072
           1.20822
##################### ACCEPTABLE SUBNET NUMBER: 35  #########################
           8.99118
 0
 0
         -0.125901
         -0.415558
         -0.125901
##################### ACCEPTABLE SUBNET NUMBER: 36  #########################
            2.3018
 4
33
 9
15
10
 7
41
 1
44
22
31
39
 6
           1.68329
          0.327706
          -1.48269
         -0.237618
       -0.00941186
         -0.108898
         -0.260146
         -0.412051
          0.435383
          0.324194
         -0.791685
          -1.09186
          -1.09438
         0.0619609
##################### ACCEPTABLE SUBNET NUMBER: 37  #########################
           8.78086
 3
 7
50
11
 5
 6
46
38
48
22
           1.70677
           1.05256
           1.65954
           1.04188
         -0.133469
         -0.716549
           1.87911
           1.92212
           1.81972
          0.511777
          -1.57853
