 0                  1            1           1           1           1
 1          1.8993526    1.8843787   1.9659323   1.8635892   1.9715319
 2          1.9128681    1.9858315    1.995042   1.9938745    2.003006
 3          1.9132878    1.9980286     1.99602   2.0132523   2.0041142
 4          1.9132839    2.0035393   1.9960736   2.0162575   2.0041853
 5          1.9132354    1.9998583   1.9960452   2.0166294   2.0041575
 6          1.9131314    1.9860684   1.9960325   2.0158296   2.0041418
 7          1.9130274    1.9674325   1.9960247   2.0141143   2.0041412
 8          1.9129234    1.9532095   1.9960169   2.0127483   2.0041406
 9          1.9128194    1.9471634   1.9960091   2.0116996   2.0041401
10          1.9127154    1.9470083   1.9960013   2.0113904   2.0041395
11          1.9126113    1.9487822   1.9959935   2.0113985    2.004139
