 0                  1             1             1                 1              1            1             1
 1          1.2783623     1.2785902     1.3640734         1.2617745      1.3242015    1.4835784     1.2829578
 2          1.2870051     1.2819408     1.3375461         1.2619778      1.3487661    1.3268145     1.2881243
 3          1.2876637     1.2820191     1.3044768         1.2632541      1.3238656     1.226441     1.2882612
 4          1.2877541     1.2819989     1.2975284         1.2642483      1.2612073    1.2283674     1.2882412
 5          1.2877667     1.2819938     1.2955671         1.2645416      1.2392869    1.2689483     1.2882309
 6           1.287773     1.2819934     1.2939723         1.2648076      1.2636755    1.3052188     1.2882305
 7          1.2877792     1.2819931     1.2933146         1.2647855      1.2918492    1.3262047     1.2882301
 8          1.2877855     1.2819928     1.2934252         1.2648248      1.3131908    1.3367614     1.2882297
 9          1.2877918     1.2819925     1.2944314          1.264869      1.3257753     1.341396     1.2882293
10          1.2876149     1.2819921     1.2949193         1.2648977      1.3313164    1.3414554     1.2882289
11          1.2871912     1.2819918     1.2953608         1.2649033      1.3317531    1.3388445     1.2882285
