 0                  1               1               1               1              1
 1         0.37761485      0.38254717       0.3561539      0.37390857     0.37425171
 2         0.16329647      0.14651393      0.14615184      0.15160413      0.1400578
 3        0.067865417     0.063154705     0.055416526      0.07298319    0.057541348
 4         0.04333441     0.046394508     0.031520141     0.060578353    0.039666631
 5        0.053190721     0.057916159     0.041050381     0.069739524    0.053807831
 6        0.084067198     0.089677987     0.077205022     0.091238839    0.084827266
 7         0.12435521      0.12949239      0.12145623      0.12337808     0.12283619
 8         0.16436187      0.16586509      0.16176869      0.15884376     0.16063138
 9         0.19897823      0.19355661      0.19539314      0.18997087     0.19414561
10         0.22679303       0.2123625      0.22286087      0.21486935     0.22095768
11          0.2484348      0.22430246       0.2447356       0.2343421      0.2409001
