 0                  1             1            1             1               1
 1          0.9698066    0.97359379    0.8684859     1.0437271      0.97639841
 2         0.89599272    0.97105118   0.88216509    0.99436716      0.92118874
 3         0.82927199    0.95256443   0.87901063    0.90158981      0.85794273
 4         0.79289991    0.89820097   0.86621702    0.83186966      0.78355867
 5         0.76549072     0.8190361    0.8445644    0.78746198      0.73729662
 6          0.7353621    0.74531967   0.81438537    0.75603593      0.70761785
 7          0.7042187    0.69103281   0.77557152    0.72997429      0.68552872
 8         0.67330333    0.65073409   0.72887281    0.70601859      0.66928856
 9         0.64278097    0.62193327   0.67584956    0.68326372      0.65702712
10         0.61213369    0.60008086   0.61903955    0.66109379       0.6470094
11         0.58120758     0.5834146   0.56050216    0.63907165       0.6390316
