 0                  1               1             1             1            1
 1          1.3337126       1.3772051     1.5090212     1.4656973    1.3619262
 2          1.4575546       1.5076405      1.583674      1.570654     1.505843
 3          1.5034291       1.5710534      1.593833     1.5943911    1.5595582
 4          1.5208488       1.6024188     1.5953174     1.5995252    1.5735573
 5          1.5268432       1.6163062     1.5955536     1.6006611    1.5775696
 6          1.5290235       1.6208798     1.5956418     1.6009362     1.578716
 7          1.5298317       1.6217556     1.5956317     1.6010321    1.5790354
 8          1.5301559       1.6213878     1.5956268     1.6010717    1.5791937
 9          1.5302805       1.6207378     1.5956087     1.6010589    1.5792078
10          1.5301148        1.620113      1.595601     1.6010584    1.5792254
11          1.5297309       1.6195367     1.5955987     1.6010395    1.5791964
