 0                  1                1                1               1              1
 1         0.49940275       0.52406647       0.52808214      0.51784146     0.50665505
 2         0.26531928       0.30117823       0.27701312      0.28025202     0.28713427
 3         0.13503492       0.14209196       0.13883223      0.14478483     0.14516453
 4        0.071082894      0.058802057      0.071590811     0.076221922    0.072950352
 5        0.035220313      0.024022202      0.037243442     0.041240917    0.038514262
 6        0.018492624      0.010187787       0.02056918     0.023177754    0.021765694
 7         0.01158465     0.0045337441       0.01241207     0.013612608    0.013574069
 8       0.0085940542     0.0021182171     0.0081381379    0.0084194432   0.0095011482
 9        0.007165832     0.0010363965     0.0056970349    0.0054951111     0.00736987
10       0.0064331473     0.0005327275     0.0041938513    0.0037758811   0.0061052627
11         0.00604282    0.00028992151     0.0032048945    0.0027146555   0.0052286902
