 0                    1               1              1              1              1
 1           0.95394945        1.000344     0.99319066      1.0467863      1.0133478
 2           0.84442613      0.96585036      0.9626989     0.94760318     0.91838725
 3           0.82204232      0.92791506     0.94224901     0.90063316     0.94972513
 4           0.90658764      0.96571997     0.97591344     0.97604089      1.0161631
 5           0.99115356       1.0341636       1.013717      1.0306221      1.0603603
 6            1.0488859       1.0677598      1.0386906      1.0551391       1.085937
 7            1.0851473       1.0775329      1.0533224      1.0658893      1.1008096
 8            1.1079136       1.0803478      1.0614955      1.0711952      1.1099747
 9            1.1227498        1.081322      1.0660577      1.0742317      1.1158102
10            1.1327006        1.081699      1.0686491      1.0762747      1.1197924
11            1.1392942       1.0818056       1.070174      1.0775049      1.1223621
