 0                  1             1               1            1             1 
 1         0.95718667    0.93536537      0.90401259   0.99511443    0.90832353
 2          1.1264301     1.1787692       1.1579703    1.2157759     1.1858826
 3          1.2147658     1.2306833        1.342195    1.2837646     1.2581457
 4          1.0725032      1.072512       1.1922937    1.1770436     1.1479555
 5         0.82941475    0.78968275      0.77502887   0.83615448    0.84421392
 6         0.59984638    0.53709762      0.52538695   0.54306228    0.55436275
 7         0.42071318     0.3716095        0.372038   0.37585208    0.37500253
 8         0.29600546    0.27542602      0.27216308     0.283881    0.27420076
 9          0.2133683    0.22048827      0.21046391   0.23031101    0.21705082
10         0.15891047    0.18815149      0.17493719   0.19758583    0.18329968
11          0.1223888    0.16766298      0.15716314    0.1767811    0.16260358
