 0                  1            1           1            1            1
 1          1.2451845    1.0864394   1.2495358    1.3377481    1.3756978
 2          1.3367035    1.3666268   1.4016073    1.4232704    1.4682445
 3          1.3732812    1.4540649    1.450617    1.4454634    1.4913561
 4          1.3891866    1.4715575   1.4493203     1.450872    1.4968744
 5          1.3964404    1.4760067   1.4432352    1.4522868    1.4982078
 6          1.4000235    1.4776428   1.4465941    1.4526934    1.4985998
 7          1.4020169    1.4785263   1.4535428    1.4528108    1.4987553
 8          1.4032068    1.4790144   1.4600769    1.4528522     1.498845
 9          1.4039494    1.4793987   1.4652891    1.4528017    1.4988753
10          1.4044326    1.4794359   1.4691966    1.4527474    1.4989123
11          1.4047407    1.4795366   1.4716929    1.4526561    1.4990704
