 0                  1              1            1             1            1
 1          1.4678931      1.2648822    1.4775183     1.4108666    1.5051656
 2          1.4723238      1.4230593     1.454829     1.4938854    1.5051272
 3          1.4730386      1.5037341    1.4468371     1.5127482    1.5051241
 4          1.4732803       1.531635     1.444378     1.5170349     1.505121
 5          1.4735222       1.541202    1.4436001     1.5182814    1.5051164
 6          1.4737642      1.5474269    1.4436285     1.5187348    1.5051116
 7          1.4738048      1.5522318    1.4436302     1.5186939     1.505109
 8          1.4737204       1.555285    1.4436535     1.5183419    1.5051095
 9          1.4736359      1.5578214    1.4436875     1.5176032    1.5051101
10          1.4735203        1.56011    1.4436821      1.516436    1.5051106
11           1.473133      1.5618587    1.4436768      1.514661    1.5051112
