 0                  1               1               1               1                 1
 1         0.40970079      0.39515029      0.39319199      0.40003783        0.40222476
 2         0.16754403      0.16348813      0.14654394      0.14773817        0.14796732
 3        0.061100345     0.069695286     0.068516721      0.05516773       0.059131892
 4         0.03626088     0.043465891     0.052980703     0.041549066       0.047013714
 5        0.048468139      0.05494364     0.065475306     0.052655611       0.066213208
 6        0.085247761     0.085749536     0.095820443     0.085707577       0.099213844
 7          0.1316773      0.12471975      0.13688533      0.13141641        0.13683045
 8         0.17499717      0.16482676      0.17815295       0.1755026        0.17409232
 9          0.2099402      0.20193922      0.21340587      0.21246576        0.21125822
10         0.23634447      0.23378378      0.24124876      0.24235458        0.24977902
11         0.25572577      0.25970185      0.26287324      0.26690093         0.2888736
