 0                  1             1             1             1             1 
 1         0.99302855    0.97715997     1.0137896    0.96681527    0.98049926
 2         0.98038623     1.0533705     1.0099369     0.9977567     1.0491325
 3         0.94312733     1.0250025      0.982282    0.99482585    0.98309869
 4         0.87381355     0.8969082    0.87929267    0.90577461    0.86038818
 5         0.76985831    0.76247106    0.69367159    0.76619826      0.724247
 6         0.64535026    0.61671355    0.53182906    0.61992283        0.5829
 7         0.51885837    0.48406616    0.42884041    0.48555637    0.46642537
 8         0.40571834    0.38280848    0.36602172    0.37057599    0.37955861
 9         0.31287482    0.31343993    0.31991202    0.27979889    0.31604322
10         0.24043622    0.26814395     0.2793174    0.21157904    0.26898768
11         0.18552497    0.23873431    0.24147564    0.16175361    0.23332694
