 0                  1                 1                1               1               1 
 1         0.21136565        0.20796731       0.21084761      0.21131282      0.21426059
 2        0.045411026       0.043291668      0.048098913     0.045231955     0.046392418
 3        0.010093893       0.010121002     0.0099880597     0.010180364     0.010155535
 4        0.005846953      0.0049678035     0.0019378697    0.0026374383    0.0022514411
 5       0.0055944746      0.0033431044     0.0003683304   0.00089458684   0.00052972939
 6       0.0060051224      0.0019692712    7.7516355e-05   0.00043495861   0.00015535646
 7       0.0066637832       0.001319289    2.3897008e-05   0.00027886449   7.3706785e-05
 8       0.0074798636      0.0011185692    1.3854062e-05    0.0002071574   5.5852267e-05
 9       0.0084480217      0.0011389978    1.1418082e-05   0.00016644924   5.2083485e-05
10       0.0095415083      0.0012248976    1.0669377e-05   0.00013997436   5.1209382e-05
11        0.010728397      0.0013172642    1.0396892e-05   0.00012172738   5.0833321e-05
