 0                  1              1              1                 1              1
 1         0.54207469     0.63699429     0.59774179         0.6288086     0.55799264
 2         0.40629143     0.53173811     0.49444846        0.50162696     0.48064817
 3         0.44359507     0.44475404     0.49806852        0.46988124     0.46785564
 4         0.53277242     0.48398024     0.53101163         0.4941651     0.50640246
 5         0.57680576     0.54205728     0.56016378        0.52766606     0.56831658
 6         0.59373691     0.57195403     0.58041946        0.56468921     0.59493523
 7         0.60167748     0.58543588     0.59550241        0.60397627     0.60132321
 8         0.60593613     0.59247239     0.60878451        0.62279681     0.60271952
 9         0.60850747     0.59670909     0.62137931        0.62911577     0.60271589
10         0.61022357     0.59941517      0.6335375         0.6311742     0.60182054
11         0.61145445     0.60126066     0.64483822        0.63186508     0.59992819
