 0                  1               1                1               1               1
 1         0.40140574      0.41350775       0.40084128      0.41404553      0.42456794
 2         0.17037624      0.15692248        0.1770772      0.18554899      0.17539044
 3        0.073571888     0.060537892      0.077989515     0.076178659     0.066030611
 4        0.033885524     0.027586988      0.032727273     0.029616094     0.024114547
 5        0.017441417     0.014950228      0.013653542     0.011559147    0.0087892725
 6        0.010434603    0.0099718496      0.005922751    0.0047041617     0.003428025
 7       0.0072455933    0.0079448974     0.0027758432    0.0020870192    0.0015788664
 8       0.0056334358    0.0071104426     0.0014598213    0.0010721359   0.00095051948
 9       0.0047181341    0.0067887618    0.00088831996   0.00066720668   0.00074910277
10       0.0041440304     0.006702289    0.00062015394   0.00049808883   0.00069828574
11       0.0037539248    0.0067317655    0.00048227375     0.000423151   0.00070178499
