 0                  1           1            1              1            1 
 1          1.6813074   1.6781531    1.6818863      1.6955384    1.6714772
 2          1.8849501   1.9746617    1.9184894      1.9261194    1.9049448
 3          1.9106686    1.992941    2.0018013      2.0031917    1.9866952
 4          1.9139329   1.9947058    2.0306422      2.0283809    2.0148579
 5          1.9138211   1.9970918    2.0405714       2.036253    2.0243558
 6          1.9138416   1.9971898    2.0440052      2.0388092    2.0274968
 7          1.9138467   1.9959255    2.0453824      2.0396628    2.0286716
 8          1.9138477   1.9915653     2.045924      2.0399054    2.0290821
 9          1.9138483   1.9864645    2.0461478      2.0399793    2.0292208
10          1.9138485   1.9799218    2.0460624      2.0400453    2.0292439
11          1.9138485    1.976084    2.0456927      2.0400795      2.02917
