File open successful. It contains: 
Finished reading file, will close now.
File x_dt open successful.
Finished reading file x_dt, will close now.
File sd_d open successful.
Finished reading file sd_d, will close now.
--------START FOR GENE 17 -----------
 Values arranged as error, n_ka, gene ids for ka, n_kd, gene ids for kd,
 r0, ea, d, ka_values, kd_values for each subnet. 
##################### ACCEPTABLE SUBNET NUMBER: 1  #########################
           1.04495
 1
31
 3
 1
 7
 6
          0.214456
        -0.0405571
         -0.416497
          0.214475
          0.626312
         -0.495173
         -0.324444
##################### ACCEPTABLE SUBNET NUMBER: 2  #########################
           2.64565
 3
20
33
26
 5
10
35
21
48
11
           1.02468
          0.471385
         -0.325226
         0.0702722
         -0.220547
         -0.933296
           0.25989
         0.0614043
          -1.68074
         -0.656272
          -1.17415
##################### ACCEPTABLE SUBNET NUMBER: 3  #########################
           2.84078
 2
45
33
 7
32
10
42
 2
49
34
50
           1.96994
           1.72377
           1.02467
          -1.49867
          0.920933
          0.870662
           1.53121
           1.26073
         -0.657264
         -0.484211
         -0.199364
          -1.16394
##################### ACCEPTABLE SUBNET NUMBER: 4  #########################
           1.07319
 3
48
20
21
 7
12
 1
47
39
 9
35
38
           1.10279
          0.128878
         -0.350557
         -0.240596
          0.300035
         -0.313346
           0.26427
          0.458987
          0.260263
         -0.734776
          0.389584
          0.414509
         0.0993202
##################### ACCEPTABLE SUBNET NUMBER: 5  #########################
           2.85704
 1
33
 5
 7
 3
25
 9
16
          0.986387
            0.8629
           0.17564
           0.39378
          0.752598
         -0.648087
          0.468026
         -0.594156
         -0.947474
##################### ACCEPTABLE SUBNET NUMBER: 6  #########################
           2.86479
 6
45
16
49
43
33
38
 6
42
29
34
15
21
25
           0.67616
          0.328432
         -0.459036
         0.0744201
         0.0856201
         -0.346031
         -0.327948
         -0.425463
          -1.42501
          0.338555
         -0.507949
          0.117047
         -0.293092
          -2.23999
          -0.14297
##################### ACCEPTABLE SUBNET NUMBER: 7  #########################
           1.44515
 3
 2
48
41
 2
32
 4
           2.06743
           1.29026
         -0.803445
           0.37834
         -0.202967
         -0.268696
         0.0633252
          -1.28765
##################### ACCEPTABLE SUBNET NUMBER: 8  #########################
           2.26289
 1
40
 5
 6
46
49
30
20
          0.796124
         -0.239976
         0.0448849
          0.243699
          0.737055
          0.566112
          -0.25112
          -0.15802
          0.257455
##################### ACCEPTABLE SUBNET NUMBER: 9  #########################
           2.36473
 8
48
31
30
12
25
20
44
24
 5
10
42
32
18
41
          0.892663
          0.365105
          0.221361
          0.507571
          0.462033
           0.10866
         -0.283827
          -1.04584
          -1.05899
          -2.11584
         -0.802838
          0.879319
           0.83448
          -1.39778
         -0.792132
         0.0321166
##################### ACCEPTABLE SUBNET NUMBER: 10  #########################
           1.89647
 4
28
34
11
21
 2
10
31
          0.893502
           0.11005
         -0.420398
          0.149802
         -0.780724
         -0.790289
          -1.31042
          0.310047
         0.0998478
##################### ACCEPTABLE SUBNET NUMBER: 11  #########################
           1.36144
 3
28
 2
44
11
46
 3
22
10
26
 4
25
47
31
43
29
          0.753849
         -0.102194
         -0.152952
           0.36783
          -1.15275
          -1.26371
          0.353264
          0.407854
          -1.86632
          0.531787
         -0.335344
         0.0971809
          -1.23187
        -0.0407486
        -0.0849634
        -0.0895694
        -0.0207478
##################### ACCEPTABLE SUBNET NUMBER: 12  #########################
          0.747944
 5
 2
28
33
11
22
 7
10
47
20
 9
30
34
45
          0.561235
          0.204506
         -0.324857
          0.488271
         -0.306835
         -0.131051
          -2.95881
         -0.555947
          0.324427
          -1.69243
          -2.09979
         -0.319224
         -0.190079
          -1.86931
         -0.106503
##################### ACCEPTABLE SUBNET NUMBER: 13  #########################
           2.93652
 0
 7
42
10
27
21
25
24
43
           1.98861
           1.55392
           1.19274
           1.48793
           1.74343
          0.743397
         0.0299902
         -0.313093
         -0.884055
          0.821035
##################### ACCEPTABLE SUBNET NUMBER: 14  #########################
           1.24538
 6
44
11
16
 2
21
 8
 5
 1
14
10
 5
33
        -0.0578817
         -0.232745
         -0.826878
         -0.229957
          0.421188
         -0.611572
           0.44716
        -0.0433093
          -1.28646
          0.863688
          -0.38047
         -0.228577
           -0.6408
          -1.27518
##################### ACCEPTABLE SUBNET NUMBER: 15  #########################
           1.84805
 2
14
16
 6
38
 5
37
 6
10
13
           1.45763
          0.314718
         -0.422146
         0.0511951
          -0.30136
          0.138501
         -0.966158
          0.262995
         -0.265034
         -0.371812
         -0.593028
##################### ACCEPTABLE SUBNET NUMBER: 16  #########################
           1.79438
 4
45
21
31
36
 4
41
 1
 7
27
         -0.215581
         -0.253546
          0.671031
           1.22923
          0.909235
           1.36047
         -0.297805
           1.22814
           1.75933
           1.19561
         0.0165082
##################### ACCEPTABLE SUBNET NUMBER: 17  #########################
           2.61262
 1
40
 5
 6
 7
29
33
47
          0.804006
          0.186615
         -0.563051
         0.0211746
          0.255153
         -0.622586
          -1.23031
          -1.00422
           0.10227
##################### ACCEPTABLE SUBNET NUMBER: 18  #########################
           2.08207
 3
20
33
24
 5
12
43
16
31
10
          0.981597
          -0.15735
         -0.559924
          0.170222
          -1.30772
          -1.06476
          0.409221
          0.213466
         -0.305811
         -0.389666
          -1.06476
##################### ACCEPTABLE SUBNET NUMBER: 19  #########################
          0.722799
 8
45
16
12
11
21
24
36
25
 3
42
 1
26
           1.08165
          0.353462
          -1.32946
          -0.14309
         -0.138228
         -0.792226
            -1.018
         0.0989793
            -0.262
         -0.423055
          -1.31998
          0.235952
          0.395499
          -1.27872
##################### ACCEPTABLE SUBNET NUMBER: 20  #########################
           2.38752
10
 9
42
16
21
34
29
49
36
47
31
 3
41
 1
46
          0.934273
         -0.361159
          0.441034
         -0.254097
         -0.258925
         -0.760488
         -0.259719
         -0.761848
           -0.2552
         -0.771097
          -1.22962
          -1.22962
         -0.771097
           1.00786
            1.2732
         -0.899265
##################### ACCEPTABLE SUBNET NUMBER: 21  #########################
          0.508019
 1
 2
 5
48
 3
10
19
 7
          0.690002
        0.00211965
         -0.331116
          0.484817
         -0.532888
         -0.207297
          0.331707
          0.192007
         -0.660842
##################### ACCEPTABLE SUBNET NUMBER: 22  #########################
            1.3843
 2
20
28
 5
22
49
48
39
 1
           0.74332
         -0.150151
         0.0449316
           1.17244
          0.800023
           1.35712
           1.17495
         -0.283656
          0.418172
         -0.104568
##################### ACCEPTABLE SUBNET NUMBER: 23  #########################
           2.64062
 3
 6
32
20
 5
29
50
30
 1
37
           1.79981
           1.72281
           0.62338
           1.55205
          0.828213
           1.42852
        -0.0753075
            1.3049
         0.0902309
           1.71113
          0.219114
##################### ACCEPTABLE SUBNET NUMBER: 24  #########################
           2.16694
 9
32
42
36
 2
25
24
 9
47
29
 3
 1
49
20
           1.02723
          0.199348
         -0.828921
         -0.453132
         -0.250807
         -0.733359
          0.302941
         -0.785321
          -1.64625
        -0.0173738
          -2.44758
         -0.825784
           0.13434
         -0.161762
          -2.04588
