File open successful. It contains: 
Finished reading file, will close now.
File x_dt open successful.
Finished reading file x_dt, will close now.
File sd_d open successful.
Finished reading file sd_d, will close now.
--------START FOR GENE 17 -----------
 Values arranged as error, n_ka, gene ids for ka, n_kd, gene ids for kd,
 r0, ea, d, ka_values, kd_values for each subnet. 
##################### ACCEPTABLE SUBNET NUMBER: 1  #########################
           1.24163
 1
 2
12
 8
15
10
32
31
26
 7
27
49
20
12
11
        -0.0600486
         -0.314891
          -0.37006
           1.14825
          0.926224
          0.711353
          0.858052
          0.453146
          -1.49105
         -0.265616
        -0.0345019
         0.0447621
          0.146847
         -0.954666
         -0.735573
         -0.608766
##################### ACCEPTABLE SUBNET NUMBER: 2  #########################
           1.22405
 5
13
48
12
28
38
 9
21
10
 6
 1
42
40
23
16
25
          0.605323
         0.0642191
         -0.144975
        0.00989102
         -0.906881
         -0.326223
         -0.318892
          -1.00143
         -0.315725
          0.428213
         -0.610654
          0.506894
        -0.0473313
         -0.574606
          -2.29783
         -0.497041
          -1.28213
##################### ACCEPTABLE SUBNET NUMBER: 3  #########################
          0.939704
 8
45
20
40
49
24
42
33
 3
 4
 1
 6
10
25
          0.320276
        -0.0780897
         -0.636085
         -0.311487
         0.0103088
         0.0394096
          -1.37737
            -1.551
         -0.346293
         -0.759787
           -1.8618
            0.5185
          0.101194
        -0.0374542
          -1.84919
##################### ACCEPTABLE SUBNET NUMBER: 4  #########################
          0.782018
 2
20
 8
 7
 6
38
13
11
23
21
37
           1.08745
          0.561271
         -0.679405
          0.494891
           0.26045
          0.570805
          0.363395
         -0.660716
          -1.64939
         -0.159577
         -0.319517
         -0.971974
##################### ACCEPTABLE SUBNET NUMBER: 5  #########################
           2.75749
 5
14
16
25
 9
20
 1
11
        -0.0158314
         -0.375592
         -0.359009
         0.0402435
         -0.117738
          -0.49037
          0.123393
          -1.13489
          0.163953
##################### ACCEPTABLE SUBNET NUMBER: 6  #########################
           2.29641
10
14
42
 9
49
27
28
 1
35
16
46
 4
30
11
 6
34
           1.71037
           1.35492
          0.348929
           1.85506
         -0.138471
           1.75777
           1.26641
          0.259782
           1.13677
          0.522087
         -0.861929
         -0.355567
          -1.60801
           1.80648
           1.85281
         -0.877627
         -0.796074
##################### ACCEPTABLE SUBNET NUMBER: 7  #########################
           1.58028
 2
36
 9
 5
39
 1
37
25
30
          0.590311
          0.016382
         -0.308839
          0.534911
         -0.675043
          0.518074
          0.961141
          0.595423
         0.0299329
           -1.4306
##################### ACCEPTABLE SUBNET NUMBER: 8  #########################
           1.84708
 3
16
28
34
 2
30
26
          0.609454
         -0.220085
          -1.18754
         -0.253824
        -0.0249812
         -0.441711
          0.226078
          -1.35073
##################### ACCEPTABLE SUBNET NUMBER: 9  #########################
             2.293
 8
14
18
26
16
 3
42
36
29
 6
10
49
 6
35
25
21
           1.74657
           1.32536
           1.13698
           1.49526
           1.05691
          0.239418
          -0.12173
          0.983307
         -0.292229
           0.33483
         -0.232042
           1.65695
           1.48582
           1.24988
           1.39856
         -0.747597
           -2.1601
##################### ACCEPTABLE SUBNET NUMBER: 10  #########################
           1.34186
 9
16
 8
12
20
26
35
43
29
13
 3
 1
38
34
          0.672207
          0.187331
         -0.731592
         -0.181422
          0.146808
         -0.123055
         -0.746403
         -0.328407
         -0.617561
          -1.23049
          -1.67477
         -0.224201
          0.434309
         -0.426647
         -0.699909
##################### ACCEPTABLE SUBNET NUMBER: 11  #########################
           1.05652
 3
 8
 3
40
11
 1
39
10
46
29
38
42
32
16
27
47
           2.00957
           1.60775
          0.390684
          0.641709
         -0.226358
          -1.00042
          0.850433
          0.603052
          0.885072
         -0.305157
          -1.04616
          0.328621
         -0.546653
          -1.38964
        -0.0542417
         -0.230842
          -1.24408
##################### ACCEPTABLE SUBNET NUMBER: 12  #########################
          0.719481
 1
 2
 3
10
46
49
          0.702497
          0.274324
          0.288552
            1.1903
          0.982214
          0.440634
          0.741862
##################### ACCEPTABLE SUBNET NUMBER: 13  #########################
          0.727632
 6
27
28
43
 2
12
22
 4
42
21
 7
19
           1.35565
         -0.255609
         -0.588805
         -0.321705
          -0.12455
         -0.695311
          0.122323
          -0.47326
          -1.05313
         -0.676059
        -0.0878255
          0.208835
           0.48404
##################### ACCEPTABLE SUBNET NUMBER: 14  #########################
          0.855646
 5
36
11
 5
44
25
 7
 1
 7
21
 4
28
10
40
          0.379611
         -0.066052
         -0.335559
          0.075141
        -0.0127367
         -0.232397
         -0.662381
         -0.961738
          0.591354
          0.125182
          -1.52955
         -0.129399
         -0.205615
         -0.973766
         -0.519081
##################### ACCEPTABLE SUBNET NUMBER: 15  #########################
          0.703869
 3
 2
48
 7
 3
19
11
 1
          0.487083
          -0.19028
         -0.592541
          0.289161
         -0.212277
          -1.27887
         -0.197284
         0.0620074
         -0.317134
##################### ACCEPTABLE SUBNET NUMBER: 16  #########################
           1.60091
 3
16
14
 2
 3
 5
47
24
           1.42586
          0.754709
         -0.789203
         -0.239582
        -0.0510149
          0.409557
         0.0477919
          -2.09709
         -0.699108
##################### ACCEPTABLE SUBNET NUMBER: 17  #########################
          0.707196
 2
 2
16
 3
15
10
42
           1.59157
        -0.0434811
         -0.561667
        0.00845751
         -0.472957
        -0.0719526
          0.174741
         0.0475982
##################### ACCEPTABLE SUBNET NUMBER: 18  #########################
           1.65927
15
 9
48
44
23
18
45
13
31
33
46
21
14
 5
 7
38
 4
42
10
47
 1
           1.60502
           1.14392
           1.13084
            1.4604
            1.0436
           0.94135
          -0.18727
          0.689666
         -0.830203
          0.280417
          0.134014
           0.73131
          -1.12714
         -0.640085
          0.701782
          -1.13042
          0.577794
         -0.302378
           1.49741
           1.68776
         -0.353919
          -0.10076
##################### ACCEPTABLE SUBNET NUMBER: 19  #########################
           1.98691
 6
19
 8
28
27
35
13
 8
 6
10
25
45
 5
 4
 2
31
           1.37902
          0.757003
         -0.164051
         0.0769314
         0.0877856
         -0.703743
         -0.724838
          -1.13572
           -1.0851
          0.364666
          0.410573
         0.0279038
         -0.683823
         -0.699187
          -0.86075
          0.199811
          -0.78881
##################### ACCEPTABLE SUBNET NUMBER: 20  #########################
           2.12959
 3
16
20
26
 5
40
39
 7
29
32
          0.676101
         0.0639278
         -0.792535
         -0.223771
         0.0515254
         -0.303512
         0.0781376
         -0.819108
        -0.0362017
         -0.303762
           -1.1746
##################### ACCEPTABLE SUBNET NUMBER: 21  #########################
           1.33895
 2
28
16
 1
 5
          0.899067
         -0.285806
         -0.908781
         -0.108932
         -0.340668
         0.0298816
##################### ACCEPTABLE SUBNET NUMBER: 22  #########################
           2.47679
 4
20
49
46
15
12
 7
39
10
47
 6
34
38
27
 3
25
 9
41
           1.14862
          0.867094
          0.767677
           1.01426
          -0.35201
          0.842863
        -0.0557907
           1.28871
           1.03187
         -0.204605
          0.273391
           1.05323
          -0.64366
         -0.311706
          -1.29119
          -1.48507
         -0.591626
          0.392529
          0.218919
##################### ACCEPTABLE SUBNET NUMBER: 23  #########################
           2.28778
 5
20
45
30
12
33
 5
15
10
16
11
34
         0.0820415
         -0.311062
         -0.460214
          0.358817
         -0.876918
          -1.94527
         -0.728593
          -1.10703
          0.418036
         -0.402165
         -0.488916
          0.270169
         -0.453418
##################### ACCEPTABLE SUBNET NUMBER: 24  #########################
           2.94544
 4
31
16
20
40
 6
38
24
10
13
30
 8
          0.176206
        -0.0567332
         -0.268084
         -0.413919
         -0.114464
          0.255423
           -1.2404
          -1.42228
           0.34596
          -1.26866
          -1.54706
            -1.378
         0.0151661
##################### ACCEPTABLE SUBNET NUMBER: 25  #########################
          0.971326
 2
14
34
 7
 7
 6
38
 8
37
46
11
           1.07195
         0.0645907
         -0.239494
         0.0461189
         -0.241577
          0.451063
          0.351708
          0.157265
         -0.579282
          -0.53202
          -1.09187
         -0.398095
##################### ACCEPTABLE SUBNET NUMBER: 26  #########################
           1.02305
 3
 2
48
 1
 2
30
 3
          0.462845
         -0.200936
          -0.63175
          0.328515
         -0.232134
          -1.25054
          -0.56734
          0.133276
