File open successful. It contains: 
Finished reading file, will close now.
File x_dt open successful.
Finished reading file x_dt, will close now.
File sd_d open successful.
Finished reading file sd_d, will close now.
--------START FOR GENE 18 -----------
 Values arranged as error, n_ka, gene ids for ka, n_kd, gene ids for kd,
 r0, ea, d, ka_values, kd_values for each subnet. 
##################### ACCEPTABLE SUBNET NUMBER: 1  #########################
           1.31255
10
17
19
22
50
43
34
 3
27
 4
47
 3
12
41
39
           2.41445
           1.54423
          0.843674
           1.50544
           1.44113
         -0.350312
           1.45349
          0.498766
            1.2426
          0.246591
          0.933898
        0.00445547
          -0.11518
           1.84983
           1.63537
          -1.95515
##################### ACCEPTABLE SUBNET NUMBER: 2  #########################
           2.68202
13
34
16
23
26
24
 2
35
 9
 3
31
13
 6
44
10
41
10
36
40
46
48
32
28
50
12
           1.60163
           1.07455
         -0.585126
          0.362151
         -0.099672
          0.213938
         -0.015933
          -1.48375
         -0.128127
          -1.04658
         -0.960602
         -0.283251
         -0.956236
         -0.958331
         -0.626012
         -0.903975
          0.454846
          0.575407
          0.418364
         0.0983391
         0.0474442
         -0.290379
          -1.58215
          0.430058
         -0.340618
           0.18469
##################### ACCEPTABLE SUBNET NUMBER: 3  #########################
          0.671431
 4
33
13
 7
34
 5
39
44
24
31
29
           2.01314
           0.68481
         -0.826598
        -0.0428762
         0.0930468
         -0.280875
          -1.43193
         -0.174533
          0.525775
          0.440614
          0.309452
         -0.268646
##################### ACCEPTABLE SUBNET NUMBER: 4  #########################
           1.80723
 4
34
26
21
24
15
46
44
36
14
 1
42
31
19
35
32
 4
39
45
 2
33
           2.20374
           1.50234
          0.689893
          0.780882
          -0.16365
         -0.273698
          -1.67821
           1.04281
         -0.710097
           0.28655
           1.03486
          0.622951
          0.106335
           0.50708
        -0.0351407
          0.403892
         -0.172212
           -1.8095
         -0.237302
         -0.485264
         -0.329438
         -0.436905
##################### ACCEPTABLE SUBNET NUMBER: 5  #########################
           1.48699
 2
23
33
 4
12
 9
 2
 3
           2.60422
           1.42215
         -0.813381
         0.0452175
         -0.314303
          0.407938
         -0.796957
           0.22182
         -0.274926
##################### ACCEPTABLE SUBNET NUMBER: 6  #########################
           1.35841
 4
23
50
44
 7
10
46
12
 8
20
 5
48
11
16
34
30
           2.33624
           1.08944
          0.156447
          0.520065
           -1.2896
        -0.0203964
          0.158268
          0.632281
          0.906598
         -0.501274
          0.397222
         -0.864919
         -0.162226
          -0.80306
         -0.884286
          -0.21207
          0.217433
##################### ACCEPTABLE SUBNET NUMBER: 7  #########################
           1.21789
 2
33
 4
 9
 8
49
44
 2
 1
 5
21
16
27
            1.7139
          0.546496
         -0.803706
        -0.0940831
         0.0123253
           0.28789
         -0.514582
          0.428581
          -1.82396
          0.259689
         -0.963724
           -2.1803
         -0.333096
         -0.349158
##################### ACCEPTABLE SUBNET NUMBER: 8  #########################
           1.02712
10
19
20
33
21
30
45
12
28
 7
31
14
41
 8
14
43
38
10
39
22
47
23
32
29
24
16
           1.44631
          0.744022
         -0.118513
          0.484224
         -0.333579
           0.36361
         -0.397713
          0.102849
         -0.054109
          -1.19055
         -0.216031
          -1.03007
          -0.20268
          0.531885
          0.693175
          0.786201
           0.52684
          0.534093
          0.610571
         -0.223458
         -0.171098
        0.00400904
          0.153194
          -1.62782
         -0.694811
          -1.19058
           -1.7168
##################### ACCEPTABLE SUBNET NUMBER: 9  #########################
           4.87203
 6
33
 3
26
31
 6
43
 3
 8
12
17
           1.37799
          0.621152
          -1.29349
         -0.148404
        -0.0142032
          -1.36341
         -0.930661
         -0.156435
          -1.25092
          0.441459
         -0.346135
         -0.508414
##################### ACCEPTABLE SUBNET NUMBER: 10  #########################
           2.83647
 7
39
 3
17
19
48
23
33
12
46
38
43
12
 1
21
 8
30
50
 9
16
24
           2.11534
           1.17051
          0.591583
          0.479386
         -0.125707
         -0.186198
          0.520338
         -0.247712
          -0.25405
          0.680376
           1.04211
          0.874234
         -0.195659
          0.842006
          -2.82344
         -0.201079
         -0.152521
          0.616517
          0.447723
         -0.562134
          -2.07238
          0.227085
##################### ACCEPTABLE SUBNET NUMBER: 11  #########################
           5.70523
 3
13
10
16
 2
 5
39
           0.89406
          0.159203
          -1.05832
         -0.166261
        -0.0150622
         -0.156724
         0.0450843
         -0.227252
##################### ACCEPTABLE SUBNET NUMBER: 12  #########################
           3.86863
11
38
34
15
 6
 5
24
21
49
25
29
32
12
22
44
27
41
10
 8
23
39
13
50
12
14
           1.91865
           1.81164
          0.902253
           1.21742
           1.67381
          0.514241
         -0.231685
          0.860139
         -0.282267
          0.375596
          0.639823
         -0.477233
           1.03205
         -0.614098
          0.618949
          0.511752
            -0.161
           1.64505
          -1.29793
            1.4953
         -0.583327
          0.579861
          0.515739
         -0.464821
          -1.50835
           -1.0076
##################### ACCEPTABLE SUBNET NUMBER: 13  #########################
           4.70121
 7
33
19
15
 2
30
29
 6
 9
 7
 8
 4
17
14
37
39
31
11
           1.40038
          0.594598
         -0.998257
         -0.152711
        -0.0788504
         -0.217639
         -0.513966
         -0.355045
          -1.21958
          -1.72405
        -0.0694679
          0.304414
          -1.82447
           0.20478
         -0.152579
         -0.189408
           -1.0512
         -0.898946
          -1.83543
##################### ACCEPTABLE SUBNET NUMBER: 14  #########################
           1.91175
 5
33
13
41
25
 6
 2
46
14
            1.7964
          0.750562
         -0.147216
         0.0992347
          -1.22951
        -0.0416584
          -1.53958
          -1.54639
          0.456503
          0.210349
##################### ACCEPTABLE SUBNET NUMBER: 15  #########################
           2.64835
 2
33
13
 4
10
22
20
17
           1.92987
          0.830581
          -2.87972
         -0.239168
         0.0935127
        -0.0593984
          0.439281
         -0.507842
         -0.670173
##################### ACCEPTABLE SUBNET NUMBER: 16  #########################
           2.24161
 5
38
19
23
 7
14
 5
39
30
 3
11
10
            1.0756
          0.474021
          0.084117
          -0.13558
          0.639857
          0.688388
         -0.703377
          -1.72317
         -0.322948
          0.824997
          0.954549
          0.693459
          -0.72556
##################### ACCEPTABLE SUBNET NUMBER: 17  #########################
           5.73437
12
13
40
27
39
24
41
 6
33
23
38
36
 4
 7
47
30
17
43
46
37
50
           1.93369
           1.20391
          0.922861
           1.06031
           1.38667
          0.586645
           0.66576
          0.632105
         -0.647748
         -0.238263
           1.15598
          -1.63537
          0.341594
         -0.396295
          -1.38279
           1.55765
           1.66855
           1.65752
          0.344095
          0.787287
         0.0574582
          -0.48536
##################### ACCEPTABLE SUBNET NUMBER: 18  #########################
           5.90715
 5
34
30
45
26
15
 3
43
 7
46
           1.75898
           1.77527
          0.559641
           1.52954
          0.507095
          0.881671
          -0.35903
           -1.4407
           1.20283
         0.0259816
           1.35704
##################### ACCEPTABLE SUBNET NUMBER: 19  #########################
           5.83296
 0
 0
         -0.239067
           -0.8413
         -0.239067
##################### ACCEPTABLE SUBNET NUMBER: 20  #########################
           9.63384
 4
44
33
39
 1
 2
21
47
           1.25908
          0.979822
         -0.525718
        -0.0304465
        -0.0299961
          -1.05519
          -1.76066
         0.0683203
          -2.14745
##################### ACCEPTABLE SUBNET NUMBER: 21  #########################
           5.03516
 6
 7
28
38
37
25
23
 8
10
24
50
 1
29
 3
 2
21
          0.656339
         0.0603889
         -0.551983
          0.228108
          0.391702
         -0.297531
         -0.105266
         -0.317492
         -0.168773
          0.549766
          0.519416
          -1.22911
          0.314399
         -0.331812
         -0.232425
         -0.536887
          -1.25405
##################### ACCEPTABLE SUBNET NUMBER: 22  #########################
           4.74352
 4
21
34
46
36
 6
 1
49
40
19
23
20
          0.737618
          0.071884
         -0.201573
          0.515903
         -0.134786
          -1.25073
          -1.33253
           0.80262
          0.454246
         -0.093288
        -0.0863196
          0.407467
          0.094273
##################### ACCEPTABLE SUBNET NUMBER: 23  #########################
           7.26638
 3
13
28
 5
 5
38
35
17
12
 9
            1.0589
          0.214371
         -0.711005
          0.393222
          0.511698
          -1.02953
          -0.57809
          0.640742
          0.591324
          0.555246
          -0.13859
----------Number of Acceptable Subnets found: 23 -----------
----------END FOR GENE 18 -----------
