File open successful. It contains: 
Finished reading file, will close now.
File x_dt open successful.
Finished reading file x_dt, will close now.
File sd_d open successful.
Finished reading file sd_d, will close now.
--------START FOR GENE 18 -----------
 Values arranged as error, n_ka, gene ids for ka, n_kd, gene ids for kd,
 r0, ea, d, ka_values, kd_values for each subnet. 
##################### ACCEPTABLE SUBNET NUMBER: 1  #########################
           2.62518
 2
33
41
 7
 8
46
25
 7
17
11
10
            1.5049
          0.757515
          0.246508
          0.481604
         -0.129182
          0.636474
          0.739919
          0.478659
          -1.29086
         -0.194205
         -0.526594
          -1.95697
##################### ACCEPTABLE SUBNET NUMBER: 2  #########################
          0.733008
11
34
 3
36
31
 8
16
50
48
42
35
30
 3
24
41
20
           1.96973
           1.12843
         -0.766325
          0.234538
          0.291542
          0.289067
         -0.065878
         -0.188427
          -1.07028
        -0.0689957
          -1.19347
        -0.0263075
         -0.261623
          0.176224
          0.780261
          0.398754
          0.564993
##################### ACCEPTABLE SUBNET NUMBER: 3  #########################
           2.34413
 6
13
 7
29
27
17
31
11
39
30
35
 3
 6
37
26
22
32
42
16
           1.79725
           1.21846
          0.709773
           1.88621
           1.40838
         -0.640245
          0.933081
          0.636034
          -1.02155
          0.502938
          0.800845
           1.86692
           2.08053
         -0.243491
         -0.497561
           -0.2774
          0.389947
          0.254712
          -1.30953
         -0.546248
##################### ACCEPTABLE SUBNET NUMBER: 4  #########################
           2.12285
 2
 4
33
 2
46
43
           1.66157
          0.816135
          0.748346
          0.892487
           1.01717
           1.29567
            1.2785
##################### ACCEPTABLE SUBNET NUMBER: 5  #########################
           2.74772
 1
34
 9
46
15
 5
24
12
 8
 7
16
20
           2.02765
           1.07451
          0.156368
          0.228842
          0.569828
           0.45839
          -1.43986
          -2.43658
         -0.251182
          0.177087
         -0.378864
           -1.1588
        -0.0623879
##################### ACCEPTABLE SUBNET NUMBER: 6  #########################
           1.16077
 4
23
33
48
32
 7
27
41
 6
46
 1
43
 4
           2.26669
           1.16638
         -0.352208
          0.259704
        -0.0545699
          -1.04123
          -2.49275
           0.61681
          0.201248
         0.0168532
          0.137822
          0.356304
          -1.54036
          0.403388
##################### ACCEPTABLE SUBNET NUMBER: 7  #########################
           2.10633
 6
33
26
22
 2
40
48
 9
46
44
25
14
41
16
37
 1
 4
           1.72044
          0.984966
          0.772887
          0.987369
           0.68564
         -0.008794
          0.172815
          -1.31825
          -1.89078
           1.24837
           1.03747
           1.02567
          0.546684
         -0.801218
          -1.23057
         -0.499829
          0.083855
          -0.86323
##################### ACCEPTABLE SUBNET NUMBER: 8  #########################
           1.37377
 1
50
 4
46
 3
25
36
           2.23351
           1.17578
            -1.786
           1.14972
           1.31757
           1.48783
        -0.0545849
         -0.726202
##################### ACCEPTABLE SUBNET NUMBER: 9  #########################
            1.8802
 4
34
31
24
39
 4
 7
46
14
15
           2.51897
            2.0745
         -0.265855
          0.353897
          -1.31374
          -1.24737
          0.205495
          0.366355
          0.465061
         -0.758286
          -1.74971
##################### ACCEPTABLE SUBNET NUMBER: 10  #########################
           1.81312
 2
36
20
15
 1
 5
41
28
25
 7
37
14
39
42
35
 2
44
23
50
             1.707
            1.0227
            0.9981
            1.7686
         -0.328949
           2.03195
           1.86909
           1.69349
         0.0771598
           -1.4814
           0.12063
         0.0115305
           1.99746
           1.19276
           1.60433
          -1.13888
          0.947128
          0.908102
         -0.953368
          -1.46806
##################### ACCEPTABLE SUBNET NUMBER: 11  #########################
           4.05608
 4
34
45
31
37
 7
 8
24
43
15
46
14
17
           2.01134
           1.51737
          0.820282
           1.43464
           1.59861
          -2.29432
           1.09517
           1.04451
           1.92351
            1.7714
          0.708682
         -0.715324
        -0.0995376
           0.88245
##################### ACCEPTABLE SUBNET NUMBER: 12  #########################
           5.70271
 0
 0
         -0.268985
          -1.02484
         -0.268985
##################### ACCEPTABLE SUBNET NUMBER: 13  #########################
           1.49863
 6
33
13
50
23
36
38
 6
41
12
 5
47
49
45
           1.06568
          0.586203
          0.140189
          0.587252
          0.782119
          0.153672
         -0.554763
         -0.854994
          -1.00027
          0.757785
          0.951103
           0.72137
         -0.885398
       -0.00347224
         -0.548971
##################### ACCEPTABLE SUBNET NUMBER: 14  #########################
           5.11742
 7
25
12
50
35
31
33
46
 3
30
11
16
          0.286769
         -0.106764
            1.3746
           1.64414
           1.73706
          0.588508
           1.00336
          0.438454
           1.24348
         -0.308192
           1.95221
           1.93722
           1.19195
##################### ACCEPTABLE SUBNET NUMBER: 15  #########################
           4.44593
 7
25
23
 7
37
49
43
41
 2
 1
31
          0.519149
         -0.315622
         -0.395215
         -0.112481
         -0.152445
         -0.228017
         -0.546402
          -0.55381
         -0.829403
          -0.82899
          0.581419
          -1.14985
##################### ACCEPTABLE SUBNET NUMBER: 16  #########################
           1.35349
 2
33
29
 4
44
 3
 1
16
           1.96809
           0.60039
          -1.12582
        -0.0902397
         0.0213089
          0.502386
         -0.601922
          0.361519
         -0.274034
##################### ACCEPTABLE SUBNET NUMBER: 17  #########################
           7.27264
 0
 0
         -0.364215
          -1.53092
         -0.364215
##################### ACCEPTABLE SUBNET NUMBER: 18  #########################
           7.40129
 7
34
28
22
25
24
 3
 2
 3
 8
47
43
           1.20411
          0.409734
         -0.937525
         -0.253535
          0.172543
         -0.149779
         -0.902076
         -0.595976
         -0.563612
          -1.50097
          0.397073
         -0.527197
         -0.110637
##################### ACCEPTABLE SUBNET NUMBER: 19  #########################
           6.54677
 0
 0
          0.693633
            1.2004
          0.693633
##################### ACCEPTABLE SUBNET NUMBER: 20  #########################
           9.66145
 5
42
 4
26
 1
34
 6
27
30
14
37
13
40
          0.675935
        0.00533983
         -0.787054
         0.0481304
          0.215474
         0.0767367
          -1.90022
         -0.948059
          0.441654
          0.649699
          0.205406
          -1.04795
         -0.200902
         -0.948059
##################### ACCEPTABLE SUBNET NUMBER: 21  #########################
           5.46595
 4
 7
19
48
16
 5
 5
27
11
29
45
           1.06205
          0.527277
         -0.578273
         -0.130496
        -0.0171492
         -0.234993
         -0.107547
          0.164727
          -2.09602
          -1.12424
         -0.898025
         -0.461797
##################### ACCEPTABLE SUBNET NUMBER: 22  #########################
             6.343
 0
 0
          0.466836
          0.920385
          0.466836
##################### ACCEPTABLE SUBNET NUMBER: 23  #########################
           9.64695
 0
 0
        0.00721955
         0.0473064
        0.00721955
##################### ACCEPTABLE SUBNET NUMBER: 24  #########################
           2.49584
11
33
38
23
32
46
 2
49
35
26
 3
24
 8
20
 1
27
41
 9
 7
 6
 4
          0.997737
          0.534956
         -0.187038
           0.54839
        -0.0327986
          0.732944
          0.241808
        -0.0742337
         -0.314384
         -0.506663
         -0.242466
          -0.38342
       -0.00522782
         -0.246636
           1.02229
          0.977088
          0.388368
          0.715031
          -1.18718
          0.177482
          -1.34729
          0.101026
##################### ACCEPTABLE SUBNET NUMBER: 25  #########################
           4.33083
 9
34
27
11
30
25
26
45
10
35
 2
24
 1
           1.60792
           1.07795
          -0.71851
      -0.000301873
         -0.575882
       0.000645226
         -0.370215
         -0.709552
          -1.67694
         0.0842182
          -1.45212
          -1.88354
          0.482514
          -2.45912
##################### ACCEPTABLE SUBNET NUMBER: 26  #########################
           6.68544
 0
 0
           0.15932
          0.589999
           0.15932
##################### ACCEPTABLE SUBNET NUMBER: 27  #########################
            2.4716
 5
33
45
 2
 7
10
11
30
46
37
23
31
19
42
32
21
14
44
           2.21127
           1.36401
          0.948787
           1.08377
         -0.220218
          -1.09307
          0.467033
           1.12304
         0.0117292
           1.41484
          0.737521
         -0.196381
           1.18076
         -0.193878
          0.688764
          0.443568
           1.20079
          -2.09073
         -0.633539
----------Number of Acceptable Subnets found: 27 -----------
----------END FOR GENE 18 -----------
