1	0.3931	0.1545	0.0607	0.0239	0.0094	0.0037	0.0014	0.0006	0.0002	0.0001	0
1	1.5267	1.527	1.482	1.4382	1.3958	1.3545	1.3145	1.2757	1.2381	1.2015	1.166
1	2.7867	3.117	3.1488	3.152	3.1525	3.1527	3.1527	3.1527	3.1527	3.1527	3.1527
1	2.5724	5.5885	8.603	11.2761	13.6281	15.6861	17.3767	17.6438	15.7561	13.7731	12.0318
1	1.0238	0.8032	0.6091	0.4621	0.3515	0.2681	0.2053	0.158	0.1224	0.0956	0.0754
1	0.2241	0.0566	0.0183	0.0125	0.0127	0.014	0.0157	0.0177	0.02	0.0225	0.0253
1	1.6269	0.9115	0.2979	0.1251	0.0663	0.039	0.0236	0.014	0.0079	0.004	0.0017
1	6.0989	7.8944	8.5269	8.7406	8.4911	6.159	2.924	1.1421	0.4163	0.148	0.0522
1	0.6769	0.4582	0.3102	0.21	0.1421	0.0962	0.0651	0.0441	0.0298	0.0202	0.0137
1	0.1986	0.0395	0.0078	0.0016	0.0003	0.0001	0	0	0	0	0
