File open successful. It contains: 
Finished reading file, will close now.
File x_dt open successful.
Finished reading file x_dt, will close now.
File sd_d open successful.
Finished reading file sd_d, will close now.
--------START FOR GENE 18 -----------
 Values arranged as error, n_ka, gene ids for ka, n_kd, gene ids for kd,
 r0, d, ea, ka_values, kd_values for each subnet. 
##################### ACCEPTABLE SUBNET NUMBER: 1  #########################
           2.97567
 9
26
 4
48
12
21
14
34
38
23
10
30
22
35
29
13
32
44
43
19
36
            1.3687
           1.64995
           1.24976
           1.20733
          -1.14051
           1.11365
          0.941527
          -0.20615
          0.257363
           1.70953
          0.395262
         -0.792331
           1.49392
         -0.178879
         -0.807409
         -0.503681
         -0.182249
           1.34638
          0.353315
          0.156395
        0.00308839
          0.843874
##################### ACCEPTABLE SUBNET NUMBER: 2  #########################
           0.74505
 2
32
23
 7
37
31
50
29
27
49
24
           1.55682
          0.595554
         -0.192711
          0.417193
          0.806701
           1.13055
          0.820752
          -2.05658
         -0.899514
          0.288118
          -2.22852
          0.522204
##################### ACCEPTABLE SUBNET NUMBER: 3  #########################
           2.56329
 7
19
14
33
29
32
23
28
 7
43
 9
10
 6
22
20
41
           1.99897
             1.478
          0.977331
          0.425587
          -1.23272
           1.21668
           1.34375
           -1.2617
         -0.177389
          -1.23864
           1.64758
           1.27607
         -0.615514
          0.766345
          0.192867
        -0.0909249
          0.143364
##################### ACCEPTABLE SUBNET NUMBER: 4  #########################
          0.668802
 7
34
 7
32
26
48
31
 9
 1
46
           2.14228
           1.63915
         -0.460955
           0.75606
        -0.0902336
          0.621443
          0.213997
          0.192415
           0.20135
          0.628069
          0.924813
##################### ACCEPTABLE SUBNET NUMBER: 5  #########################
           1.41888
 4
13
30
27
44
 2
37
19
            2.0376
           1.32689
          0.825758
           1.36687
          0.368621
        -0.0344701
        -0.0365859
           1.49293
           1.58366
##################### ACCEPTABLE SUBNET NUMBER: 6  #########################
             2.843
 5
34
29
46
 1
16
 6
21
49
25
26
 3
41
           2.38194
           2.62922
          -4.07265
          0.447537
          0.268773
         -0.931671
          -2.11517
          0.066142
          0.189073
          -0.32856
          -1.37852
         0.0803057
         0.0144767
         -0.358227
##################### ACCEPTABLE SUBNET NUMBER: 7  #########################
           2.60522
 6
50
32
11
38
16
20
12
15
45
28
 7
46
43
 6
41
31
44
 1
34
           1.78208
           1.79192
            1.3585
           1.89423
           1.30637
         0.0390586
          -1.03757
           1.20518
         -0.354749
           1.81775
           0.94527
         -0.685667
          -1.56385
          0.370669
           1.96817
          -1.76736
            1.1756
          -1.28535
         -0.873348
           -1.0649
         -0.792875
##################### ACCEPTABLE SUBNET NUMBER: 8  #########################
           2.91055
 7
34
35
40
48
 6
15
32
10
21
36
26
29
 5
42
47
19
24
49
           1.04645
           1.29516
           1.07684
           1.97087
           1.23408
          0.123401
           1.27335
        -0.0410758
          0.168012
          0.825699
            1.6973
         -0.671246
           1.61878
          -1.49952
         -0.372206
          0.180021
         -0.543107
         -0.452208
          -1.22813
        -0.0860546
##################### ACCEPTABLE SUBNET NUMBER: 9  #########################
           2.33285
 3
28
42
 6
 2
22
30
         -0.098793
         -0.380356
          0.725268
           1.46131
           1.13848
          0.696401
            1.5018
           1.55654
##################### ACCEPTABLE SUBNET NUMBER: 10  #########################
           1.40412
 8
23
29
26
10
 9
50
33
 3
13
17
37
15
24
46
31
 8
27
40
20
38
16
48
           1.21173
          0.744016
           1.04956
           1.45439
         -0.611951
         -0.311368
        -0.0254931
         -0.662517
          0.490684
          0.190828
         -0.302918
          0.355946
           1.65369
         -0.150306
          0.287632
          0.991152
         -0.941223
          0.640769
          0.603393
          0.568819
           1.07491
          0.935476
         -0.101389
         -0.418837
##################### ACCEPTABLE SUBNET NUMBER: 11  #########################
           1.27242
 2
26
 2
 4
41
27
23
22
          0.515563
         -0.289295
         -0.458926
          0.359283
          0.774967
          0.698329
          0.768262
         -0.341634
          -0.12579
##################### ACCEPTABLE SUBNET NUMBER: 12  #########################
           2.56656
 9
 2
43
 4
 9
13
47
11
 8
17
 9
12
36
46
37
 5
19
38
28
22
           1.44108
           1.19202
           1.77403
          0.552946
         -0.204226
        -0.0309156
          0.449314
         -0.425484
          0.280817
         -0.230702
          0.231811
          0.247238
        -0.0443309
          0.755133
           1.96417
           1.25152
           1.89619
          0.801344
           1.25722
          -2.91907
         -0.750929
##################### ACCEPTABLE SUBNET NUMBER: 13  #########################
          0.851974
 9
 4
34
48
23
38
45
37
41
47
 1
24
           1.69492
          0.949496
           -1.0555
         0.0887486
        -0.0717888
         -0.132989
         -0.134933
          -1.58078
         -0.150105
         -0.864807
          -1.48357
          -1.65605
           0.53296
##################### ACCEPTABLE SUBNET NUMBER: 14  #########################
          0.722651
 2
25
20
 5
 1
42
15
40
22
          0.675565
         -0.167756
         -0.283008
          0.034243
          0.162484
          0.765996
          -1.20754
          -1.09213
          0.313544
         0.0983833
##################### ACCEPTABLE SUBNET NUMBER: 15  #########################
           1.77846
 9
50
11
34
17
27
16
35
23
36
13
30
44
 4
41
32
15
 9
22
45
21
39
20
26
           2.00024
           1.60856
          0.704985
           1.46395
         -0.738205
          0.539048
         -0.128367
         -0.055611
            1.1367
          0.432597
          0.670426
         -0.697797
           1.42292
           1.68417
          0.482607
        0.00885985
          0.420254
          0.175012
          0.605831
          0.705494
        -0.0246468
           0.25252
         -0.504503
         -0.235174
           1.16214
##################### ACCEPTABLE SUBNET NUMBER: 16  #########################
          0.752625
 5
29
34
48
 7
10
 4
15
46
19
11
           2.02757
          0.939569
         -0.691723
          0.725987
          0.379329
          0.144666
         -0.706929
         -0.569654
           1.07066
           0.72977
           -0.1375
         -0.664683
##################### ACCEPTABLE SUBNET NUMBER: 17  #########################
          0.733142
10
29
45
43
 8
47
16
14
50
11
35
 7
 1
10
 4
22
44
36
34
           1.00668
          0.603644
          0.434994
           1.26774
        -0.0652025
          0.728177
          0.389964
          0.522802
          0.292399
           0.77061
          0.568429
         -0.868655
         -0.292956
           1.38874
           1.25983
           1.42617
         -0.136919
           1.21972
          0.424129
         0.0293119
##################### ACCEPTABLE SUBNET NUMBER: 18  #########################
           1.77829
 7
 9
 2
28
27
 3
13
32
 6
15
39
 4
30
22
34
          0.491523
         -0.343096
         -0.118856
          0.458989
         0.0901279
         -0.622383
         -0.603243
        -0.0464759
          -2.58019
         -0.346498
          0.641416
          0.293956
          0.452778
           0.18321
          0.378034
          -2.00009
##################### ACCEPTABLE SUBNET NUMBER: 19  #########################
           1.06687
 3
16
 4
 7
 7
11
34
25
28
15
40
30
          0.671025
         0.0632942
         -0.504189
           0.41215
          0.525536
         0.0747029
          0.795282
           0.65414
          -1.38593
         -0.164897
          0.487645
         -0.402037
          -1.41802
##################### ACCEPTABLE SUBNET NUMBER: 20  #########################
           2.44632
 5
 2
34
23
49
 7
 4
24
47
27
10
           1.78904
           2.02467
          0.798969
           1.63902
           1.24445
           1.43932
          -1.40367
         0.0555076
           1.39946
         -0.335229
         0.0964047
           1.24559
##################### ACCEPTABLE SUBNET NUMBER: 21  #########################
           1.68297
 7
20
45
37
 2
34
36
47
 6
 8
 1
44
21
 3
 4
          0.955827
          0.393909
          0.302277
           1.09703
           0.26801
          -1.05912
          0.529083
        -0.0629254
       -0.00392204
          -1.00223
          0.943653
           1.47093
           1.04112
          -1.10179
          0.676635
         -0.739067
##################### ACCEPTABLE SUBNET NUMBER: 22  #########################
           1.07192
 7
19
36
48
37
 3
35
10
13
 8
47
33
16
 7
21
27
13
31
38
23
 4
25
           2.06126
           1.62311
           1.62287
            1.7306
          0.819316
           1.57062
          0.140922
          -1.77729
           1.26534
         -0.864461
           1.95688
           1.93892
         0.0296634
          -1.32317
           2.10799
         -0.146753
          0.905299
          0.806174
        -0.0644568
         -0.319002
         -0.889791
         -0.350501
          0.456532
##################### ACCEPTABLE SUBNET NUMBER: 23  #########################
           1.06637
 5
22
 4
32
 2
39
 4
 6
10
24
34
           0.92316
          0.350125
        -0.0813591
         -0.321366
          0.707916
          0.504407
          0.041395
         -0.227116
          0.486437
           1.02089
           1.08068
          -2.09721
##################### ACCEPTABLE SUBNET NUMBER: 24  #########################
           2.22677
 3
33
20
49
 5
 5
 6
12
37
11
           1.48481
          0.590333
         -0.497634
           -0.2366
          0.016744
         -0.934818
         0.0228211
          0.177978
        -0.0755365
         -0.077712
        0.00423361
##################### ACCEPTABLE SUBNET NUMBER: 25  #########################
           2.00345
 3
41
 1
35
13
23
30
 8
46
44
27
21
22
 4
 6
11
14
43
           2.20067
            1.7274
           1.18968
           1.16254
           1.10774
         -0.180474
          0.267766
          0.291994
           1.56145
           1.48334
          0.466281
         0.0845991
         -0.422549
          0.279962
           1.01172
          0.840121
          0.952043
         -0.905567
         -0.889589
##################### ACCEPTABLE SUBNET NUMBER: 26  #########################
          0.614003
 3
29
48
23
 8
 6
 4
11
 1
36
43
44
 2
           1.36148
          0.471165
          -1.00409
         0.0633548
         -0.623305
          0.101315
           0.34391
          0.454671
          -0.64712
          0.325716
         -0.568786
          -0.78622
         -0.301579
         -0.176011
##################### ACCEPTABLE SUBNET NUMBER: 27  #########################
           1.62512
15
20
32
 2
26
25
50
48
17
34
13
45
33
27
 8
40
12
47
46
30
15
21
 1
22
10
14
 7
39
41
           2.07647
            1.5074
           1.53905
         -0.713088
          0.939834
         -0.501615
         -0.598528
         -0.696607
           0.75781
         0.0616074
         -0.811218
         -0.555743
           0.16692
          0.944469
          -1.29365
         -0.853166
         -0.794385
           -1.3397
           1.74171
           1.80058
           1.12527
         -0.455728
           1.77089
          -1.29607
           0.23875
          0.594003
         -0.779164
         0.0896903
         -0.136868
          -1.10433
##################### ACCEPTABLE SUBNET NUMBER: 28  #########################
           2.08333
 2
14
26
 7
49
 7
 6
30
 3
19
 2
          0.253758
         -0.182613
         -0.560755
          0.160635
          0.147323
          0.325737
          0.635625
          -1.15776
         -0.442466
         0.0919862
          -2.62381
          -1.27386
##################### ACCEPTABLE SUBNET NUMBER: 29  #########################
          0.718097
 7
23
44
 5
48
 6
19
29
 9
47
24
12
16
30
17
36
39
 7
           1.99205
           1.63432
          0.347543
           1.35581
         -0.189525
          0.327063
           1.01624
          0.617825
         -0.105045
          -1.03449
           1.26435
          0.655407
            1.4784
          0.549455
          -1.37682
           1.34158
         -0.465685
         -0.954094
          0.565186
##################### ACCEPTABLE SUBNET NUMBER: 30  #########################
          0.919059
 3
33
13
10
10
25
46
24
 8
 2
45
20
21
 3
36
            1.9319
            1.1789
         -0.903373
          0.201196
        -0.0382052
         -0.155873
          0.331378
          0.408362
         -0.294099
         -0.091838
          0.777924
          -0.29836
         -0.365752
         -0.221795
          -0.85662
          -0.52694
##################### ACCEPTABLE SUBNET NUMBER: 31  #########################
          0.816289
 3
 2
25
24
12
17
 8
30
11
44
 3
41
26
 1
27
46
12
          0.366093
         -0.106692
         0.0315942
          0.842776
          0.319448
         -0.168091
          -1.20694
         -0.958974
          0.533237
          0.653644
         -0.335031
         -0.198332
          0.365783
         -0.880272
           0.69845
          -1.65103
         -0.588571
          -1.16229
##################### ACCEPTABLE SUBNET NUMBER: 32  #########################
           1.97122
 4
13
 9
48
44
 7
 1
36
30
50
14
37
32
           1.89337
           1.22468
          0.201924
           1.26987
           1.41978
          0.423053
         -0.759235
           1.78839
           1.39884
         -0.115875
          -0.66043
         0.0984741
          -1.35838
          -1.99282
##################### ACCEPTABLE SUBNET NUMBER: 33  #########################
           2.14487
 7
48
23
14
 8
37
42
33
 5
29
 6
47
35
46
          0.273357
         -0.577082
          0.725186
           1.22365
           1.32953
           1.42622
         -0.921749
         -0.301458
          0.403876
        -0.0323132
           1.77981
           2.03902
         -0.706013
         -0.903495
        -0.0349863
##################### ACCEPTABLE SUBNET NUMBER: 34  #########################
          0.740412
11
10
36
38
23
46
24
32
21
 3
29
 5
 8
14
22
12
37
34
19
40
27
           1.86633
           1.66945
            0.4685
          0.805482
         -0.862893
         -0.639002
           1.60136
          -1.31119
          -0.26671
        -0.0761262
           0.47951
           1.41374
          -0.44718
          0.324316
          0.374397
           1.77148
          0.592272
         -0.105884
         -0.965901
         -0.925122
           0.52016
          0.972219
##################### ACCEPTABLE SUBNET NUMBER: 35  #########################
           2.07204
 1
28
 6
13
19
30
42
40
22
          0.222689
         -0.150885
         -0.551461
          0.411562
         -0.052712
          0.375338
          0.459356
         -0.973679
         -0.716917
          0.204194
##################### ACCEPTABLE SUBNET NUMBER: 36  #########################
           2.59289
 2
48
 2
 4
39
15
13
42
          0.964239
         -0.221922
          0.680573
          0.818605
         -0.309895
           1.23273
           1.19673
          0.230898
         -0.203648
##################### ACCEPTABLE SUBNET NUMBER: 37  #########################
          0.737741
 6
20
42
 9
37
31
43
 4
11
34
 6
32
          0.786083
        -0.0709062
         -0.839548
          0.804202
         0.0502943
          0.947721
          0.419023
         -0.278661
         0.0403588
           0.98947
         -0.781604
           1.20073
          0.605719
##################### ACCEPTABLE SUBNET NUMBER: 38  #########################
          0.749366
11
41
23
50
 1
44
21
24
40
 7
49
 3
 7
15
46
48
 6
28
32
27
           2.20396
           1.30903
           1.26661
           1.39163
         -0.939267
            1.8137
         -0.905451
          -1.84699
          0.331683
          0.748838
         -0.999577
          0.513918
          0.994944
          0.712437
           2.11405
           1.95793
        -0.0953266
          0.341461
          -1.29024
         -0.378123
           1.24035
##################### ACCEPTABLE SUBNET NUMBER: 39  #########################
           1.95287
 4
28
12
20
17
 6
32
24
44
 4
47
 1
           1.29039
           0.67293
        -0.0986543
           1.01099
         -0.788237
          -1.03246
          0.776198
          0.806239
           1.13161
         -0.203778
          0.935677
           0.32666
           -1.1447
##################### ACCEPTABLE SUBNET NUMBER: 40  #########################
          0.732037
 3
33
19
23
 3
15
40
 8
           1.53626
          0.571156
          -0.90647
         -0.221548
         -0.124282
          0.157517
          0.473627
          0.228011
         -0.262835
##################### ACCEPTABLE SUBNET NUMBER: 41  #########################
            2.1979
 3
28
48
 1
 2
 3
35
          0.595905
        -0.0463151
         -0.758302
          0.210028
          -1.42012
          -1.03869
          0.283579
         -0.140703
##################### ACCEPTABLE SUBNET NUMBER: 42  #########################
          0.749682
 2
23
32
 6
37
44
39
 8
14
48
           1.71327
          0.598593
        0.00986185
          0.994424
          0.624556
           1.36529
          0.797824
          0.844547
         -0.920825
         -0.934731
         -0.229378
##################### ACCEPTABLE SUBNET NUMBER: 43  #########################
            1.9579
 2
32
44
 2
20
46
           1.03665
          0.180127
          0.405744
          0.668592
         0.0828747
          0.691346
           1.02755
##################### ACCEPTABLE SUBNET NUMBER: 44  #########################
           1.73354
 2
20
35
 5
22
39
11
15
37
           1.49147
        -0.0406007
         -0.207459
          0.908592
          0.511156
           1.34818
          0.863351
         -0.696989
           0.72457
           -1.9933
##################### ACCEPTABLE SUBNET NUMBER: 45  #########################
           0.74995
 4
48
21
15
17
 2
 1
50
          0.547104
          0.148721
         -0.308528
          -0.16961
          0.264066
         -0.643606
          -1.38273
          0.592615
         -0.386985
##################### ACCEPTABLE SUBNET NUMBER: 46  #########################
          0.711483
 7
19
34
14
39
20
16
40
11
12
43
24
11
 6
15
13
49
41
29
35
           1.48386
           1.37622
           1.04117
           1.44188
           1.36417
          0.111978
          0.175705
         -0.531447
         -0.350423
       -0.00148637
           1.50065
           0.30586
         -0.562838
          0.167873
          0.637848
         -0.488517
          0.212934
        -0.0571627
           1.33597
          0.547265
          -1.91656
##################### ACCEPTABLE SUBNET NUMBER: 47  #########################
           1.66813
 2
16
28
 3
31
34
22
           0.45314
         -0.281585
         -0.679157
        -0.0759385
          0.182847
          0.313202
          0.192792
         -0.764228
##################### ACCEPTABLE SUBNET NUMBER: 48  #########################
          0.747442
 3
16
34
10
 6
31
46
42
15
 4
 7
           2.01567
           1.25967
         0.0369666
          -1.66969
          0.187073
          -1.29596
          0.166053
          0.423835
          -1.44074
          0.202315
           0.16988
         -0.765221
##################### ACCEPTABLE SUBNET NUMBER: 49  #########################
           1.85097
 3
 4
32
49
 4
37
41
44
 7
           1.68643
          0.504342
          -0.32544
          0.708232
          0.366017
         -0.721018
           1.08665
        -0.0710351
         -0.927919
          0.754878
##################### ACCEPTABLE SUBNET NUMBER: 50  #########################
           0.77655
13
12
20
33
36
45
 4
44
35
19
15
38
 7
28
 4
24
41
14
27
          0.901357
           0.26181
          -0.19294
          0.705283
          0.697615
          0.618961
          -2.11387
          -1.60494
        -0.0321325
         -0.830212
          -1.78085
          0.476799
         -0.840696
         -0.994846
         -0.481384
          0.163958
           1.16598
          0.787167
          0.242361
         -0.481468
##################### ACCEPTABLE SUBNET NUMBER: 51  #########################
             1.706
 2
48
29
 3
 8
11
31
          0.694435
          0.241421
         -0.941392
         -0.108868
          0.182006
          0.547399
          0.159593
        -0.0808658
##################### ACCEPTABLE SUBNET NUMBER: 52  #########################
           2.30853
 4
 7
 9
32
26
 4
 3
45
 6
15
          0.171749
         -0.417913
         -0.649155
         -0.114102
          0.260516
         -0.306758
          -1.84593
           0.49371
          -1.20778
         -0.490282
          -1.84593
##################### ACCEPTABLE SUBNET NUMBER: 53  #########################
           1.38699
 6
37
42
29
50
 7
34
 8
 8
43
49
12
31
 3
14
25
           2.12749
           1.39701
           0.66574
            1.0768
           1.06785
           1.41375
          -1.59485
          0.549335
         -0.124521
           1.50587
           1.55657
         -0.223625
          0.438455
          -1.14966
           1.66188
          -2.25267
         -0.128588
##################### ACCEPTABLE SUBNET NUMBER: 54  #########################
           1.39763
14
20
12
 6
28
41
 7
19
26
10
14
42
46
34
31
24
24
 1
47
 4
49
43
 8
40
27
33
37
17
22
 3
16
32
25
23
44
 9
 5
39
38
21
           1.96085
            1.6711
          0.680095
           1.52878
          0.192898
           1.30168
           1.44413
         0.0117417
         0.0303408
          0.036818
         -0.458736
          0.276993
           1.15935
         -0.240836
         -0.700689
         0.0746376
           -1.0373
          0.212352
           1.62927
             1.352
           1.45118
          0.695936
           1.29013
           0.70137
          0.637075
         -0.664092
         -0.480203
           1.31024
         -0.979145
           1.33178
         -0.229965
          0.140184
          0.422529
           0.50067
         0.0893181
           1.26767
           1.13419
          0.945346
          0.313674
          0.577224
          0.522333
##################### ACCEPTABLE SUBNET NUMBER: 55  #########################
           2.84054
 2
33
11
 5
39
36
10
12
23
           1.27655
          0.352041
          0.801172
           1.33597
          0.774162
           1.63253
          0.426257
         -0.909532
         -0.940877
         -0.353772
##################### ACCEPTABLE SUBNET NUMBER: 56  #########################
           1.91737
 2
28
14
 8
35
37
20
 3
15
40
39
46
          0.621915
         0.0481759
         -0.710976
          0.342202
         -0.163582
          -1.23585
          0.347629
         -0.110752
          -1.67287
          0.143649
         -0.800205
         0.0541137
         -0.844706
##################### ACCEPTABLE SUBNET NUMBER: 57  #########################
           2.51604
 7
25
 2
 7
46
13
43
20
 6
37
12
34
39
 1
 6
          0.307294
         -0.471972
          -0.20477
        -0.0829996
          0.175124
          -2.47546
          -0.52525
         -0.873848
          -1.48534
         -0.815326
          0.391379
          -1.16851
         -0.800098
         0.0476042
           -0.7045
          -1.92765
##################### ACCEPTABLE SUBNET NUMBER: 58  #########################
           1.12065
 8
34
48
 2
 6
46
26
30
32
 1
44
          0.967698
       0.000415938
         -0.219791
         -0.126552
         0.0714548
          0.768316
          -1.09621
         -0.895548
         -0.053074
         -0.723826
         -0.754688
          0.687148
##################### ACCEPTABLE SUBNET NUMBER: 59  #########################
           1.56052
 6
34
50
47
11
20
39
 6
35
10
 4
26
17
30
           2.04361
           1.40196
         -0.734167
          -0.02048
          0.239311
         -0.774373
          -1.21322
        -0.0132143
         -0.771322
          0.386517
          0.352148
          0.407788
          0.237497
          0.236622
          -1.42119
##################### ACCEPTABLE SUBNET NUMBER: 60  #########################
           2.20959
 3
41
 1
38
 7
46
49
 6
24
40
22
26
           1.81064
           1.17776
           1.66494
           1.60971
          0.431086
          0.255136
           1.99157
           1.80592
           1.90757
         -0.797795
         -0.695015
          -2.17385
          0.126401
##################### ACCEPTABLE SUBNET NUMBER: 61  #########################
           1.92333
 6
34
13
23
11
 1
29
21
39
30
47
 8
 9
42
21
17
44
31
49
 7
 6
 2
46
26
36
43
10
20
32
           1.68566
           1.54359
          0.249707
           1.38526
           1.49593
           1.29679
         -0.263698
         -0.320504
          0.179412
          0.420227
           1.43123
          -0.37373
          0.077907
          -1.10819
          0.897945
          -1.02242
           1.65913
          0.426262
          0.695751
           0.17558
            1.4378
           1.04178
          0.268078
         0.0964332
         -0.459039
          -0.19405
          -1.24743
          -1.36808
          0.396726
         -0.400358
##################### ACCEPTABLE SUBNET NUMBER: 62  #########################
           1.33945
 2
17
25
 1
24
           1.07498
          0.323664
         -0.495146
          0.412431
          0.157412
          0.797911
##################### ACCEPTABLE SUBNET NUMBER: 63  #########################
           0.79759
 4
33
23
46
32
 3
 6
 7
11
          0.530289
        -0.0187035
        -0.0293563
          -1.02513
          0.464317
         -0.515384
          -1.40587
          0.818944
          0.523693
          0.406719
##################### ACCEPTABLE SUBNET NUMBER: 64  #########################
           1.33729
 7
29
 1
39
 5
23
42
25
 7
 4
37
 3
27
44
24
31
           1.94425
           1.30907
         -0.492816
          0.496255
       -0.00824007
        -0.0548959
        -0.0753992
         -0.565394
         -0.450706
         -0.859284
          0.652741
          0.662266
         -0.177409
         -0.272785
         -0.691081
        0.00982912
          -1.71112
##################### ACCEPTABLE SUBNET NUMBER: 65  #########################
          0.686887
 9
48
29
33
35
40
23
14
45
27
10
36
39
20
46
11
 2
 5
44
 9
 8
           1.51268
           1.12643
            0.2167
          0.719593
           0.95123
          0.716743
         -0.254798
        -0.0812124
         -0.145656
          0.206243
          0.110967
          0.649026
          0.828249
          0.661095
           1.00041
          0.318273
         0.0543584
         -0.949825
          0.998037
           1.11237
         -0.257698
          0.944938
##################### ACCEPTABLE SUBNET NUMBER: 66  #########################
          0.795666
 3
13
21
26
11
15
44
41
 8
20
45
47
22
36
24
 5
           1.44902
           0.22004
         -0.513827
          0.802808
           0.48149
         -0.785074
           1.21566
          0.538547
          0.471012
         -0.248332
         -0.138716
          0.372295
           0.15002
          0.295277
         -0.877273
          0.647585
         0.0338882
##################### ACCEPTABLE SUBNET NUMBER: 67  #########################
           1.87791
 7
16
27
 9
33
 7
 6
 4
 7
42
24
32
49
19
38
41
           1.09178
          0.564804
         -0.341864
          0.332935
           0.57499
         -0.983829
        -0.0274956
         -0.813491
       -0.00772143
          -0.30707
          0.424334
          0.921125
          0.301617
         -0.359894
         -0.713587
          -1.18327
         -0.583496
##################### ACCEPTABLE SUBNET NUMBER: 68  #########################
           1.33286
 3
23
33
48
 5
 4
 6
 2
15
35
          0.824079
        0.00605059
         -0.448933
          0.229166
         -0.741334
         -0.761107
           -0.6549
          0.644104
          0.137619
        -0.0541704
          -1.51881
##################### ACCEPTABLE SUBNET NUMBER: 69  #########################
          0.722812
 3
 4
25
 2
 2
 1
19
          0.442419
        -0.0053625
         -0.213649
          0.177473
        0.00880398
         -0.113943
          0.681359
          0.248573
##################### ACCEPTABLE SUBNET NUMBER: 70  #########################
           2.29315
 8
 7
22
27
 8
11
29
43
33
 5
 1
41
37
48
19
           1.61888
           1.12686
          0.722644
          -0.19779
           1.10338
          0.234965
         -0.592514
          0.284445
          0.534541
        -0.0345162
          -0.07234
           1.52818
          0.933875
           1.20499
          -1.07645
          0.518674
##################### ACCEPTABLE SUBNET NUMBER: 71  #########################
           2.97975
 9
33
 6
23
32
31
 8
49
36
 9
11
21
 2
17
38
20
 3
12
40
27
41
10
           1.84156
           1.97517
          0.899076
          0.887527
         -0.809279
           1.76296
         -0.125135
          0.672141
         -0.591892
          0.686344
           1.08197
         -0.520202
           1.62657
          0.882887
          0.717068
         -0.434118
           1.72423
         -0.300237
          0.334802
          0.996592
          -1.79467
           1.14068
         -0.104001
##################### ACCEPTABLE SUBNET NUMBER: 72  #########################
           2.99263
 5
17
10
 4
34
11
 3
21
28
41
           0.96826
           1.25491
         -0.204907
          0.326983
         -0.117238
         -0.860507
          0.414162
          -1.57885
           0.16473
         -0.592781
         -0.531028
##################### ACCEPTABLE SUBNET NUMBER: 73  #########################
           2.46968
 5
24
16
34
50
41
 2
46
19
           1.34687
           1.52937
          0.207784
         -0.143939
          0.669416
           1.09736
         -0.125289
          0.375667
          0.863113
          0.570453
##################### ACCEPTABLE SUBNET NUMBER: 74  #########################
           1.20213
 5
13
16
 5
49
25
10
22
32
 1
 4
34
12
 8
50
40
42
           1.79506
           1.35687
           0.67999
           1.93047
         -0.951047
          0.950092
         -0.165225
         -0.615303
           1.96584
           1.51059
         -0.396309
           2.08892
          0.430586
          -1.48395
        0.00125837
          0.517442
         -0.672922
         -0.860995
##################### ACCEPTABLE SUBNET NUMBER: 75  #########################
          0.802299
 4
13
35
30
 7
 8
15
38
19
 3
46
16
 9
41
           1.40621
          0.451082
         -0.780116
          0.539964
          -1.82995
          -2.02098
         -0.141293
          0.854538
         -0.462925
          0.252007
          -0.42938
          0.185335
          -1.14964
          -1.40383
         -0.657131
----------Number of Acceptable Subnets found: 75 -----------
----------END FOR GENE 18 -----------
--------START FOR GENE 19 -----------
 Values arranged as error, n_ka, gene ids for ka, n_kd, gene ids for kd,
 r0, d, ea, ka_values, kd_values for each subnet. 
##################### ACCEPTABLE SUBNET NUMBER: 1  #########################
           1.14152
 5
18
 4
41
10
43
 8
34
46
28
21
33
35
47
16
         -0.323168
         0.0269467
          0.139801
          0.944613
          0.785494
          0.556089
         -0.139101
          -1.67517
          0.798492
          0.120344
         -0.140202
          -2.38882
          -2.14893
         -0.405264
         -0.920348
        -0.0714823
##################### ACCEPTABLE SUBNET NUMBER: 2  #########################
           2.07469
 1
10
 0
         -0.831695
          -1.29541
         -0.781067
       -0.00847653
##################### ACCEPTABLE SUBNET NUMBER: 3  #########################
           2.49709
 9
23
22
 8
48
50
32
13
26
46
 6
21
17
 3
24
20
 6
          -1.60445
          -1.60358
           0.35902
          -1.47055
          0.100115
          -1.04983
          -1.04953
          -1.05271
          -1.05052
           -1.0482
          -1.05092
          0.223873
         -0.875618
           1.34206
          0.238703
          0.315014
          -1.04948
          0.228396
##################### ACCEPTABLE SUBNET NUMBER: 4  #########################
          0.710048
 1
 2
 1
34
           1.14318
          0.215988
         -0.410504
          0.278272
         -0.205078
##################### ACCEPTABLE SUBNET NUMBER: 5  #########################
          0.739044
 6
44
36
45
47
 9
50
 8
34
18
32
 7
10
42
 4
26
         -0.260037
       -0.00165544
          0.666201
          0.536988
          0.564878
           1.34945
          0.773355
         -0.764734
         -0.787096
          -1.02819
          0.109539
           -1.0736
          0.958396
          0.436374
           1.32701
        -0.0305874
         -0.083591
##################### ACCEPTABLE SUBNET NUMBER: 6  #########################
          0.733718
 4
10
49
38
33
 2
39
34
         -0.180725
          0.128981
        0.00916112
          0.901305
          0.696258
          0.284929
          0.641956
          0.716495
         -0.371358
##################### ACCEPTABLE SUBNET NUMBER: 7  #########################
            0.7352
 2
20
28
 6
48
43
22
37
34
42
          0.752935
           1.08937
          0.421547
          0.940625
         -0.690475
          0.592746
         -0.686475
         -0.617757
         -0.705213
          -1.94623
          0.374179
##################### ACCEPTABLE SUBNET NUMBER: 8  #########################
          0.712151
 2
 8
10
 5
48
33
47
36
46
          0.904247
           1.19956
           0.89995
          0.981631
           1.12668
          0.725784
          0.953238
          -1.59547
          -1.78214
          0.870763
##################### ACCEPTABLE SUBNET NUMBER: 9  #########################
          0.721803
 4
10
21
 2
17
 2
16
39
         -0.202098
          0.111353
          0.236325
          -1.41879
         0.0530443
          0.049749
          0.379153
           0.21787
           0.21199
##################### ACCEPTABLE SUBNET NUMBER: 10  #########################
           2.72479
10
 5
26
22
 7
 1
27
11
25
10
46
 4
42
15
 8
37
          -1.52075
         -0.955537
          -3.05675
           2.01047
          0.642213
          -1.44205
          0.668751
          -1.47727
         -0.260067
         -0.761989
         -0.761989
         -0.769989
         -0.798363
          -1.42863
          -1.47055
          -0.46635
         -0.771989
##################### ACCEPTABLE SUBNET NUMBER: 11  #########################
           1.32996
 1
36
 3
 1
 8
24
           1.00852
          0.825145
         -0.182905
          -0.10506
          -1.06288
         -0.167516
         -0.842246
##################### ACCEPTABLE SUBNET NUMBER: 12  #########################
           2.39405
 2
21
 7
 1
46
         -0.105314
          -1.33934
         -0.481336
          -1.27237
         -0.306372
         0.0337696
##################### ACCEPTABLE SUBNET NUMBER: 13  #########################
          0.774181
 5
29
24
 1
27
33
 1
38
          0.866425
           1.06688
        -0.0163831
          0.249608
         -0.645582
        -0.0827233
         -0.405588
         -0.258136
          0.100056
##################### ACCEPTABLE SUBNET NUMBER: 14  #########################
           1.30606
 3
14
22
42
 1
32
          0.768608
           1.11931
            1.2788
          0.965602
        -0.0652071
         -0.763198
           1.26966
##################### ACCEPTABLE SUBNET NUMBER: 15  #########################
          0.733119
 4
50
35
13
23
 4
42
44
27
 6
          0.524224
          0.647456
         -0.181841
         0.0672288
          0.118518
          -1.22514
          -1.09892
          -1.07265
          -1.49082
         -0.533027
          0.106416
##################### ACCEPTABLE SUBNET NUMBER: 16  #########################
          0.966304
 4
24
31
13
40
 2
33
16
          0.246154
          0.615199
          0.457824
          0.884968
          0.146349
          0.258685
          -1.35589
          0.466478
          0.526241
##################### ACCEPTABLE SUBNET NUMBER: 17  #########################
          0.911626
 4
29
31
11
10
 2
 5
50
         -0.695374
         -0.362414
          -1.81914
          0.508773
         -0.224685
        -0.0980551
        -0.0267158
          0.206295
         -0.133127
##################### ACCEPTABLE SUBNET NUMBER: 18  #########################
          0.945535
 3
 3
44
 1
 3
32
49
34
            1.3293
           1.69615
         -0.256169
           1.69336
          0.912206
         0.0872665
           0.75163
           1.02201
          0.250853
##################### ACCEPTABLE SUBNET NUMBER: 19  #########################
           2.42657
 0
 2
21
27
          -1.16246
          -1.42054
           0.27192
          0.976919
          -1.04065
##################### ACCEPTABLE SUBNET NUMBER: 20  #########################
           2.71175
 1
17
 1
28
         -0.299339
          -1.00826
         -0.328874
         -0.389675
         -0.695234
##################### ACCEPTABLE SUBNET NUMBER: 21  #########################
          0.734423
10
45
50
48
12
18
34
22
17
38
 8
 3
33
41
10
          0.665063
          0.972846
         -0.215884
         -0.492869
          0.479211
          -1.19152
         -0.596363
          0.303707
          0.291618
          0.279004
         -0.261042
       -0.00432013
          0.221257
           0.34104
         0.0962905
          -1.11382
##################### ACCEPTABLE SUBNET NUMBER: 22  #########################
          0.665276
 4
17
24
 1
10
 1
 5
          0.471249
          0.188983
         -0.221676
        -0.0916775
          -1.05447
          -1.55286
        -0.0928734
          -1.65108
##################### ACCEPTABLE SUBNET NUMBER: 23  #########################
           2.37365
 2
43
 4
 9
11
 9
47
14
13
44
24
 7
18
          -1.33579
          -1.52659
        0.00499698
        -0.0624105
          -1.47652
          -1.18148
          -1.68601
          -1.53634
          0.809721
          -1.30466
          -1.10799
         -0.294057
        -0.0868978
          0.290711
##################### ACCEPTABLE SUBNET NUMBER: 24  #########################
           1.58231
 0
 1
48
       -0.00999525
         0.0138761
        -0.0219071
         0.0916295
##################### ACCEPTABLE SUBNET NUMBER: 25  #########################
          0.967749
 4
35
 9
50
44
 5
48
 7
24
 6
37
           1.04499
           1.40019
          0.363168
          0.620867
          0.905202
          0.371383
         -0.213981
          0.540352
         -0.378439
          0.212334
         -0.464805
          -1.41495
##################### ACCEPTABLE SUBNET NUMBER: 26  #########################
           2.67621
 0
 2
45
37
           0.26862
          -1.00472
         -0.456804
         -0.267793
         -0.771701
##################### ACCEPTABLE SUBNET NUMBER: 27  #########################
          0.878928
 5
26
14
 8
20
33
 2
16
47
           1.61178
           1.96036
          0.855516
         0.0148193
           1.41916
         -0.190186
          -2.00989
          0.426015
          0.961445
           0.97142
##################### ACCEPTABLE SUBNET NUMBER: 28  #########################
             1.675
 2
42
12
 3
33
31
49
          0.600261
          0.957778
         0.0502763
         -0.173595
          0.281254
         -0.333657
          -1.39711
          -1.35477
##################### ACCEPTABLE SUBNET NUMBER: 29  #########################
           1.05442
 2
15
 2
 2
36
33
         -0.420186
        -0.0488641
         -0.667442
           0.73976
        -0.0457997
          0.201323
          0.149037
##################### ACCEPTABLE SUBNET NUMBER: 30  #########################
           2.33762
 1
31
 4
 5
28
39
30
           1.02929
         -0.980244
         -0.559216
          -2.34674
         -0.139298
         -0.417423
         -0.251769
          0.404117
##################### ACCEPTABLE SUBNET NUMBER: 31  #########################
          0.719507
 5
22
 2
29
33
 1
 0
          0.113372
          0.167282
         -0.176539
         -0.180815
          0.616554
         -0.424613
         -0.918836
         -0.307912
##################### ACCEPTABLE SUBNET NUMBER: 32  #########################
           2.14613
 4
28
 2
37
 4
 5
22
26
16
31
 7
          -1.50913
          -1.27703
         -0.693367
           1.02264
           1.09577
          0.152122
        -0.0620533
           1.14971
         0.0739993
          0.207947
          -1.64428
         -0.876187
##################### ACCEPTABLE SUBNET NUMBER: 33  #########################
          0.742588
12
38
26
24
 1
44
48
32
 9
35
22
29
45
 4
12
42
36
 4
         -0.162713
          0.107756
         -0.238113
           1.31849
          0.336294
           1.39935
         -0.407555
         -0.681069
         -0.341632
          -1.32886
         -0.663094
          0.194887
          0.305046
           1.46938
         -0.543343
         -0.266768
           1.42127
         -0.537056
          -1.70699
##################### ACCEPTABLE SUBNET NUMBER: 34  #########################
          0.746275
 3
13
41
46
 1
36
         0.0829398
          0.199546
         -0.230295
         0.0548805
         -0.113324
        -0.0688294
          -0.22627
##################### ACCEPTABLE SUBNET NUMBER: 35  #########################
          0.860679
 2
37
39
 4
36
 2
21
42
          0.870246
           1.13992
         -0.408485
          0.304956
        -0.0615763
         0.0580902
         -0.501394
         0.0793311
         -0.478156
##################### ACCEPTABLE SUBNET NUMBER: 36  #########################
           1.10266
 8
24
10
 8
 3
48
14
30
18
 6
13
31
39
33
25
37
          0.687061
           1.06433
         -0.347532
          0.365737
          0.363146
          0.478375
           -2.4786
         -0.150558
          0.325987
          -1.28835
         -0.813089
          -2.61864
         -0.940052
         -0.351247
         -0.792217
         -0.285819
         -0.903744
##################### ACCEPTABLE SUBNET NUMBER: 37  #########################
          0.692237
 1
29
 6
16
 1
50
48
15
12
         -0.223734
         -0.323774
         -0.118029
        -0.0124579
         0.0213994
          0.112247
         -0.701733
           -0.7542
          -1.33228
        -0.0492134
##################### ACCEPTABLE SUBNET NUMBER: 38  #########################
          0.830585
 4
29
25
22
 4
12
42
48
30
46
36
47
13
33
18
45
 9
 7
          0.842328
           1.18696
          0.758249
           2.02918
           1.69032
          0.428997
          0.638145
           1.15279
            1.7196
          0.218539
           1.00456
          0.849891
           0.62251
          0.196521
          0.954762
          0.395667
          0.204131
           1.02816
          -0.20632
##################### ACCEPTABLE SUBNET NUMBER: 39  #########################
          0.865652
 2
23
29
 1
49
        -0.0976233
          0.161988
         0.0832169
          0.460013
          0.461525
          0.342722
##################### ACCEPTABLE SUBNET NUMBER: 40  #########################
           2.72443
 0
 1
26
          -1.44979
         -0.898708
          0.609478
          0.230221
##################### ACCEPTABLE SUBNET NUMBER: 41  #########################
           2.40606
 0
 1
49
         -0.318689
          -1.41346
         -0.268791
          0.332815
##################### ACCEPTABLE SUBNET NUMBER: 42  #########################
           1.01957
 2
22
26
 2
 6
36
          0.651494
          0.757263
        -0.0713725
         0.0977773
          -0.75582
          -1.18911
         0.0192047
##################### ACCEPTABLE SUBNET NUMBER: 43  #########################
           1.42534
 6
 4
45
27
28
 7
22
 2
49
44
          -1.01793
         -0.840257
          -1.12526
           0.34401
         -0.650913
        -0.0598086
          0.880783
         -0.941323
         -0.416402
          0.699739
         -0.416402
##################### ACCEPTABLE SUBNET NUMBER: 44  #########################
           0.74645
 5
35
47
 7
 1
 2
 9
 6
 9
42
28
37
30
39
27
 4
          0.154108
          0.276522
        -0.0114001
          0.174627
         -0.647441
          -1.49534
         -0.728127
          0.732174
          0.194208
         -0.794073
         -0.404228
         -0.339658
         -0.468642
         -0.491661
          0.144442
          -0.76841
         -0.222982
##################### ACCEPTABLE SUBNET NUMBER: 45  #########################
           1.03229
 1
26
 6
20
30
32
42
33
18
           0.46049
          0.766269
          0.644898
          0.979673
          0.260464
          0.186571
          0.963133
        -0.0310668
         -0.596906
          0.452047
##################### ACCEPTABLE SUBNET NUMBER: 46  #########################
           2.34763
 6
28
35
11
 2
 3
21
 1
27
         -0.384072
          -1.46057
         -0.278225
          0.253695
          -1.23858
          -1.26614
         -0.446977
          -1.26604
          -1.26649
           0.73939
##################### ACCEPTABLE SUBNET NUMBER: 47  #########################
            2.4861
 3
17
12
 2
 2
36
26
        -0.0397992
         -0.838837
         -0.341683
         -0.472581
          -1.58966
          -1.57727
          -1.58302
          -1.57618
##################### ACCEPTABLE SUBNET NUMBER: 48  #########################
          0.978598
 5
42
 3
22
41
 2
 2
45
36
           0.86692
           1.11876
         -0.115635
         -0.752684
          0.183256
         -0.517327
         -0.706888
          0.708455
         -0.542276
          -1.27689
##################### ACCEPTABLE SUBNET NUMBER: 49  #########################
          0.834845
 2
41
 6
 2
26
31
           1.53153
           1.83653
           1.02635
           1.14576
          -0.54491
           1.12824
          0.571668
##################### ACCEPTABLE SUBNET NUMBER: 50  #########################
           2.72849
10
17
27
 8
41
 9
14
25
45
 5
11
 3
29
46
38
           -1.5089
         -0.945174
          -1.19198
          -1.31912
          -1.89383
            1.9779
         -0.739099
           0.79483
          0.822905
          -1.04806
          -1.04806
          0.822905
          -1.04806
         -0.471201
         -0.898698
          -1.04679
##################### ACCEPTABLE SUBNET NUMBER: 51  #########################
           1.94779
 2
10
22
 4
49
41
40
47
          0.513256
         -0.998659
           -0.5793
         -0.359863
          -2.00686
         -0.938949
         -0.523863
          -1.95731
          -1.99874
##################### ACCEPTABLE SUBNET NUMBER: 52  #########################
          0.916795
 1
28
 4
16
32
10
22
         -0.346721
         0.0195826
          0.932186
          0.416712
          0.934162
          0.835917
          0.146454
         -0.757377
##################### ACCEPTABLE SUBNET NUMBER: 53  #########################
          0.743903
 5
 3
 7
39
25
49
 2
34
36
            1.2338
           1.48671
        -0.0145873
          0.225163
          0.101241
          -0.64718
          -1.15209
          -0.57802
         0.0394461
        -0.0673617
##################### ACCEPTABLE SUBNET NUMBER: 54  #########################
          0.895712
 1
44
 1
23
          0.302078
          0.446783
         -0.144787
          0.140515
         -0.970114
##################### ACCEPTABLE SUBNET NUMBER: 55  #########################
          0.606796
 2
17
45
 4
48
50
10
33
          0.478345
          0.706305
         0.0205884
           0.16648
         0.0767862
         0.0822974
         -0.533943
         -0.255642
         -0.342002
##################### ACCEPTABLE SUBNET NUMBER: 56  #########################
           2.65341
 1
32
 0
          -1.18546
          -1.48385
          -2.08677
         -0.177455
##################### ACCEPTABLE SUBNET NUMBER: 57  #########################
           2.53155
 3
43
 2
14
 0
          -1.25227
         -0.856164
         0.0462331
          0.129045
         -0.276908
          -1.36382
##################### ACCEPTABLE SUBNET NUMBER: 58  #########################
          0.935936
 2
28
46
 0
           1.55508
         0.0654343
         -0.552109
         -0.225974
          -4.15215
##################### ACCEPTABLE SUBNET NUMBER: 59  #########################
          0.723012
 0
 4
26
24
 3
16
           1.58148
           1.92139
           1.31551
           1.26505
          -0.13495
         -0.328921
           1.29782
##################### ACCEPTABLE SUBNET NUMBER: 60  #########################
          0.967312
 1
41
 2
46
48
         -0.104952
         -0.217933
        -0.0401859
         0.0840334
          0.243196
         -0.791636
##################### ACCEPTABLE SUBNET NUMBER: 61  #########################
          0.736396
 8
 3
48
25
50
16
 4
42
24
 6
49
33
20
21
39
 1
          0.276436
          0.524908
         -0.310866
          0.320187
          -0.45311
          -0.45163
          0.275689
         -0.613453
           -1.5215
         -0.830931
          -1.10543
         -0.337658
         0.0195857
           0.31867
          -2.19789
          -1.44469
         0.0709222
##################### ACCEPTABLE SUBNET NUMBER: 62  #########################
           2.72592
 1
26
 0
        -0.0702795
         -0.945523
         -0.355767
         -0.616773
##################### ACCEPTABLE SUBNET NUMBER: 63  #########################
           1.21382
10
28
13
32
35
 9
27
 5
36
12
 7
 4
47
17
 6
30
           0.49653
          0.726284
          0.853286
          0.812509
           1.29735
            0.2263
          0.650417
          0.893604
          0.339088
          0.280475
         -0.916763
          0.493845
         -0.701352
           1.05915
           1.20817
          0.825204
         -0.877508
##################### ACCEPTABLE SUBNET NUMBER: 64  #########################
          0.675139
 8
21
24
27
 7
43
45
26
10
 4
 9
28
39
46
          0.285471
          0.573801
           1.00309
           1.12332
          0.777903
          -1.61447
           1.09611
         -0.557001
         -0.728233
        -0.0901765
         -0.708031
         -0.338728
          0.984078
           1.09946
         -0.208807
##################### ACCEPTABLE SUBNET NUMBER: 65  #########################
          0.725265
 4
23
20
44
 6
 4
32
49
40
 1
         -0.480471
         -0.356323
          0.332916
          0.786811
         -0.345945
          0.105558
         -0.410426
         -0.380774
          0.598554
          0.666036
          0.805405
##################### ACCEPTABLE SUBNET NUMBER: 66  #########################
          0.720954
 3
13
34
 6
 4
16
28
45
22
           0.29125
          0.522305
        -0.0333947
          0.169129
        -0.0410879
          -0.13442
        -0.0558972
           -2.1398
          -1.19881
          -1.73534
##################### ACCEPTABLE SUBNET NUMBER: 67  #########################
           1.13792
 1
22
 0
          0.286837
            0.3591
        -0.0906693
        -0.0246906
##################### ACCEPTABLE SUBNET NUMBER: 68  #########################
           1.39258
 0
 5
38
15
23
50
22
        -0.0892591
          -1.04552
        0.00667964
           0.58908
          -1.28888
          -1.35021
         -0.707373
          0.102778
##################### ACCEPTABLE SUBNET NUMBER: 69  #########################
           1.00814
 3
15
 5
47
 4
38
34
25
12
           1.03232
           1.39164
         0.0624461
          0.567617
         -0.288698
         -0.461853
          0.114523
         0.0271924
          -0.36286
         -0.925919
##################### ACCEPTABLE SUBNET NUMBER: 70  #########################
           1.06582
 2
 3
 4
 3
30
40
32
          0.752315
           1.00638
        -0.0149268
          0.179784
          -0.55307
         -0.604944
         -0.628748
         -0.912098
##################### ACCEPTABLE SUBNET NUMBER: 71  #########################
           2.31962
 5
40
32
41
26
45
 5
36
25
46
 9
 5
          -1.12446
          -1.48056
          0.815442
          0.436815
          0.707703
         -0.263967
           1.34312
         -0.439049
            1.8831
         -0.693801
         -0.434852
           1.33419
         -0.442306
##################### ACCEPTABLE SUBNET NUMBER: 72  #########################
          0.730793
 3
28
23
46
 1
43
          0.527247
          0.101924
         -0.461368
          0.105478
          -1.04056
         -0.256969
         -0.489587
##################### ACCEPTABLE SUBNET NUMBER: 73  #########################
           1.08621
 1
50
 1
39
        0.00184295
          0.024583
        0.00652166
          -1.34682
          0.126626
##################### ACCEPTABLE SUBNET NUMBER: 74  #########################
           2.72848
 0
 1
46
          -1.46088
         -0.945698
          0.231537
          -2.30322
##################### ACCEPTABLE SUBNET NUMBER: 75  #########################
          0.922733
10
20
36
37
30
35
11
29
44
45
10
 7
48
47
 4
38
 6
24
21
        -0.0818193
          0.254211
          -0.18819
          0.940211
          0.877174
          0.806221
          -1.06195
          0.584833
         -0.931451
         0.0608116
         -0.106749
         -0.506977
         -0.503267
          0.667764
          0.662509
         -0.399932
         -0.999111
          -1.25153
          0.234055
        -0.0543063
----------Number of Acceptable Subnets found: 75 -----------
----------END FOR GENE 19 -----------
