File open successful. It contains: 
Finished reading file, will close now.
File x_dt open successful.
Finished reading file x_dt, will close now.
File sd_d open successful.
Finished reading file sd_d, will close now.
--------START FOR GENE 21 -----------
 Values arranged as error, n_ka, gene ids for ka, n_kd, gene ids for kd,
 r0, d, ea, ka_values, kd_values for each subnet. 
##################### ACCEPTABLE SUBNET NUMBER: 1  #########################
          0.727152
 4
23
38
17
50
 4
14
34
48
16
           2.29575
           1.42381
         -0.440648
         -0.301345
         -0.182485
          -0.75645
         -0.739855
           0.11403
          -0.56034
          -1.93318
        -0.0553981
##################### ACCEPTABLE SUBNET NUMBER: 2  #########################
           1.91162
 4
36
29
 5
15
12
30
33
10
40
27
 6
 2
14
22
12
11
17
          0.548637
          0.545166
         -0.446988
        -0.0999238
          0.751449
          0.365912
          -1.38368
          0.771707
         -0.188292
          0.554059
         -0.795203
          0.126771
         -0.977963
         -0.302935
          0.263144
          -1.77138
          -1.49214
         -0.744824
          0.379414
##################### ACCEPTABLE SUBNET NUMBER: 3  #########################
           1.29542
 4
38
11
10
 8
10
46
 9
47
17
43
32
14
41
23
13
          0.955164
          0.734856
          0.594317
          0.674091
          -0.66159
           0.63525
         -0.554433
          0.871204
          0.515265
         -0.405467
        -0.0437643
         -0.870673
          0.465008
          0.775491
         -0.139788
          -1.65366
          0.249442
##################### ACCEPTABLE SUBNET NUMBER: 4  #########################
           2.13797
 4
26
13
 3
15
15
34
41
 7
42
33
46
30
39
11
45
 9
17
14
48
12
           1.85549
           1.84302
           1.49706
         -0.207597
           1.52936
          -1.37597
          0.326899
          0.373594
          -1.42514
          0.919276
          -1.39996
           1.41118
           1.62109
           1.09463
           1.45997
           1.02133
          -1.17925
         -0.321723
          0.208442
         -0.528516
          0.894127
           1.16735
##################### ACCEPTABLE SUBNET NUMBER: 5  #########################
           1.78722
 3
38
34
47
 0
           2.00245
           1.07559
         -0.445378
         -0.246608
         -0.970277
           -1.9162
##################### ACCEPTABLE SUBNET NUMBER: 6  #########################
           1.57794
 2
 5
11
 1
 9
           1.75385
           1.10847
         -0.294858
         -0.149085
           -1.5574
          0.230235
##################### ACCEPTABLE SUBNET NUMBER: 7  #########################
           2.85652
 3
 3
 8
38
 6
33
48
41
20
17
45
            1.8649
           1.37109
          0.636392
         0.0412752
          -0.20038
          0.727043
           1.01218
          0.134578
          0.727533
           1.03326
         -0.607722
         0.0411603
##################### ACCEPTABLE SUBNET NUMBER: 8  #########################
           1.25268
 6
35
16
 5
20
 4
49
 9
 7
30
17
47
36
41
44
22
24
           1.42163
            1.0602
          0.268637
           1.10691
         -0.199969
          0.706353
         -0.197084
          0.802003
          0.537872
          0.996324
           1.32575
           1.18647
          0.139701
          -1.54471
          -1.59558
          0.982192
         -0.550849
          0.204855
##################### ACCEPTABLE SUBNET NUMBER: 9  #########################
           1.54635
 2
48
11
 6
39
20
34
33
10
14
           1.64563
            1.1143
           1.21522
           1.26321
           0.48558
           1.58319
           1.48767
            0.0703
          0.603777
           1.06426
          -1.46519
##################### ACCEPTABLE SUBNET NUMBER: 10  #########################
           1.07056
 3
38
50
46
 2
43
42
           1.42648
          0.976846
         -0.625786
         -0.104319
        -0.0808264
         -0.895877
         0.0693678
          -1.20913
##################### ACCEPTABLE SUBNET NUMBER: 11  #########################
           0.30019
 1
13
 8
28
41
32
36
42
30
11
18
           2.13458
           1.38567
        -0.0711335
         0.0632657
          0.557749
          0.263204
          -1.29967
          -1.13487
        -0.0885335
          0.225228
         -0.326382
         0.0277794
##################### ACCEPTABLE SUBNET NUMBER: 12  #########################
           1.61277
11
27
13
43
32
10
22
31
38
 4
16
 5
14
34
26
18
49
44
40
25
28
39
30
 3
33
 1
11
           1.97457
           1.97165
           1.58463
         -0.240646
          0.712997
           1.41906
          -0.39647
         -0.012394
          0.866167
          0.294163
           1.81549
         -0.961132
            0.3873
        -0.0320587
          0.421104
           1.71462
         -0.858554
          0.483806
        -0.0811196
          0.581761
         -0.576728
           1.11518
           1.78131
          0.858604
        -0.0845001
         -0.927348
          0.335382
           1.54669
##################### ACCEPTABLE SUBNET NUMBER: 13  #########################
           1.49953
 3
38
27
39
 4
25
16
 8
42
          0.869375
          0.672121
         -0.400763
         0.0472885
         -0.944875
         -0.642474
         0.0199597
         -0.237126
         -0.352478
          -1.39027
##################### ACCEPTABLE SUBNET NUMBER: 14  #########################
           1.81575
 2
16
 5
 6
 1
19
 7
15
34
17
           2.67816
          0.993791
         -0.567851
         -0.851063
         -0.449218
        -0.0742521
         -0.536571
         -0.696144
          -1.27577
          -1.22119
         -0.525797
##################### ACCEPTABLE SUBNET NUMBER: 15  #########################
          0.661901
 4
19
33
38
44
 3
 1
23
 2
           1.79067
           1.42984
          0.635319
          0.911846
         -0.502241
          0.695666
           0.16478
          0.921894
          0.130462
           1.65727
##################### ACCEPTABLE SUBNET NUMBER: 16  #########################
           1.12053
 7
19
31
 3
38
48
 2
18
 4
30
14
10
28
           1.23269
          0.740259
         -0.194317
         0.0724689
         0.0495451
         0.0506052
           -0.8701
         -0.811233
          -1.49989
          -2.15458
          0.369461
          0.363716
          0.145243
         -0.233291
##################### ACCEPTABLE SUBNET NUMBER: 17  #########################
           1.85281
12
44
38
33
16
31
13
50
 3
 8
 9
34
43
10
45
39
15
 6
11
27
42
19
46
 7
          0.897095
           0.90628
          0.847727
            1.8993
           1.99448
          0.702349
          0.109059
          0.466428
         -0.183977
          -1.51139
          0.642486
          0.460415
         -0.566468
          -2.00349
          0.076705
           1.63343
           1.98623
           1.48336
          0.882537
          0.975665
        0.00111458
          -1.90628
          0.201916
         -0.909423
          0.470775
##################### ACCEPTABLE SUBNET NUMBER: 18  #########################
           1.53205
 4
29
 5
10
37
 9
49
30
39
38
36
41
44
18
 6
          0.598867
          0.589535
          0.100378
          0.458361
          0.352796
           0.13279
         -0.937481
         0.0263399
          0.485178
          0.291913
        -0.0303822
         -0.675875
          -1.08498
          0.117556
         -0.130035
         -0.414306
##################### ACCEPTABLE SUBNET NUMBER: 19  #########################
            1.4729
 1
29
 2
41
24
           1.88003
           1.23982
         -0.205886
         -0.106932
          0.102158
          0.130642
##################### ACCEPTABLE SUBNET NUMBER: 20  #########################
          0.857584
 5
23
33
24
41
49
 7
10
34
 8
 2
16
46
44
           1.06069
           0.63478
          -0.14108
          0.113064
         -0.513396
        -0.0165687
          -0.93598
         -0.640615
         -0.050924
          0.119596
          0.306453
          0.763247
         -0.966322
         -0.716411
          -2.17079
##################### ACCEPTABLE SUBNET NUMBER: 21  #########################
           1.54062
 2
23
 4
 7
35
10
 1
34
16
14
 2
           1.79633
          0.955854
         -0.287674
       -0.00685795
          -1.04185
          0.146969
         -0.571595
         -0.847061
         0.0984322
          -0.73215
          0.159772
          0.524333
##################### ACCEPTABLE SUBNET NUMBER: 22  #########################
           2.76528
 2
16
 3
 9
33
 4
32
48
41
 5
28
29
27
           1.85213
           1.86763
           1.61382
           1.72669
         -0.795823
           1.85076
          0.501544
           1.50027
         -0.576359
          -1.34506
          -1.34907
           0.62737
          0.475567
        -0.0620903
##################### ACCEPTABLE SUBNET NUMBER: 23  #########################
           0.90956
 4
14
25
13
17
 9
41
 9
10
 2
33
18
39
37
24
           1.24693
          0.693073
        -0.0104975
          0.237514
          -2.44839
         -0.460743
         -0.615473
          0.291801
          0.576037
           -1.4523
          0.835913
          -1.74619
         -0.270074
          -0.79286
         -0.874125
         -0.703902
##################### ACCEPTABLE SUBNET NUMBER: 24  #########################
           1.33425
 6
 5
19
32
11
 9
45
 0
           2.92927
           2.22751
         -0.470986
         -0.170108
         -0.717795
         -0.319164
         -0.733787
         -0.930838
          -1.30414
##################### ACCEPTABLE SUBNET NUMBER: 25  #########################
          0.477734
 2
47
38
 7
 8
46
33
50
22
43
 2
           1.86093
           1.55737
         -0.073889
        0.00101373
         -0.241608
        -0.0145393
           0.14253
         0.0297302
          -2.80166
         -0.703319
          -1.25624
          0.605554
##################### ACCEPTABLE SUBNET NUMBER: 26  #########################
           1.73738
 4
12
47
 4
23
 6
30
 7
43
33
37
13
          0.819875
          0.755496
         -0.133467
         0.0661086
         0.0107924
          0.205333
          -0.24113
          0.266435
          -1.08044
          0.035564
         -0.258808
          -1.74431
         -0.692198
##################### ACCEPTABLE SUBNET NUMBER: 27  #########################
           1.50131
 7
45
31
11
23
20
39
 3
 9
15
44
30
34
19
22
18
 1
35
           1.70762
           1.59956
         -0.119184
         -0.665845
          -0.78356
          0.127364
       -0.00777646
         -0.647721
          -1.62052
          -1.21376
         -0.113749
         -0.417715
           0.17144
        -0.0565658
         -0.622858
         -0.495383
          -1.67731
          -2.07381
          -1.52034
##################### ACCEPTABLE SUBNET NUMBER: 28  #########################
           1.76004
 8
44
27
 3
29
49
40
20
17
 4
 5
34
 8
26
           0.90269
          0.835526
         -0.704605
          0.136629
          0.231245
          0.393452
          -1.02736
        -0.0194074
         -0.512135
         -0.834198
          -0.32681
         -0.629232
         0.0972473
          0.455972
         -0.776452
##################### ACCEPTABLE SUBNET NUMBER: 29  #########################
           1.61179
 4
 4
45
37
43
 2
 8
 2
          0.630782
          0.471766
         -0.356668
          0.294404
        -0.0199501
          -1.63753
          0.101548
          0.428869
          0.128456
##################### ACCEPTABLE SUBNET NUMBER: 30  #########################
           1.97725
 1
47
 5
43
46
33
 3
45
           1.30401
           1.26011
          0.977135
          0.473835
          0.478836
           1.11327
           1.00277
          -0.90591
          -0.32496
##################### ACCEPTABLE SUBNET NUMBER: 31  #########################
            1.0603
 2
32
 1
10
26
43
30
19
 3
 7
16
41
40
 2
           1.42436
          0.826179
          0.424927
          0.776421
          -1.76127
           1.05725
          0.642587
          -1.21183
         -0.672126
          -1.61065
          0.548615
         -0.200737
         -0.317242
         -0.665186
          0.913817
##################### ACCEPTABLE SUBNET NUMBER: 32  #########################
           1.36756
 4
38
23
26
39
 1
 9
          0.831463
          0.522886
         -0.702355
        -0.0179039
        -0.0188394
         -0.293023
          -1.11147
           0.40624
##################### ACCEPTABLE SUBNET NUMBER: 33  #########################
          0.744197
 3
 5
32
37
 8
26
 9
28
31
34
44
41
48
           1.75584
           1.37455
          0.817006
          0.998403
          0.748663
        -0.0952708
           1.07515
           1.31694
           1.35808
          0.238151
         0.0642839
        -0.0125099
          -1.61697
           -1.6202
##################### ACCEPTABLE SUBNET NUMBER: 34  #########################
           1.27498
 6
19
43
37
38
 6
36
 5
 9
41
17
18
16
           1.02159
          0.791741
         -0.238559
        -0.0288473
         -0.630003
         -0.738212
        -0.0434577
         -0.648806
         -0.631743
          0.259682
         -0.294878
           -1.5158
          -1.11081
          -1.06395
##################### ACCEPTABLE SUBNET NUMBER: 35  #########################
           1.33001
 7
 4
48
50
29
10
47
 1
12
 2
38
 5
34
26
 8
43
11
41
49
27
42
           1.02905
          0.832288
          0.887528
          0.860752
          0.728953
          0.560235
          -0.91732
          -1.00742
         0.0951265
         -0.625132
          0.716282
        -0.0117128
          -1.76327
           1.04471
           1.05329
           1.10219
          0.285459
         -0.550483
          -1.77837
          0.217685
       -0.00506448
          -1.22262
##################### ACCEPTABLE SUBNET NUMBER: 36  #########################
           1.91189
10
43
25
22
32
29
40
33
50
10
 5
 8
 9
41
 8
20
14
 7
30
 3
           1.86339
           1.71851
         -0.344447
           1.18273
          0.687519
         -0.199627
         -0.352839
          0.103583
          0.389447
          0.235324
         -0.668496
          0.615341
         -0.266269
           1.38786
           1.12192
          0.765974
         -0.672035
         -0.483489
           0.12801
         -0.631674
         -0.426709
##################### ACCEPTABLE SUBNET NUMBER: 37  #########################
           1.16748
 5
23
26
33
10
36
 8
37
40
41
44
30
20
47
38
           1.70693
           1.05493
           -0.5226
        -0.0455712
         -0.171579
           -2.1667
         -0.247568
          -1.60179
        -0.0643517
          -1.17746
          0.132953
         -0.400002
        -0.0926167
          0.148043
         -0.975921
         -0.758273
##################### ACCEPTABLE SUBNET NUMBER: 38  #########################
           1.54454
 8
28
38
18
34
19
12
 7
 6
 3
39
47
36
           1.97051
           1.99196
          0.280707
           1.02586
          0.895323
         -0.386991
           0.62113
         -0.291194
          -0.70161
         -0.912579
          -1.31767
          0.898274
        -0.0233371
         -0.754902
##################### ACCEPTABLE SUBNET NUMBER: 39  #########################
           2.30934
 3
26
34
 6
 4
39
41
37
48
            1.2778
           1.11436
          0.166357
         -0.247447
         -0.871043
          -1.37209
          0.316544
          0.313709
         -0.871166
         -0.614292
##################### ACCEPTABLE SUBNET NUMBER: 40  #########################
          0.969434
 2
19
16
 2
18
 2
           2.01403
          0.956224
         -0.382368
         -0.230562
         -0.388074
           0.11332
          0.634781
##################### ACCEPTABLE SUBNET NUMBER: 41  #########################
            1.8684
 6
38
26
 8
29
34
31
 1
46
           1.54126
          0.928341
          -1.68742
         -0.132094
         -0.292886
          -0.63219
          -1.10708
         -0.688182
         -0.830688
        -0.0448263
##################### ACCEPTABLE SUBNET NUMBER: 42  #########################
           2.54501
 2
 5
47
 0
           1.89186
           1.33582
         -0.284042
         -0.143457
          -2.16235
##################### ACCEPTABLE SUBNET NUMBER: 43  #########################
           2.31101
 0
11
40
24
26
45
46
38
33
14
44
13
43
           0.89608
          0.765539
          0.780462
          0.204519
          0.046963
         0.0340927
          -1.33882
          0.984255
          0.400614
          -0.83681
          0.444056
         -0.916047
          -0.41201
          0.613511
##################### ACCEPTABLE SUBNET NUMBER: 44  #########################
           1.58996
 2
 5
 4
 1
30
           2.31448
           1.36667
         -0.374192
         -0.260138
          -1.92165
        -0.0458356
##################### ACCEPTABLE SUBNET NUMBER: 45  #########################
           1.49209
 7
48
18
50
32
47
41
33
12
46
49
34
24
16
44
38
10
36
 3
23
12
            1.5815
           1.49061
           1.19676
          0.956931
          0.213629
          0.806728
            0.6745
          0.792403
           0.32104
         -0.514887
           1.35052
          0.564766
            1.3578
          0.308251
         -0.639256
          0.206606
           0.25373
          0.273052
         -0.782556
           0.28962
          0.786449
         -0.545133
##################### ACCEPTABLE SUBNET NUMBER: 46  #########################
            2.2564
 3
22
40
25
 7
41
 1
28
33
18
47
14
          0.726663
          0.667006
        -0.0592596
          0.367018
          -1.02031
         -0.268977
         0.0723718
          0.416842
        -0.0346152
          -1.41623
          0.128756
         -0.205113
         -0.640145
##################### ACCEPTABLE SUBNET NUMBER: 47  #########################
            1.3816
 3
11
 4
19
 3
24
32
42
           1.32975
          0.866178
         -0.241498
         0.0232623
          -0.62656
         -0.582376
          0.230152
          -1.28092
         -0.264002
##################### ACCEPTABLE SUBNET NUMBER: 48  #########################
           1.67293
 6
13
23
42
32
12
 3
11
48
37
20
46
 6
33
29
11
47
 2
 5
           1.98717
           1.73023
           1.61699
          0.648395
           1.67885
           1.55441
           1.09834
         -0.109604
         -0.340018
            1.6318
           1.33305
           1.87405
            1.8612
          0.952154
          0.220271
          0.589571
         0.0251733
          0.568444
          0.568426
          0.849026
##################### ACCEPTABLE SUBNET NUMBER: 49  #########################
           2.31616
 3
 5
16
 7
 0
           2.00296
           1.07279
         -0.392603
         -0.258046
         -0.524393
          -0.91156
##################### ACCEPTABLE SUBNET NUMBER: 50  #########################
           2.77052
 5
16
19
38
13
27
 4
33
 6
41
35
           1.49467
           1.51029
           1.28106
           1.39813
          0.137701
         -0.588375
         -0.236023
          0.174272
           1.52841
         -0.168632
           0.14729
          -1.17292
##################### ACCEPTABLE SUBNET NUMBER: 51  #########################
           2.28223
 3
 4
13
11
 3
46
17
37
           1.49127
           1.03835
         -0.123912
         -0.163846
          -1.01859
          -0.39279
          0.121785
          -1.19392
          -1.22786
##################### ACCEPTABLE SUBNET NUMBER: 52  #########################
           2.99288
 5
 4
20
 6
35
23
12
10
24
32
34
30
 7
14
 3
11
13
 8
48
           1.85476
           1.06465
          0.822807
          0.822095
         -0.533675
          0.551171
         -0.312591
         -0.849772
           1.23727
           1.24586
           1.14606
         0.0135954
         -0.366595
          0.518649
          -0.43251
         -0.155444
           -1.1017
          0.575469
         0.0350988
         -0.204561
##################### ACCEPTABLE SUBNET NUMBER: 53  #########################
           1.25521
 4
38
19
10
36
 3
31
35
 9
           1.14202
          0.769957
         -0.352638
        -0.0791461
       -0.00166506
         -0.154501
         -0.421177
         0.0292136
         -0.638672
          -1.00787
##################### ACCEPTABLE SUBNET NUMBER: 54  #########################
           1.71577
 2
11
19
 7
41
46
33
27
13
12
 8
           1.19743
            1.0698
           1.27397
         -0.197211
          -2.63812
            1.3565
            1.4119
           1.30916
          -1.02234
           1.04427
         -0.900101
          0.646274
##################### ACCEPTABLE SUBNET NUMBER: 55  #########################
           1.77801
 2
22
 5
 5
31
 9
 7
30
48
           1.10129
          0.711704
         -0.225281
         -0.172283
        -0.0191094
         -0.126739
          0.352649
         -0.842414
         -0.461141
         -0.808566
##################### ACCEPTABLE SUBNET NUMBER: 56  #########################
           1.35872
 4
38
32
15
11
 2
39
28
            1.2241
           0.87248
         -0.285064
        -0.0454581
         -0.264755
         -0.634943
         -0.740238
         0.0287145
          -0.31494
##################### ACCEPTABLE SUBNET NUMBER: 57  #########################
           1.61627
 6
 4
19
35
11
39
47
 3
 1
31
24
          0.621989
           0.61586
         -0.712797
          0.623955
         -0.195081
          0.194574
           0.26325
          -1.40226
         -0.573678
          0.574965
          0.152188
        -0.0268391
##################### ACCEPTABLE SUBNET NUMBER: 58  #########################
          0.770547
 7
38
14
 8
31
39
11
44
 5
46
 2
42
28
 9
           1.12563
          0.887277
          0.424346
          0.483261
         -0.830881
         -0.308349
          -1.52406
          -2.74978
         0.0759299
          0.112901
          0.684278
           1.17622
         -0.159558
         -0.500851
         -0.424322
##################### ACCEPTABLE SUBNET NUMBER: 59  #########################
          0.737478
 0
 9
 2
34
46
20
47
27
42
13
17
           2.03506
           1.65098
           1.20401
          0.493443
           1.44271
           1.44064
           1.37458
          0.368256
       -0.00669459
         -0.118524
          0.613811
         -0.811343
##################### ACCEPTABLE SUBNET NUMBER: 60  #########################
           2.69303
 1
22
 3
24
26
29
           2.02067
          0.881296
         -0.399977
         -0.170423
          0.244719
          -1.31739
         -0.529555
##################### ACCEPTABLE SUBNET NUMBER: 61  #########################
          0.610118
 4
11
32
41
25
 5
15
28
46
 9
14
            2.0672
           1.11755
          -1.46544
         -0.146711
         -0.281027
          -1.41271
         -0.806869
         -0.166018
         -0.244181
         0.0564698
        -0.0336595
           0.10985
##################### ACCEPTABLE SUBNET NUMBER: 62  #########################
           2.14656
 6
 4
 5
42
43
 9
14
 6
46
32
34
41
28
13
           1.34436
           1.35953
          0.867537
           1.00307
         -0.357823
         -0.037197
          0.998642
         -0.231734
          -2.10086
           1.04448
         -0.315313
         -0.598147
          -1.28014
         -0.632546
         -0.146847
##################### ACCEPTABLE SUBNET NUMBER: 63  #########################
           1.44168
 3
50
23
38
 5
34
19
 1
17
 3
          0.870695
          0.741131
         -0.535532
          0.079922
          -1.06736
        -0.0323586
         0.0487183
          -1.75109
         0.0327771
          -0.22963
         -0.829052
##################### ACCEPTABLE SUBNET NUMBER: 64  #########################
          0.887946
 2
38
34
 3
48
43
28
           1.62587
           1.08004
          -0.74495
          0.183891
          -1.04582
          0.276513
         -0.233649
           0.59315
##################### ACCEPTABLE SUBNET NUMBER: 65  #########################
           1.40568
 4
11
44
28
43
 6
46
 8
26
34
36
 6
           1.77153
           1.71467
            1.4222
            1.4196
          0.915046
         -0.380465
          0.762514
           1.56437
           1.43452
         0.0114439
           1.55236
          -1.28607
          -1.61393
##################### ACCEPTABLE SUBNET NUMBER: 66  #########################
            2.1402
 5
23
31
 6
48
43
11
41
 2
 8
39
12
22
34
20
44
11
 3
            1.7521
           1.67446
           1.44133
         -0.109412
          0.289805
          -1.61582
          0.380586
       -0.00526321
           1.56317
          -1.10856
          0.155056
           1.56539
          -2.92325
          0.176023
           1.19771
          0.629838
          0.275978
          -0.21459
          -1.08535
##################### ACCEPTABLE SUBNET NUMBER: 67  #########################
            2.3894
 2
27
42
 3
46
26
 4
          0.878455
          0.809231
          0.774616
         -0.371807
          -1.49427
          0.957775
         -0.879137
        -0.0623305
##################### ACCEPTABLE SUBNET NUMBER: 68  #########################
           1.92904
 4
48
 5
19
34
 4
 2
36
25
45
           2.01927
           1.30104
         -0.325357
         -0.540657
         -0.164989
         -0.805247
           -2.3132
           0.55354
          -1.35639
         -0.677361
         -0.709089
##################### ACCEPTABLE SUBNET NUMBER: 69  #########################
           1.85548
 2
16
17
 5
26
 6
 8
20
35
           1.22836
          0.972311
           0.80159
          0.733167
          -2.14333
           1.02573
         -0.385172
          0.993529
         -0.460371
          -0.88089
##################### ACCEPTABLE SUBNET NUMBER: 70  #########################
            1.5699
 1
 5
 2
46
32
           1.51244
           1.02021
         -0.196283
         -0.131397
         0.0321014
          -1.83662
##################### ACCEPTABLE SUBNET NUMBER: 71  #########################
           2.96687
 3
47
33
13
10
20
43
 1
11
16
50
40
30
18
 9
           6.53447
           1.71201
           -4.9956
          -1.20829
           -1.3814
          -1.46571
         -0.854349
          -1.25033
         -0.257797
         -0.767263
         -0.811988
          -1.19406
          -1.21272
         -0.147047
         -0.157294
         -0.149087
##################### ACCEPTABLE SUBNET NUMBER: 72  #########################
           1.82182
 7
 5
49
37
13
38
48
23
 4
 9
39
 2
20
          0.893138
           0.86465
          0.275589
          0.532308
          -1.19315
          -0.40894
          -1.63667
           -1.4386
          -1.38666
         -0.737064
          0.733771
           0.46356
          -1.35134
          0.280955
##################### ACCEPTABLE SUBNET NUMBER: 73  #########################
           1.76993
10
12
 6
24
15
50
35
48
27
49
23
 4
34
 8
28
37
           1.53973
          0.935589
          -0.25373
         -0.748019
          0.152462
         -0.291149
          -1.25365
         -0.390875
         -0.118487
          -1.24422
         -0.992509
         -0.605249
          -1.30007
         0.0664447
          0.437159
          -1.26009
         -0.553185
##################### ACCEPTABLE SUBNET NUMBER: 74  #########################
           3.96673
 5
50
22
31
27
 3
 7
30
32
 7
44
28
 2
36
          0.539944
          0.517523
         -0.255767
          0.706755
         -0.847873
          0.433393
           1.08788
          0.185235
           1.18286
         -0.313321
          -1.48294
         -0.147175
          0.207465
          0.413312
          -1.02319
##################### ACCEPTABLE SUBNET NUMBER: 75  #########################
           1.43816
 5
15
 4
49
 5
47
 3
48
 8
13
          0.685327
           0.67105
         -0.122333
        -0.0396332
          0.480999
         -0.317462
         0.0258244
         -0.159482
           -0.5213
           0.42586
         -0.835155
----------Number of Acceptable Subnets found: 75 -----------
----------END FOR GENE 21 -----------
