File open successful. It contains: 
Finished reading file, will close now.
File x_dt open successful.
Finished reading file x_dt, will close now.
File sd_d open successful.
Finished reading file sd_d, will close now.
--------START FOR GENE 25 -----------
 Values arranged as error, n_ka, gene ids for ka, n_kd, gene ids for kd,
 r0, d, ea, ka_values, kd_values for each subnet. 
##################### ACCEPTABLE SUBNET NUMBER: 1  #########################
           2.10531
 4
11
23
15
32
 4
43
33
48
 1
          0.534074
         -0.120536
          0.141776
          0.458291
          0.162348
         -0.164495
         -0.318751
          0.697443
           0.39082
         -0.110627
         -0.399431
##################### ACCEPTABLE SUBNET NUMBER: 2  #########################
           2.62171
 3
39
43
11
 1
44
          0.202891
         -0.383822
         -0.257821
          -1.12204
         -0.619568
         0.0402396
          0.175642
##################### ACCEPTABLE SUBNET NUMBER: 3  #########################
           2.54594
 7
13
48
 1
11
44
26
36
 5
14
 2
29
18
34
        -0.0969352
         -0.503688
         0.0525622
           0.31469
         0.0108104
         -0.101082
        0.00197128
         -0.789053
          -0.33955
         -0.217874
          -1.61984
           0.86317
          -1.57889
          -1.36803
           0.51887
##################### ACCEPTABLE SUBNET NUMBER: 4  #########################
           2.43859
 8
34
49
19
11
 1
15
17
32
 1
27
         -0.314137
         -0.456664
         -0.174463
         -0.387744
          -0.87733
          -1.41111
           -1.3902
          0.469799
          -1.09195
          -1.43658
          -1.90045
          -1.41206
##################### ACCEPTABLE SUBNET NUMBER: 5  #########################
           1.91026
 4
 1
33
18
34
 9
 3
20
11
31
45
44
41
14
49
          0.353819
          0.334531
         -0.120111
          0.828349
         -0.253666
         -0.292286
         -0.319792
          0.442658
          0.233154
          -0.33613
         -0.747356
        -0.0477411
         -0.984269
          -1.03031
           -1.6498
         -0.551577
##################### ACCEPTABLE SUBNET NUMBER: 6  #########################
           2.40277
 3
 1
32
41
 1
47
         -0.284857
         -0.450322
         -0.175962
          0.439093
         -0.807827
         -0.625117
          -0.54446
##################### ACCEPTABLE SUBNET NUMBER: 7  #########################
           2.77302
 7
43
 8
49
13
29
 1
40
 6
14
 2
34
45
 3
38
           0.19433
          0.151113
          -1.25921
         -0.196368
         -0.983217
          0.125047
          -1.39189
         -0.452738
          0.753252
         -0.965311
         -0.319581
         -0.927315
          -1.08585
         -0.706418
          0.370225
        0.00182087
##################### ACCEPTABLE SUBNET NUMBER: 8  #########################
           2.40564
 1
 1
 0
         -0.285744
         -0.450222
         -0.175581
          0.438929
##################### ACCEPTABLE SUBNET NUMBER: 9  #########################
           2.25906
 4
46
 1
19
 6
 6
38
28
50
20
 3
15
         -0.279782
         -0.443484
         -0.222606
         -0.212991
          0.455609
          -1.14549
           -1.3397
         -0.376802
         -0.192628
          -1.14915
          -1.12022
          -1.14611
           -1.1468
##################### ACCEPTABLE SUBNET NUMBER: 10  #########################
           2.30551
 6
29
23
46
 1
26
41
 3
37
39
16
         -0.401768
          -0.61618
          -0.61508
         -0.282799
         -0.857651
         -0.157847
          0.513397
         -0.213672
         -0.267676
          -1.44127
        -0.0715647
          0.130313
##################### ACCEPTABLE SUBNET NUMBER: 11  #########################
            2.4365
14
 1
40
32
15
29
45
43
 3
23
20
24
37
34
10
12
33
21
 5
26
38
44
50
30
39
36
 8
41
        -0.0712259
         -0.148616
            0.7862
           1.70786
         -0.673562
         -0.504495
          -1.28353
         -0.166393
         -0.814244
          0.328342
          -1.33755
          0.645829
          0.168592
         -0.909036
         -0.690113
          0.749121
          -1.90437
          -1.84628
           1.46351
         -0.704877
          -1.93785
           -1.4635
          0.624681
          0.610875
        -0.0884098
           0.91113
         -0.861734
         -0.857005
          -1.90437
##################### ACCEPTABLE SUBNET NUMBER: 12  #########################
            1.4254
 8
31
28
 1
46
19
47
10
17
 4
41
14
50
12
          0.197589
          0.170677
         -0.125755
           0.28526
          0.314398
            1.0664
         0.0695832
         -0.785902
          -1.50241
          -1.51492
         -0.817183
          0.155642
          0.751425
          0.206071
          -1.11294
##################### ACCEPTABLE SUBNET NUMBER: 13  #########################
           1.90005
 8
30
24
16
47
 1
32
 2
39
 4
12
 8
49
 6
        -0.0544762
         -0.134678
          -1.80457
          -1.47136
           -1.7643
         -0.307033
         0.0775469
          0.622774
         -0.329831
          -1.04824
          -0.36854
          0.148691
          0.260733
        -0.0292255
          -1.12773
##################### ACCEPTABLE SUBNET NUMBER: 14  #########################
            2.6273
 6
 8
46
16
29
22
36
 2
 2
 6
         -0.364326
         -0.641245
          -0.50644
          0.505801
         -0.244611
          -1.34099
          -1.32948
         0.0766767
          -1.33826
          0.746143
         -0.409082
##################### ACCEPTABLE SUBNET NUMBER: 15  #########################
          0.734807
 3
29
42
19
10
41
44
 8
33
 2
 3
 9
39
18
11
           0.55813
          0.100343
          0.326774
         -0.977417
          -1.04021
          0.344951
          0.624078
          0.418373
           0.23954
        -0.0921392
           1.03622
          -0.57869
         -0.552258
         -0.326562
         -0.275645
         0.0519064
##################### ACCEPTABLE SUBNET NUMBER: 16  #########################
           2.34245
 6
37
11
43
18
29
49
 3
12
20
42
           0.28273
          0.112526
         -0.227597
       -0.00430881
          0.381561
         0.0128403
         -0.378303
         -0.935178
          -1.05676
         -0.320189
          0.498708
         -0.988685
##################### ACCEPTABLE SUBNET NUMBER: 17  #########################
           3.60686
 4
15
 5
24
46
 5
34
39
11
40
12
         -0.179291
         -0.441118
          0.463586
          0.955434
          0.947572
         -0.907676
          -1.40272
          0.746298
         -0.402146
         -0.304047
           1.00222
          -1.41763
##################### ACCEPTABLE SUBNET NUMBER: 18  #########################
           5.01735
 6
38
17
15
45
37
28
11
18
10
 4
27
40
13
48
26
12
33
22
         -0.590195
         -0.575001
          0.467699
         -0.613658
        -0.0840833
           1.27788
         -0.309338
         -0.284289
          -1.46575
           1.07608
           1.06259
         -0.767716
          -1.26284
          -2.35843
         -0.917831
         -0.966769
         0.0520488
          -1.81041
          -1.81041
         -0.485129
##################### ACCEPTABLE SUBNET NUMBER: 19  #########################
           4.05756
10
 6
39
 5
 9
40
 7
24
19
43
11
 4
15
34
 4
31
           1.21444
           1.11855
         -0.402652
          0.581291
          -0.24338
          -1.18067
          0.554968
         -0.950769
          -1.59196
          0.384881
          0.174743
         -0.261711
        -0.0046319
          0.480546
          0.220298
          -1.10186
         -0.197491
##################### ACCEPTABLE SUBNET NUMBER: 20  #########################
           2.26494
 6
13
32
 1
 3
 7
46
 1
28
         -0.245123
         -0.390914
           0.32807
          0.843194
          0.322311
           1.09425
          0.461848
          0.498457
          -1.16532
           1.05929
##################### ACCEPTABLE SUBNET NUMBER: 21  #########################
           5.20464
 2
11
32
 2
48
44
         -0.431916
         -0.620168
          -0.21624
          0.119764
          -2.26867
         -0.759923
         -0.869554
##################### ACCEPTABLE SUBNET NUMBER: 22  #########################
           4.07203
 2
22
10
 4
26
23
36
 5
           0.11276
         -0.413118
         0.0929595
           0.45653
         -0.857952
          0.399342
           0.56579
         0.0486702
          0.143345
##################### ACCEPTABLE SUBNET NUMBER: 23  #########################
            5.7537
 1
47
 2
26
23
         -0.456482
         -0.453591
         -0.564859
          0.311044
          0.212398
          -1.45673
##################### ACCEPTABLE SUBNET NUMBER: 24  #########################
           4.36072
 1
11
 3
50
 8
36
         -0.201037
         -0.596464
         -0.245919
         0.0511335
        0.00662491
         -0.901313
         -0.841546
##################### ACCEPTABLE SUBNET NUMBER: 25  #########################
           4.94791
 2
 4
 5
 3
34
10
15
         -0.204778
         -0.650592
           0.11185
        -0.0523333
          0.101431
          0.609545
        -0.0487917
         -0.691842
##################### ACCEPTABLE SUBNET NUMBER: 26  #########################
           2.23146
11
44
21
 1
 3
35
26
39
 2
 4
32
 7
 1
36
          -0.26516
          -0.40943
         -0.312642
           -1.3549
         -0.130366
          0.476767
          -1.39238
          -1.05845
         -0.783115
         -0.228411
         -0.341498
         -0.238721
           -0.2231
           -1.4733
         -0.120623
##################### ACCEPTABLE SUBNET NUMBER: 27  #########################
           3.94108
 1
 1
 5
41
49
46
 6
19
          0.149701
          0.018798
          0.368316
          0.704848
          0.553644
          0.412307
         -0.370417
         -0.355253
          -1.73573
##################### ACCEPTABLE SUBNET NUMBER: 28  #########################
           5.94797
 6
31
 1
27
14
49
 3
 3
40
23
12
          0.173089
         -0.272947
         -0.562891
          0.316938
        -0.0512656
          -1.82424
         -0.697955
         -0.453413
         -0.381127
          0.354283
          0.311206
         -0.147163
##################### ACCEPTABLE SUBNET NUMBER: 29  #########################
           4.51695
 1
 4
 1
10
          0.100623
           -0.4968
         0.0778522
          -1.14776
          0.938004
##################### ACCEPTABLE SUBNET NUMBER: 30  #########################
           2.01645
 3
 1
35
43
 7
33
32
38
47
13
 3
50
          0.411494
          0.405815
          0.924653
           1.90043
          0.404416
          0.494991
          0.833091
           1.00302
          0.727808
         -0.293815
           1.51407
          -1.10783
          -1.10718
##################### ACCEPTABLE SUBNET NUMBER: 31  #########################
           3.42157
 0
 4
41
14
43
26
          0.337365
        0.00183747
          0.346056
          0.623177
          0.429248
          -0.50552
         -0.359038
##################### ACCEPTABLE SUBNET NUMBER: 32  #########################
           5.11712
 1
37
 7
18
41
10
43
34
39
48
         -0.154385
         -0.436788
          0.113073
        -0.0556546
          0.286141
          0.349786
         -0.327486
         0.0942627
         -0.359295
         -0.431271
         -0.545631
##################### ACCEPTABLE SUBNET NUMBER: 33  #########################
           4.29171
 2
49
 3
 1
28
         -0.185499
         -0.692732
          -0.37925
         0.0251401
          0.214722
          0.494219
##################### ACCEPTABLE SUBNET NUMBER: 34  #########################
           3.43767
 3
35
31
11
 4
41
 7
17
27
         0.0773625
           -0.1558
         0.0530515
           1.27191
          0.487853
           1.18103
           1.17236
          0.963516
          0.268773
           1.33641
##################### ACCEPTABLE SUBNET NUMBER: 35  #########################
            8.5505
 3
35
50
42
 6
30
 7
20
21
41
27
          0.459396
          0.521371
          0.504623
          -1.57776
         -0.258332
          0.614413
         -0.551802
          0.927134
         -0.348449
         -0.395219
         -0.692292
         -0.732521
##################### ACCEPTABLE SUBNET NUMBER: 36  #########################
           4.52764
14
16
17
32
15
42
 4
48
38
33
18
44
37
47
 9
 6
50
28
21
13
26
40
        -0.0305904
         -0.282335
         -0.667639
         -0.360658
         -0.404639
         -0.118031
          0.500744
         0.0231777
         -0.767952
         -0.668147
          0.301552
          -1.32008
         -0.397347
         -0.675901
        -0.0636118
        -0.0600204
         -0.172571
          0.531071
         -0.859461
          0.295012
         -0.734867
          -1.07779
         -0.234098
##################### ACCEPTABLE SUBNET NUMBER: 37  #########################
           7.45973
 6
42
49
30
20
48
10
 4
 7
23
37
29
           1.50088
           1.51417
           1.38121
           1.05169
          -1.60279
          0.809556
          0.600408
         -0.343095
         -0.842149
            1.7882
           1.21706
         -0.462957
          0.605603
##################### ACCEPTABLE SUBNET NUMBER: 38  #########################
           4.26148
 3
24
47
30
 0
         -0.166102
         -0.537948
         -0.613949
         -0.881645
        -0.0120679
         -0.167028
##################### ACCEPTABLE SUBNET NUMBER: 39  #########################
           6.45585
 6
 8
47
20
41
21
29
 6
 5
19
50
15
13
 3
         -0.792533
         -0.855117
          -1.07233
          0.534771
          -0.30388
          -1.35024
          -1.35024
          -1.35024
          -1.35024
         -0.500451
         -0.350821
          -1.32705
          -1.49727
          -1.49727
         -0.765968
##################### ACCEPTABLE SUBNET NUMBER: 40  #########################
           6.05738
 1
22
 0
         -0.686541
         -0.697374
          -1.45684
          0.429029
##################### ACCEPTABLE SUBNET NUMBER: 41  #########################
            5.0247
 3
27
15
12
 2
23
36
         -0.251875
          -0.30417
         -0.312717
          0.297368
          0.397256
          0.710646
          0.625055
          -1.39419
##################### ACCEPTABLE SUBNET NUMBER: 42  #########################
           2.49214
 3
37
11
50
 5
33
23
43
 1
 7
         0.0354787
         -0.354158
         -0.225912
          0.490697
           0.56237
          0.279619
          0.392265
          0.399087
          0.713604
          0.159602
          0.157336
##################### ACCEPTABLE SUBNET NUMBER: 43  #########################
           6.43074
 6
 8
 2
12
 1
38
13
 2
35
15
         -0.715168
         -0.795572
         -0.983634
          0.561851
        -0.0508067
         -0.366179
        -0.0177482
         -0.367969
         -0.983326
          0.158548
         -0.248688
##################### ACCEPTABLE SUBNET NUMBER: 44  #########################
           6.17098
 6
45
19
21
40
 5
16
 1
41
           1.64467
           1.71014
           1.40274
           1.81303
           1.50029
          0.447492
           1.34673
           1.96838
           1.22462
           1.67972
##################### ACCEPTABLE SUBNET NUMBER: 45  #########################
           6.61039
11
18
 5
37
13
 8
 7
31
22
 4
 1
42
11
 6
44
33
30
17
 2
32
19
41
10
39
          0.623101
          0.657819
            0.7222
           1.53832
           2.04376
          0.293935
           1.24561
           1.13364
          0.303267
          -1.33485
        -0.0712171
        -0.0813086
          -1.62987
         -0.232386
         -0.988871
         -0.194062
         -0.848561
         -0.852772
          0.628309
          0.173178
           1.44359
           1.84747
          -1.05576
          0.196481
          0.650445
----------Number of Acceptable Subnets found: 45 -----------
----------END FOR GENE 25 -----------
--------START FOR GENE 26 -----------
 Values arranged as error, n_ka, gene ids for ka, n_kd, gene ids for kd,
 r0, d, ea, ka_values, kd_values for each subnet. 
##################### ACCEPTABLE SUBNET NUMBER: 1  #########################
           2.96777
 5
32
24
 3
15
29
 2
43
35
          0.199345
          0.236279
         0.0657403
          0.607961
         -0.513313
          -1.81218
          -1.81118
          -1.65126
           0.22684
          -1.66126
##################### ACCEPTABLE SUBNET NUMBER: 2  #########################
           2.39053
 6
40
46
34
43
 1
39
 5
35
17
 3
18
11
           1.18475
           1.18096
           0.87595
         -0.109527
          0.626477
         0.0403718
         -0.734435
          0.814315
         -0.633843
           0.89244
           1.02775
          -1.03183
         -0.467536
          -0.49996
##################### ACCEPTABLE SUBNET NUMBER: 3  #########################
           2.51081
 2
16
 7
12
24
37
11
10
47
 1
49
 2
44
28
 8
43
           1.17876
           1.21791
          0.467762
           1.78101
           1.30066
           1.21117
          0.663564
          0.522211
          0.163245
        -0.0514222
          -2.17785
          0.758791
         -0.109714
         -0.398332
          0.969872
          -1.39135
          0.713377
##################### ACCEPTABLE SUBNET NUMBER: 4  #########################
           2.54156
 3
 6
43
19
 0
          0.357818
          -2.54974
         -0.611828
         -0.229033
          -1.30016
          -1.31073
##################### ACCEPTABLE SUBNET NUMBER: 5  #########################
           2.76866
 1
30
 2
33
35
        -0.0159943
          -1.12459
         -0.471498
         0.0892563
          -1.02496
         -0.143862
##################### ACCEPTABLE SUBNET NUMBER: 6  #########################
           2.87719
 1
13
 1
23
          0.804992
          0.808253
          0.446349
         -0.183729
           0.58163
##################### ACCEPTABLE SUBNET NUMBER: 7  #########################
           2.00823
 0
 7
14
 4
48
21
34
18
36
           1.15327
           1.13944
          0.901013
           1.10263
          0.203718
         -0.439093
         -0.975404
         -0.432958
          0.913191
          -2.01095
##################### ACCEPTABLE SUBNET NUMBER: 8  #########################
           2.76403
 1
 6
 1
23
          0.466243
           0.48102
           0.89225
         -0.208708
          0.999175
##################### ACCEPTABLE SUBNET NUMBER: 9  #########################
           2.46451
 3
 3
 2
28
 5
19
33
13
20
44
           1.40659
           1.31826
          0.736946
          0.993586
         -0.307645
        -0.0727988
           1.05465
          0.483621
           1.12329
         -0.205054
         -0.388285
##################### ACCEPTABLE SUBNET NUMBER: 10  #########################
           1.72635
 0
 8
 9
 2
 8
 3
44
19
40
37
          0.683516
          0.156245
        -0.0443451
        -0.0533936
          0.764295
          -1.17433
        0.00723775
         -0.323326
         -0.273817
         -0.480741
         -0.760975
##################### ACCEPTABLE SUBNET NUMBER: 11  #########################
           2.91089
 2
 1
25
 0
          0.551518
          -1.55155
         -0.560352
         -0.186631
          -1.78895
##################### ACCEPTABLE SUBNET NUMBER: 12  #########################
           2.58615
 0
 3
17
 9
34
           0.19541
          0.215243
          0.748408
          0.911043
          -1.15485
          -1.33902
##################### ACCEPTABLE SUBNET NUMBER: 13  #########################
           2.17421
 2
30
 1
 2
36
35
          -0.50031
          -2.00033
         -0.375953
          -1.35943
          0.203048
          -0.94046
         -0.478075
##################### ACCEPTABLE SUBNET NUMBER: 14  #########################
           2.37937
 4
 5
 6
17
22
 7
19
39
15
 2
38
24
48
           2.06692
           1.83407
           1.67475
           1.64478
          -0.35026
         -0.727324
         0.0559026
           1.90969
           1.72752
           1.60108
          0.143352
         -0.963518
        -0.0681962
        -0.0294431
##################### ACCEPTABLE SUBNET NUMBER: 15  #########################
           2.35232
 8
 5
33
 1
48
18
41
20
38
 4
32
35
 3
14
         -0.175824
          -1.60896
          -0.37191
         -0.715114
         -0.563614
         0.0390359
         -0.656894
         -0.713406
         -0.863556
         -0.914385
         -0.898885
         -0.366226
         -0.778068
          -0.31859
         -0.873289
##################### ACCEPTABLE SUBNET NUMBER: 16  #########################
           2.45946
 8
22
15
33
37
39
38
42
16
 4
13
32
48
10
          0.442829
         0.0947831
         0.0678159
          -1.03021
         -0.107458
          -1.03856
          -1.03584
         -0.694881
         -0.287964
          -1.87404
         -0.691495
          0.297433
         0.0526542
        -0.0430634
          -1.99211
##################### ACCEPTABLE SUBNET NUMBER: 17  #########################
           2.34073
 4
49
33
22
 4
 5
23
18
14
13
 2
           0.95601
          0.623918
        -0.0104727
         -0.467571
         -0.765663
         -0.135339
          -1.83869
           0.21024
         0.0395271
         0.0405935
          -1.59131
          0.143904
##################### ACCEPTABLE SUBNET NUMBER: 18  #########################
           2.49104
 1
49
 2
32
 2
         -0.318673
          -1.49154
         -0.410199
         0.0649139
         0.0969992
          0.731197
##################### ACCEPTABLE SUBNET NUMBER: 19  #########################
          0.929533
 3
15
30
45
 2
28
 2
          0.331548
        -0.0522659
          0.212961
          0.086125
           -1.3705
        0.00073537
           0.65479
          0.931379
##################### ACCEPTABLE SUBNET NUMBER: 20  #########################
           2.59768
 0
11
28
 6
44
 4
39
17
 5
37
27
36
21
          0.903164
          0.881145
          0.456811
          -1.75137
        -0.0352615
          0.454097
         -0.280424
         -0.306614
          0.578687
         -0.149954
         -0.481826
         -0.893777
          0.369149
          0.318084
##################### ACCEPTABLE SUBNET NUMBER: 21  #########################
           2.25452
 3
16
18
32
 4
49
25
24
27
           1.03568
           1.07127
          0.126178
           1.08643
          0.974515
         -0.590308
          0.572268
          0.641608
          -0.46427
          0.368874
##################### ACCEPTABLE SUBNET NUMBER: 22  #########################
           2.92764
 2
42
 4
 6
14
41
 7
23
49
21
           1.01523
           1.03724
          0.879384
         -0.431107
          -2.18042
           1.07197
          0.224562
          0.125767
         0.0976058
         -0.565503
          -2.17942
##################### ACCEPTABLE SUBNET NUMBER: 23  #########################
           2.46477
 9
32
22
19
47
43
13
23
14
15
25
20
 4
 9
17
 1
12
41
 7
33
45
16
50
38
37
 6
35
42
34
40
 5
36
 2
30
24
48
           1.98505
           1.88563
           1.60633
           1.24745
          -2.62163
          0.983251
         -0.124887
           1.45103
         -0.467295
            1.4152
          0.706227
         -0.140915
           1.85849
         -0.593393
         -0.488836
           1.31571
          0.522391
          0.180216
         -0.343039
         0.0419475
          0.949171
           0.64308
         -0.737448
           1.70162
          0.135163
            1.0652
          0.168095
          0.828826
          0.126316
          0.744595
              0.63
           0.16345
         -0.763431
         -0.133056
         -0.110189
         -0.211868
         -0.194589
##################### ACCEPTABLE SUBNET NUMBER: 24  #########################
           1.75614
 2
 9
33
 2
 2
49
          0.661821
         -0.167432
         -0.163902
          -1.85946
          -1.85408
          0.688713
         -0.459196
##################### ACCEPTABLE SUBNET NUMBER: 25  #########################
           1.80127
 3
38
39
33
 7
19
49
28
50
40
16
 4
           1.96825
           1.58343
           1.41702
           1.37181
          0.599655
          -0.72307
           1.58522
           1.10571
           1.91434
           1.14336
         -0.916488
         -0.365253
          -2.22637
##################### ACCEPTABLE SUBNET NUMBER: 26  #########################
           2.75766
 3
32
16
 5
 2
10
28
          0.145564
          0.182498
         -0.466728
          0.371345
          0.726582
         -0.394794
        -0.0283283
          -2.75233
##################### ACCEPTABLE SUBNET NUMBER: 27  #########################
           2.41101
 4
46
41
 1
 3
12
15
40
 8
50
 9
29
30
20
39
24
36
42
           1.17985
           1.05566
          0.911259
          0.758912
          0.723032
         -0.123429
            0.8119
          0.925981
         -0.177223
          -1.10691
           1.07089
         -0.199528
         -0.478292
         -0.849568
          0.310734
          0.423151
          -0.16474
         -0.985806
          0.711947
##################### ACCEPTABLE SUBNET NUMBER: 28  #########################
           2.60606
 5
12
21
47
 5
35
14
50
49
42
 6
18
19
 1
28
44
27
43
30
13
16
          0.839484
          0.637367
            1.1107
          0.777463
         -0.635979
          0.251295
         -0.579963
          -3.12142
           1.29308
          0.785843
           1.07086
         -0.604767
          0.814174
          0.075454
          0.482564
          -1.26528
          -1.15366
          -1.53203
         -0.306695
          -1.19658
          -1.36664
          -1.16022
##################### ACCEPTABLE SUBNET NUMBER: 29  #########################
           1.44049
 4
30
 7
49
29
 8
27
10
28
25
46
23
17
 3
          0.737491
          0.370334
          0.715377
          0.526203
          0.168363
         0.0509075
         -0.722488
          0.253404
          0.763371
            1.1917
         -0.283178
         -0.712798
          -2.04827
          0.681675
          0.321921
##################### ACCEPTABLE SUBNET NUMBER: 30  #########################
           2.90983
 9
46
35
39
22
29
17
45
 1
37
 2
10
15
          0.134858
         0.0583469
         -0.436412
          0.138253
         -0.803157
          0.109011
         -0.336227
          -0.93298
         -0.601581
          -1.71387
          -1.71387
         -0.873069
       -0.00253514
         -0.846049
##################### ACCEPTABLE SUBNET NUMBER: 31  #########################
           2.18638
 2
33
 1
 8
46
 5
32
24
14
40
 8
48
         -0.501195
          -1.35085
         -0.217358
         -0.319214
          0.288436
         -0.529952
         -0.343446
         -0.307869
         -0.157062
           0.08337
         -0.256507
         -0.288324
         -0.322513
##################### ACCEPTABLE SUBNET NUMBER: 32  #########################
           2.98287
 1
46
17
31
50
 7
15
20
10
34
49
12
 3
22
43
 6
35
18
 2
17
          0.939179
          0.925269
          0.829259
          0.963285
          0.955513
          0.439801
          0.501083
          0.305554
         -0.325919
         0.0279576
          0.817851
          0.325327
         -0.806531
          -1.29792
         -0.342972
           -1.3733
         -0.762407
         0.0519966
         -0.490558
         -0.873859
          -1.00501
##################### ACCEPTABLE SUBNET NUMBER: 33  #########################
           2.51391
 2
 8
 1
 2
38
21
           0.18453
          -1.80777
         -0.505658
         -0.480853
        -0.0860097
          -1.08898
         -0.382716
##################### ACCEPTABLE SUBNET NUMBER: 34  #########################
           2.79538
 5
 3
 6
30
 4
31
 3
10
34
38
         -0.141821
          -1.12236
         -0.560074
         -0.571376
           -1.3741
          0.135408
          -1.70608
          -1.70485
         -0.257129
          -0.25453
          -1.70044
##################### ACCEPTABLE SUBNET NUMBER: 35  #########################
           2.58682
 1
13
 4
17
16
24
36
          0.657103
            0.3096
        -0.0287149
          -1.06483
          0.223757
          -1.07916
          -1.08257
         -0.120233
##################### ACCEPTABLE SUBNET NUMBER: 36  #########################
           1.55243
10
 5
30
32
35
 1
25
41
45
10
22
 3
36
17
38
         -0.361764
         -0.685291
         -0.632366
          0.265316
          0.113546
        -0.0141424
         -0.597655
          0.676591
         -0.798912
           0.15604
         -0.217363
          -2.61649
          -1.33641
          0.495766
         -0.229295
         -0.637616
##################### ACCEPTABLE SUBNET NUMBER: 37  #########################
           2.84104
 6
22
 6
 1
42
12
32
 6
23
15
35
43
50
 4
          0.834081
         -0.894173
          0.864076
          0.651484
           1.15017
          -0.42201
          0.242157
         -0.207331
          -1.72139
          0.953903
          0.784605
          0.516853
           1.59451
         -0.207331
          0.137353
##################### ACCEPTABLE SUBNET NUMBER: 38  #########################
           2.90467
 1
 1
 3
 6
20
29
         -0.372151
          -1.00748
         -0.144028
           0.32045
          0.212154
         0.0247343
         0.0685735
##################### ACCEPTABLE SUBNET NUMBER: 39  #########################
           2.73728
 5
42
28
49
40
13
 4
31
45
18
48
           1.36895
           1.34618
          0.646986
          0.983874
          -1.19354
          -2.03596
          0.318154
          -2.45135
          0.959831
         -0.298627
          0.622416
          0.398977
##################### ACCEPTABLE SUBNET NUMBER: 40  #########################
           2.50822
 2
43
36
 7
 3
39
 9
17
11
48
35
           1.70233
           1.57455
           1.51636
         -0.442725
          0.573399
           1.62571
           1.49026
          0.151591
           1.61811
           0.19362
          0.227546
          0.674634
##################### ACCEPTABLE SUBNET NUMBER: 41  #########################
           1.90059
 4
17
35
33
23
 4
 2
16
28
22
         -0.124476
         -0.281009
          0.150326
         -0.641581
         -0.448896
         -0.813786
         -0.327333
          0.795186
         -0.195727
          -0.42433
         -0.370399
##################### ACCEPTABLE SUBNET NUMBER: 42  #########################
           2.73038
 3
12
16
30
 4
28
15
 6
43
         -0.155139
          -1.14875
         -0.736995
         -0.604972
           -1.2269
          0.139967
          -0.63262
          -1.31713
          -1.47901
          -1.54986
##################### ACCEPTABLE SUBNET NUMBER: 43  #########################
           2.60433
 3
41
31
29
 3
34
27
40
           1.98259
           1.97107
           0.80116
           1.75757
          0.754869
         -0.719116
           1.54303
           1.57366
          0.327175
##################### ACCEPTABLE SUBNET NUMBER: 44  #########################
           2.88505
 5
15
 5
48
44
46
 9
21
 6
14
34
35
36
39
43
49
           1.40306
            1.4218
            1.3456
           -1.0555
         -0.394416
         -0.915308
          -0.07704
           1.14235
          0.242085
            1.0918
           1.52832
          -0.91739
         -0.444715
           1.16745
          0.717921
         -0.292249
          -1.30891
##################### ACCEPTABLE SUBNET NUMBER: 45  #########################
            2.6959
 2
30
42
 1
28
        -0.0470746
          -1.09429
         -0.364783
         0.0848004
         -0.935199
          0.090321
##################### ACCEPTABLE SUBNET NUMBER: 46  #########################
           2.80425
 1
 8
 5
24
29
23
 6
33
           1.16907
           1.17833
          0.635364
         -0.322953
          0.575024
         -0.608664
          0.743642
        0.00908562
         -0.480477
##################### ACCEPTABLE SUBNET NUMBER: 47  #########################
           2.71215
 2
45
32
 1
13
          0.392407
          0.393882
           0.42328
          0.704726
          0.250028
          0.824263
##################### ACCEPTABLE SUBNET NUMBER: 48  #########################
           2.48904
13
42
46
17
30
45
 1
35
36
27
32
 5
37
29
 3
 4
 8
49
          0.941442
          0.967139
         -0.222535
        -0.0587866
          0.685777
           -1.2514
          0.846182
          -1.09094
          0.173372
           -1.0928
         -0.767092
         -0.593079
         -0.993331
          -0.87922
          -1.48049
          -1.06591
          0.290849
          0.803493
           0.37317
##################### ACCEPTABLE SUBNET NUMBER: 49  #########################
           2.77733
 0
 1
23
          0.462173
          0.478857
           0.71411
           0.82408
##################### ACCEPTABLE SUBNET NUMBER: 50  #########################
           2.40617
 7
 5
36
47
41
10
43
 6
 3
 3
34
15
           1.21526
           1.21891
           1.29156
         -0.321237
          0.367097
          -1.71907
           1.63929
          -1.45574
         -0.679627
           1.23629
           1.52058
           1.44413
          -1.23173
##################### ACCEPTABLE SUBNET NUMBER: 51  #########################
           2.79956
 3
30
10
35
 1
 1
          -0.24124
          -1.06599
          -0.55873
          0.186051
           -2.1465
           -1.2792
         -0.255987
##################### ACCEPTABLE SUBNET NUMBER: 52  #########################
           2.58205
 1
 6
 3
12
 2
48
         0.0419122
          -1.12434
         -0.273188
        -0.0842258
         -0.747681
            0.5432
         -0.211619
##################### ACCEPTABLE SUBNET NUMBER: 53  #########################
           2.91525
 2
33
50
 5
36
49
14
30
22
           1.25157
           1.26913
           1.24619
          -2.02516
          -2.02516
           1.04974
          -1.86042
           1.42534
          0.978574
          0.729994
##################### ACCEPTABLE SUBNET NUMBER: 54  #########################
           1.28647
 2
39
23
 1
28
          0.886153
          0.476818
          0.081453
         0.0533762
         -0.236155
          0.592269
##################### ACCEPTABLE SUBNET NUMBER: 55  #########################
           2.35692
 1
 1
 2
36
17
         -0.665806
          -1.40307
         -0.156652
          0.516327
          0.205488
          -1.97444
##################### ACCEPTABLE SUBNET NUMBER: 56  #########################
           2.23202
 8
40
10
43
13
 1
16
29
30
 7
24
50
37
 8
15
25
49
           1.77225
           1.64605
           1.70618
          -0.89354
           1.83834
          0.268914
           1.50457
          0.281089
          0.145335
           1.39366
           1.04243
           1.74456
           1.86962
         -0.330338
         -0.199448
         -0.316686
          0.476182
          0.250214
##################### ACCEPTABLE SUBNET NUMBER: 57  #########################
           1.23999
 3
39
49
33
 9
29
28
11
46
34
41
 2
 3
21
          0.921164
          0.509164
          0.187692
          0.183057
         0.0614733
         -0.884203
          -0.42527
          0.726854
           -1.4453
          -1.26706
         -0.124996
         -0.192058
          0.389022
          -1.67845
         -0.498788
##################### ACCEPTABLE SUBNET NUMBER: 58  #########################
            2.5456
 4
31
40
11
33
 6
 3
17
28
 9
34
48
           1.90499
           1.90189
           2.01387
          0.344041
           1.04026
          -1.94559
         -0.796455
         -0.171309
            2.1782
           1.44601
           2.18622
         -0.452795
          -2.05786
##################### ACCEPTABLE SUBNET NUMBER: 59  #########################
           2.86358
 7
39
30
42
25
50
 7
 3
 1
31
         0.0518178
         0.0460524
         -0.674863
          0.267725
        -0.0240747
         -0.286736
         -0.292806
         -0.677466
          0.495105
         -0.461707
          -1.43145
##################### ACCEPTABLE SUBNET NUMBER: 60  #########################
           2.50951
 1
 1
 4
27
36
18
44
        -0.0701853
          -1.02006
         -0.234051
         0.0761817
         0.0786917
          -1.81281
          -1.15993
         -0.724912
##################### ACCEPTABLE SUBNET NUMBER: 61  #########################
           1.80409
 7
30
29
 1
 2
 9
18
21
 2
 7
10
         -0.152183
           -1.8461
          -0.43247
         -0.542761
         -0.527169
         0.0300982
          -2.00384
          -2.00419
          -0.58826
           -0.5872
         -0.500306
          -2.00105
##################### ACCEPTABLE SUBNET NUMBER: 62  #########################
           2.92082
 3
40
34
33
 2
14
22
           1.90906
           1.93228
           1.62649
         -0.322362
         -0.302453
          0.916498
           1.82255
          -1.04507
##################### ACCEPTABLE SUBNET NUMBER: 63  #########################
           1.64956
 1
 9
 1
28
          0.824241
          0.479689
          0.946125
          0.960768
           1.41586
##################### ACCEPTABLE SUBNET NUMBER: 64  #########################
           2.00024
 8
47
42
35
 8
21
18
10
30
16
12
40
 5
38
 9
19
 2
48
46
33
17
32
20
22
25
29
          0.591831
          0.357085
          0.487091
           0.83519
          0.988143
          0.996731
          0.664483
          0.214988
         -0.972119
         -0.751696
         -0.901656
         -0.365468
         -0.349481
         -0.770245
          -1.11584
           1.33099
           1.19574
           1.34129
           0.42919
          0.703703
         0.0182012
         0.0408603
         -0.199581
           -1.3496
          -2.23518
         -0.288693
          -1.08142
##################### ACCEPTABLE SUBNET NUMBER: 65  #########################
           1.84627
 6
 7
48
12
16
25
50
 7
14
10
28
34
24
37
17
          0.358914
          0.359603
          -1.49691
           1.02771
           0.45236
         -0.683554
           0.49072
         -0.731445
          -1.02333
          0.321397
         -0.745339
          0.636468
          0.549311
         -0.970403
          -1.58093
         -0.682121
##################### ACCEPTABLE SUBNET NUMBER: 66  #########################
           2.73227
 4
29
 7
24
16
 6
19
 9
41
28
48
10
          0.448919
          0.407459
          0.678259
         -0.754334
           -1.2044
          0.827112
        -0.0753545
          0.861387
           0.95834
          0.347121
         -0.822406
        -0.0168082
          0.670036
##################### ACCEPTABLE SUBNET NUMBER: 67  #########################
           3.07888
 7
19
22
47
18
42
44
30
 2
13
50
           0.34818
          0.381011
           1.52888
           1.26349
         0.0693018
         -0.512856
         -0.575469
            0.4101
          -1.05253
          -1.26798
           1.63689
          -1.26798
##################### ACCEPTABLE SUBNET NUMBER: 68  #########################
           2.58919
 1
 6
 1
17
          0.205247
          0.173991
          0.227178
          -1.29602
           0.40112
##################### ACCEPTABLE SUBNET NUMBER: 69  #########################
           1.93952
 3
48
15
 1
 5
27
43
18
23
16
           2.13819
           1.67819
           1.63676
         -0.240396
          -1.07422
          0.579449
          0.797748
           1.96055
           1.82846
           1.34865
          -1.34999
##################### ACCEPTABLE SUBNET NUMBER: 70  #########################
           2.86284
 4
34
11
45
 1
 5
50
41
20
 6
48
          0.511569
          0.114429
        -0.0123341
         -0.875315
          -1.43291
          -1.60998
          -1.62078
         -0.338559
        -0.0587239
          0.293707
         -0.624708
         -0.148706
##################### ACCEPTABLE SUBNET NUMBER: 71  #########################
           3.23082
 9
25
 7
50
41
31
10
14
38
44
 8
12
34
19
11
29
48
33
36
           0.99515
           1.01097
           1.82551
           1.85794
           1.32429
           1.10225
           0.11774
        -0.0925359
          -1.30615
          0.161244
         0.0280127
         -0.804214
           1.93159
           1.69124
          0.616986
          -0.35135
          -1.11485
          0.286663
          -1.27109
         -0.368557
##################### ACCEPTABLE SUBNET NUMBER: 72  #########################
           3.09187
 6
43
 2
10
 8
48
20
 6
13
30
45
31
12
18
          0.644551
          0.646065
          0.494178
         0.0745297
         -0.292924
          0.239449
          0.322057
         -0.343206
         -0.925908
          0.587079
          0.202717
          0.431202
         -0.294524
         -0.976123
          -1.46634
##################### ACCEPTABLE SUBNET NUMBER: 73  #########################
           3.45177
 3
46
 2
29
 5
22
35
20
28
21
         -0.109741
         -0.160843
          -1.01786
          0.248084
         -0.587134
          -1.26697
          -1.49717
          -0.58305
          -1.22306
        0.00745565
          -1.17559
##################### ACCEPTABLE SUBNET NUMBER: 74  #########################
            3.1484
 3
 3
 7
49
 7
29
33
21
16
43
30
 1
          0.362119
          0.384563
            1.0715
          0.533808
         -0.103771
         0.0528138
           1.18335
         0.0757528
           0.19248
         -0.105234
         -0.431859
          -1.32483
          -1.32483
##################### ACCEPTABLE SUBNET NUMBER: 75  #########################
           2.94142
 3
30
47
10
 3
43
25
12
         -0.290072
         -0.903177
         -0.254512
          0.220505
         -0.161137
         -0.245601
          0.107616
          -1.75933
          -1.67455
----------Number of Acceptable Subnets found: 75 -----------
----------END FOR GENE 26 -----------
