File open successful. It contains: 
Finished reading file, will close now.
File x_dt open successful.
Finished reading file x_dt, will close now.
File sd_d open successful.
Finished reading file sd_d, will close now.
--------START FOR GENE 38 -----------
 Values arranged as error, n_ka, gene ids for ka, n_kd, gene ids for kd,
 r0, d, ea, ka_values, kd_values for each subnet. 
##################### ACCEPTABLE SUBNET NUMBER: 1  #########################
          0.749417
 1
42
 1
21
          0.843495
          0.511805
         -0.122221
         -0.066503
         -0.496058
##################### ACCEPTABLE SUBNET NUMBER: 2  #########################
          0.742432
 4
46
24
45
48
 4
18
49
35
12
          0.493831
          0.043058
         -0.123804
         -0.742918
         0.0646014
          -1.72498
         -0.310584
         0.0703893
         0.0104084
          -1.39162
         -0.526107
##################### ACCEPTABLE SUBNET NUMBER: 3  #########################
          0.651853
 5
25
41
29
14
 1
 1
36
          0.177961
         0.0646613
         -0.228738
         0.0684783
         0.0383487
         0.0770328
         0.0899163
          0.328603
          0.176558
##################### ACCEPTABLE SUBNET NUMBER: 4  #########################
           1.40849
 5
14
15
 7
20
47
10
 9
28
29
32
 3
27
23
 1
36
44
          0.681477
          0.774641
          0.250251
          0.889222
         -0.100096
         -0.164101
         -0.947523
         -0.615595
        -0.0521959
          0.539778
         -0.106972
          0.108389
         -0.272968
          -1.70303
         0.0932946
           -1.7442
         -0.537605
          -1.97092
##################### ACCEPTABLE SUBNET NUMBER: 5  #########################
           1.46511
13
 9
24
49
21
16
25
47
35
 2
12
 5
13
42
 6
37
29
39
28
41
45
          0.406806
          0.486763
          0.943686
          0.181416
           1.78216
           1.19019
           1.96706
        -0.0688167
          0.970903
         0.0595762
          0.240621
          -1.08111
         0.0618694
         -0.605443
          0.728951
         -0.185692
           1.63553
            1.5447
           1.06159
           1.02718
         -0.612772
          -0.20041
##################### ACCEPTABLE SUBNET NUMBER: 6  #########################
           0.67047
 4
20
48
28
18
 2
17
30
          0.371872
          0.263127
        -0.0366182
          0.441182
         -0.342505
           -1.2277
         -0.549828
           0.33214
         -0.260853
##################### ACCEPTABLE SUBNET NUMBER: 7  #########################
           1.97432
 0
 3
34
11
 5
         0.0307818
          0.155034
          0.456478
          0.414634
         -0.473119
         -0.220085
##################### ACCEPTABLE SUBNET NUMBER: 8  #########################
          0.808889
 2
22
 2
 2
 4
26
          0.483663
          0.212378
         -0.103843
          0.272632
          -1.37026
          0.340767
          -1.37552
##################### ACCEPTABLE SUBNET NUMBER: 9  #########################
          0.689266
 3
42
21
30
 0
          0.996564
          0.935252
         -0.021021
          0.059392
       -0.00653869
         0.0536199
##################### ACCEPTABLE SUBNET NUMBER: 10  #########################
          0.667964
 4
15
30
44
21
 5
18
10
22
41
39
          0.161781
        -0.0174212
        -0.0622248
        0.00157941
          0.177074
         -0.327527
          0.163758
         0.0341791
         -0.754361
         0.0849157
         -0.722181
          -1.52278
##################### ACCEPTABLE SUBNET NUMBER: 11  #########################
          0.394072
 1
15
 4
 4
41
28
33
          0.430204
         0.0456431
        -0.0438609
         0.0629061
          0.183307
         0.0147608
          -1.17893
         0.0167353
##################### ACCEPTABLE SUBNET NUMBER: 12  #########################
           1.49842
 2
20
44
 1
47
         -0.735827
          -1.17207
         -0.164694
         0.0625454
         -0.420127
         -0.164723
##################### ACCEPTABLE SUBNET NUMBER: 13  #########################
           1.67914
 1
22
 3
26
19
48
         -0.624084
          -1.80995
          0.105722
          -1.32906
          0.622428
          0.123115
          0.417174
##################### ACCEPTABLE SUBNET NUMBER: 14  #########################
           1.99076
17
45
 7
13
 2
40
36
23
26
49
29
15
10
27
21
19
30
44
 9
 1
34
32
39
37
47
25
33
 9
          -1.00491
          -1.09915
          -1.03383
           1.85506
           1.71231
           1.29395
           1.24831
         -0.293604
         -0.294719
           0.35522
           0.35522
          0.105516
         -0.558259
          0.457802
          0.267775
        -0.0600569
        -0.0600569
          -1.72714
          0.462388
         0.0405597
         -0.312934
           1.88023
        -0.0526596
        -0.0310116
           1.24389
          0.583607
          -1.31856
          0.811514
          0.462388
##################### ACCEPTABLE SUBNET NUMBER: 15  #########################
            1.6608
 1
 4
 1
20
           -0.7121
          -1.92815
         -0.669179
        -0.0129346
         -0.730832
##################### ACCEPTABLE SUBNET NUMBER: 16  #########################
          0.494166
 1
24
 4
33
49
 9
13
          0.262085
       -0.00712895
        -0.0424187
          0.265313
         0.0546426
         -0.586708
         -0.229932
          0.188739
##################### ACCEPTABLE SUBNET NUMBER: 17  #########################
          0.742545
 6
37
21
27
20
36
30
 7
18
26
39
35
28
14
44
          0.127581
         0.0721157
           1.09472
          0.142592
           1.34727
          0.795607
          0.570701
          0.331142
           -0.9306
           1.17164
           1.08925
          0.304253
            1.1429
          0.302386
          -1.20941
         -0.831097
##################### ACCEPTABLE SUBNET NUMBER: 18  #########################
          0.829639
 2
 1
40
 4
15
35
46
 6
          0.210249
           0.17301
         0.0148998
          0.565992
         0.0577956
          0.275936
          -1.12592
          -1.03007
          -1.00061
##################### ACCEPTABLE SUBNET NUMBER: 19  #########################
           1.40112
 4
37
23
12
47
 2
50
40
         -0.363313
         -0.375244
          0.158429
          0.138505
          0.464089
           -1.1453
          -0.46727
          0.339375
         -0.958815
##################### ACCEPTABLE SUBNET NUMBER: 20  #########################
           1.66475
 3
23
36
 2
 1
16
          0.268291
          0.376162
        -0.0268378
          0.643395
          0.203801
          -1.02192
          -1.08275
##################### ACCEPTABLE SUBNET NUMBER: 21  #########################
           1.63368
 3
31
11
35
 0
          0.558623
          0.666684
        -0.0973937
          0.589187
        -0.0797013
        -0.0831579
##################### ACCEPTABLE SUBNET NUMBER: 22  #########################
           1.81056
16
44
34
 5
11
 6
46
41
19
21
35
49
23
18
45
26
48
 7
 7
42
30
 8
10
 4
29
           1.43046
           1.55688
         0.0923449
           1.23975
          0.651044
         -0.928131
         -0.809403
           1.92506
          0.676349
          0.262379
           1.17731
          0.356384
         -0.744466
          0.372682
          -1.13609
           -1.7397
         -0.536658
         -0.260546
          -2.01272
           1.08931
         -0.218514
           1.21288
          0.883189
         -0.281177
         0.0234377
          -1.65761
##################### ACCEPTABLE SUBNET NUMBER: 23  #########################
           1.23126
 1
 3
 5
44
 2
 7
21
40
         -0.747635
         -0.875662
        -0.0415227
          0.284268
        -0.0804062
        -0.0742246
          -1.59064
         -0.619938
         -0.731872
##################### ACCEPTABLE SUBNET NUMBER: 24  #########################
          0.515032
 3
41
22
32
 2
29
10
          0.787788
          0.770085
          0.735948
          -1.17089
           1.19017
        -0.0630597
           1.13531
          0.880471
##################### ACCEPTABLE SUBNET NUMBER: 25  #########################
            0.6979
 2
 9
31
 4
 5
 7
36
25
           1.90723
          0.166179
         -0.488744
         -0.258147
          -1.04589
          -1.65141
         -0.167119
         -0.497784
         -0.965505
##################### ACCEPTABLE SUBNET NUMBER: 26  #########################
           1.99504
 6
 6
33
46
36
21
43
 5
24
10
32
26
20
       -0.00574782
         0.0921021
            1.4466
           1.97428
          -2.21644
         -0.971354
         -0.656005
         -0.756943
          0.149246
          0.846399
          0.689705
         -0.279382
           1.37445
          -1.66638
##################### ACCEPTABLE SUBNET NUMBER: 27  #########################
          0.854057
 2
24
48
 1
23
           0.66454
           0.18698
         -0.168997
        -0.0150527
         -0.266283
        -0.0740695
##################### ACCEPTABLE SUBNET NUMBER: 28  #########################
          0.579082
 4
30
21
44
49
 1
 4
          0.459962
          0.446632
        -0.0468068
          0.120132
          0.305897
           -1.0271
          0.150404
          0.120344
##################### ACCEPTABLE SUBNET NUMBER: 29  #########################
           1.40798
 7
20
12
10
46
 8
36
33
 4
28
18
13
14
         -0.167259
        -0.0964064
          0.133548
          0.656811
          -1.07171
          0.201492
         -0.465686
        -0.0887913
         -0.116725
         -0.478414
          0.464215
          0.127646
         -0.459723
         -0.123842
##################### ACCEPTABLE SUBNET NUMBER: 30  #########################
           1.44031
 2
12
50
 2
25
 7
         -0.608955
         -0.552203
         0.0576344
          0.385463
         -0.457514
         -0.770784
         -0.240708
##################### ACCEPTABLE SUBNET NUMBER: 31  #########################
            2.8861
 1
 6
 2
 8
33
           1.25958
           1.39334
           1.08865
          0.290195
          0.329406
           0.95238
##################### ACCEPTABLE SUBNET NUMBER: 32  #########################
           1.97156
 4
45
13
16
19
 5
18
37
 8
 6
33
         0.0625938
          0.200464
           1.84606
           1.85541
        0.00980238
        -0.0917473
           2.04628
           1.91909
          0.504711
          0.893872
         0.0651075
         -0.176313
##################### ACCEPTABLE SUBNET NUMBER: 33  #########################
           1.56144
 4
 3
23
41
13
 1
44
         -0.490239
            -0.406
         0.0220939
          0.726523
          0.478353
         -0.488791
          0.597338
          0.127717
##################### ACCEPTABLE SUBNET NUMBER: 34  #########################
          0.529004
 2
35
36
 4
46
24
10
13
          0.937715
          0.921259
          0.358353
          0.897159
         -0.233522
          0.544636
          -2.03123
          0.734936
           0.85516
##################### ACCEPTABLE SUBNET NUMBER: 35  #########################
          0.711858
 3
10
30
 1
 1
26
        -0.0233215
         -0.354063
         -0.152957
         -0.794222
          0.177616
          -0.40198
          -1.28027
##################### ACCEPTABLE SUBNET NUMBER: 36  #########################
           1.50278
 6
47
48
11
49
22
 8
 2
10
46
        -0.0845378
         0.0198629
        -0.0683105
          0.125599
         -0.388468
         -0.610447
         -0.612241
          0.754295
         -0.943885
          0.298536
         -0.574044
##################### ACCEPTABLE SUBNET NUMBER: 37  #########################
          0.754841
 3
24
 6
48
 2
33
13
         -0.209618
         -0.346703
         0.0754907
          0.477438
         -0.870969
         -0.895144
           0.21189
          0.325497
##################### ACCEPTABLE SUBNET NUMBER: 38  #########################
           1.69258
 0
 3
26
20
19
         -0.174032
         -0.515399
        -0.0374277
          0.036825
          -1.27589
         -0.175501
##################### ACCEPTABLE SUBNET NUMBER: 39  #########################
           1.38325
 7
22
30
46
41
42
44
17
 1
39
          -0.41699
         -0.361643
          0.200467
         -0.827646
          0.503247
          -1.33153
         -0.638794
          0.373301
         -0.424525
          -1.59367
          0.238901
##################### ACCEPTABLE SUBNET NUMBER: 40  #########################
           1.00916
 5
13
21
11
27
 4
 4
19
42
23
46
         0.0968468
         0.0646436
         -0.171522
          0.629278
          0.554174
          0.319245
          -1.16068
         -0.394544
          -2.29692
          -0.67014
          0.551311
         -0.316453
##################### ACCEPTABLE SUBNET NUMBER: 41  #########################
          0.817294
 7
 1
 6
36
21
16
31
19
 9
41
28
 8
 4
47
32
15
 9
 7
           1.88182
           1.72139
           1.41526
          0.570964
           1.42722
           1.42316
          0.320011
         -0.876191
          0.501499
         0.0915753
           1.48035
           1.81291
         -0.568795
           1.41816
        -0.0153167
          0.369464
         -0.585965
          0.758436
          -1.21812
##################### ACCEPTABLE SUBNET NUMBER: 42  #########################
           1.30942
 0
 1
33
         -0.908343
         -0.999161
          0.357448
          0.485891
##################### ACCEPTABLE SUBNET NUMBER: 43  #########################
           1.74687
 1
25
 4
10
 1
39
26
          0.542578
          0.667422
           1.06766
        -0.0517574
           1.16857
         -0.436587
          0.431275
         -0.309533
##################### ACCEPTABLE SUBNET NUMBER: 44  #########################
           1.11378
 4
49
21
 3
35
 3
 4
43
40
         0.0983152
         0.0574645
         0.0213192
          0.289353
          0.377688
         -0.260127
         -0.227899
         -0.438025
          0.337214
         -0.260912
##################### ACCEPTABLE SUBNET NUMBER: 45  #########################
            2.1298
 5
45
36
 3
11
27
 1
 7
           1.09537
           1.24305
          0.814364
          0.613766
         -0.375698
         -0.391781
         -0.970478
          0.498396
           0.73186
##################### ACCEPTABLE SUBNET NUMBER: 46  #########################
           1.41693
 2
12
30
 9
33
28
44
 9
 2
 7
 4
 3
10
          0.511896
          0.597121
          0.876106
           1.38214
         0.0538727
          0.405863
           1.23217
         0.0383619
          -1.24991
         -0.797345
         -0.587723
          0.207615
          0.701744
          -1.49437
##################### ACCEPTABLE SUBNET NUMBER: 47  #########################
           1.53712
11
 4
17
49
26
32
20
29
14
15
40
30
 6
41
16
45
46
 1
36
           0.26769
          0.379506
          0.885953
           1.82113
          0.979876
         -0.206368
         -0.574776
          0.303781
           1.52775
          -1.59517
        -0.0255859
          0.245463
          -1.10062
          0.432117
          0.954189
          -1.14282
          -1.00564
          -1.00578
          -1.03814
          -0.99359
##################### ACCEPTABLE SUBNET NUMBER: 48  #########################
           1.44104
 9
10
11
 9
31
16
 6
21
43
32
11
34
36
49
26
46
40
39
17
22
25
 4
         0.0823346
          0.172343
           1.03339
         -0.936678
           1.41758
          0.274352
         -0.560011
         -0.155981
          -1.70494
         -0.193964
          -1.70521
         -0.447739
          0.275989
         -0.577858
          -1.36161
          0.809563
          0.321582
          0.278586
          0.984164
          0.929004
          0.886546
          -1.24433
            0.1404
##################### ACCEPTABLE SUBNET NUMBER: 49  #########################
          0.711607
 2
42
50
 0
           1.12257
          0.837012
         -0.108129
        -0.0510192
         -0.437299
##################### ACCEPTABLE SUBNET NUMBER: 50  #########################
           1.20286
 8
12
 5
10
35
21
14
16
15
 3
 7
20
49
          0.323629
           0.32584
          0.104575
          0.481665
           -1.3876
         -0.276496
         -0.400007
          0.438516
          -2.15413
          -1.71921
         -0.107539
         0.0621387
          0.530972
          -2.08493
##################### ACCEPTABLE SUBNET NUMBER: 51  #########################
           1.22974
 6
 8
21
27
26
46
45
 4
32
50
14
48
         -0.500189
          -1.01664
          -0.19494
         -0.716896
         0.0443066
         -0.702439
          -1.43743
          -1.45243
         -0.469092
         -0.704566
         -0.460344
         -0.519187
           -1.1601
##################### ACCEPTABLE SUBNET NUMBER: 52  #########################
          0.708653
 2
21
34
 2
37
 7
           1.58035
           1.55051
         0.0133363
          0.265961
          -1.18843
        -0.0202591
          -0.44921
##################### ACCEPTABLE SUBNET NUMBER: 53  #########################
           1.46435
 3
19
 5
39
 1
 8
         -0.482542
           -1.4173
         -0.331918
        -0.0834758
           -1.0853
           -1.0618
          -1.10448
##################### ACCEPTABLE SUBNET NUMBER: 54  #########################
          0.479443
 1
12
 3
26
50
16
           1.05405
           1.00315
           1.57374
           1.77273
           1.46032
           1.73957
          0.547796
##################### ACCEPTABLE SUBNET NUMBER: 55  #########################
           1.11087
 2
10
 9
11
37
40
36
 1
 2
24
50
11
 4
41
17
            1.6204
           1.61952
          0.922066
         -0.811858
        -0.0361692
          0.452063
         -0.505001
          0.155539
          0.468765
          0.188394
         -0.412653
          0.820307
          0.578467
         -0.141599
          0.964659
          0.490562
##################### ACCEPTABLE SUBNET NUMBER: 56  #########################
           1.32725
 4
 4
42
28
 9
 4
45
27
36
41
         -0.228295
         -0.135231
         -0.290764
           1.12183
         -0.858069
         -0.619159
          0.421056
          0.288503
         0.0869313
         -0.528303
           -1.1714
##################### ACCEPTABLE SUBNET NUMBER: 57  #########################
             1.301
 4
 5
35
 8
16
 3
36
25
13
          -0.91526
          -1.33918
         -0.419838
         -0.296057
          0.142924
          -0.49002
          -1.75232
         -0.254378
        -0.0756993
         -0.344421
##################### ACCEPTABLE SUBNET NUMBER: 58  #########################
           1.34035
 2
 4
17
 2
 1
47
         -0.718906
         -0.677814
         0.0541373
          0.780735
          -1.19777
         -0.495907
          0.050643
##################### ACCEPTABLE SUBNET NUMBER: 59  #########################
          0.724852
17
16
28
 9
18
41
14
24
 2
36
25
20
44
26
19
31
29
 8
 5
33
49
37
47
 4
          0.644736
           0.66693
          0.511292
          0.647734
          0.997073
         -0.644817
         -0.344036
        -0.0159564
          -1.62688
          0.479381
         -0.582381
           1.01547
           -1.3532
          0.351902
          0.581096
          -1.61387
          0.472364
          -0.93106
          -1.40686
          0.829659
          0.733907
          0.703628
           0.59631
          -0.62579
          0.831603
##################### ACCEPTABLE SUBNET NUMBER: 60  #########################
           1.03696
 5
49
36
40
42
25
10
43
45
 6
16
29
33
32
 3
 9
15
           1.02078
          0.878799
          0.750278
          0.981486
         -0.198753
          -1.28278
         -0.830514
         0.0475254
           1.09745
        -0.0608129
           -1.2458
         -0.679007
          0.146801
          0.783199
         -0.227286
          0.119068
          0.485433
          -1.18271
##################### ACCEPTABLE SUBNET NUMBER: 61  #########################
            1.3778
 2
15
31
 4
 9
33
40
16
          0.160657
          0.251627
          0.132916
          0.398449
          0.516794
         0.0708027
         0.0901578
         -0.830014
          -1.54597
##################### ACCEPTABLE SUBNET NUMBER: 62  #########################
           1.82706
 4
22
48
20
 7
10
15
46
45
41
21
39
27
26
19
 4
           1.36517
           1.47404
           1.01036
           0.80072
            1.4784
          0.270286
           0.69048
          0.457641
           1.20168
          0.519583
          -0.60863
          -0.65686
          0.193155
          -1.41418
         0.0263397
          0.171192
         -0.220794
##################### ACCEPTABLE SUBNET NUMBER: 63  #########################
           1.84956
 3
47
14
16
 0
         -0.204421
         -0.172338
        -0.0287781
          0.191405
         0.0329447
         -0.135129
##################### ACCEPTABLE SUBNET NUMBER: 64  #########################
           1.66285
12
21
13
12
33
41
 4
 6
29
28
26
34
 7
14
23
45
 3
37
 2
31
32
39
50
 8
35
10
 1
 9
          0.837061
          0.917597
          0.827854
           1.95264
          0.969057
          0.535453
         -0.497989
         -0.725783
         -0.257083
           -0.8841
           1.66383
          0.798824
          -1.45004
           1.17859
          -1.17911
           1.00666
           1.60631
           1.12732
          0.149131
          -1.96781
           0.32895
          0.594748
          0.557979
         -0.452669
         0.0429693
            1.4072
         -0.317839
          0.123607
          0.419115
##################### ACCEPTABLE SUBNET NUMBER: 65  #########################
          0.861313
 2
 1
44
 0
         -0.239402
         -0.440474
        -0.0663223
          0.209638
         -0.384241
##################### ACCEPTABLE SUBNET NUMBER: 66  #########################
          0.733885
 2
31
25
 1
29
          0.793858
          0.706422
        -0.0147826
         0.0790628
        -0.0404279
          0.034874
##################### ACCEPTABLE SUBNET NUMBER: 67  #########################
          0.781602
 2
24
42
 3
33
35
16
           0.30482
        -0.0909283
         -0.134127
         -0.204444
        -0.0706683
         -0.150808
         -0.611065
         -0.242488
##################### ACCEPTABLE SUBNET NUMBER: 68  #########################
           1.43126
 2
11
 8
 9
 7
10
20
34
14
32
13
46
 4
        -0.0238038
         0.0652455
          0.123685
          0.421774
         -0.688437
         -0.017672
        -0.0947439
          -1.36669
          -1.34069
         -0.671832
         -0.618666
          -1.11302
          -1.24503
          -1.29312
##################### ACCEPTABLE SUBNET NUMBER: 69  #########################
           1.46826
 1
29
 4
11
30
27
19
         -0.969732
          -1.19523
          -1.70084
          0.530279
         -0.281731
          0.554677
         -0.213294
         -0.929736
##################### ACCEPTABLE SUBNET NUMBER: 70  #########################
           1.97475
 7
 6
 4
48
35
 3
17
33
11
18
16
27
50
 2
37
21
 9
39
11
43
         0.0112562
          0.145478
           1.70624
           1.95259
          0.365654
         -0.988708
         -0.159795
          0.126132
           1.01085
         0.0325799
           1.77123
          0.185435
           1.12229
          0.386256
          0.593566
          0.423467
          0.422045
          0.284248
          0.635242
         -0.266321
          0.284097
##################### ACCEPTABLE SUBNET NUMBER: 71  #########################
           1.55887
 2
 9
45
 6
39
 2
33
44
 7
41
         -0.485359
         -0.709243
         0.0160467
         -0.694946
         -0.146511
         0.0882217
          -1.00228
         -0.755669
         -0.774171
         -0.767162
         -0.774106
##################### ACCEPTABLE SUBNET NUMBER: 72  #########################
           1.44287
 2
25
12
 6
22
18
34
15
 2
48
          0.268162
          0.366645
           0.14128
          0.506277
         -0.224739
         -0.924134
          -1.01768
         0.0983538
         -0.362356
          -1.15119
          -1.15119
##################### ACCEPTABLE SUBNET NUMBER: 73  #########################
           1.45447
 1
43
 0
         -0.909305
          -1.16833
          -3.27961
          0.170985
##################### ACCEPTABLE SUBNET NUMBER: 74  #########################
           1.33707
 5
45
 4
19
37
23
 3
 2
27
47
         -0.611054
         -0.957476
         -0.141129
        -0.0913794
        -0.0398203
         -0.625912
         -0.626368
          -2.12604
          -0.50723
         -0.516196
         -0.623301
##################### ACCEPTABLE SUBNET NUMBER: 75  #########################
           1.50556
 9
13
14
47
20
 8
27
34
 3
49
 0
         0.0661918
          0.161184
         -0.283824
          0.642484
         -0.983015
          0.237947
          -1.02656
          -1.17501
           -1.0356
          -2.14289
          0.522148
          -1.66627
----------Number of Acceptable Subnets found: 75 -----------
----------END FOR GENE 38 -----------
--------START FOR GENE 39 -----------
 Values arranged as error, n_ka, gene ids for ka, n_kd, gene ids for kd,
 r0, d, ea, ka_values, kd_values for each subnet. 
##################### ACCEPTABLE SUBNET NUMBER: 1  #########################
            2.6151
 4
 6
25
 3
 1
 8
14
45
44
38
47
17
 7
12
           1.45195
           1.40381
          0.508496
           1.05816
          0.784031
         -0.174263
          0.910823
           1.07898
          0.317924
         -0.681753
          -0.26874
         -0.650687
         -0.338321
          0.408815
          0.193812
##################### ACCEPTABLE SUBNET NUMBER: 2  #########################
           1.98414
11
 1
50
13
34
 4
25
28
41
17
 9
11
 5
14
46
40
22
20
           1.30757
           1.26316
           1.46309
           1.85334
          0.323563
          0.342086
           1.39341
          0.208421
          0.339187
         0.0434813
          0.442947
          -1.29146
         -0.704112
        -0.0775685
           1.71724
           1.39653
          -1.14447
           0.30285
          0.491488
##################### ACCEPTABLE SUBNET NUMBER: 3  #########################
           2.51903
 9
48
30
42
43
38
 2
33
26
 7
 8
20
19
46
45
 8
22
 6
23
           1.04196
           1.00892
          0.133364
          0.922534
           1.61432
           1.25224
          0.416074
          -0.11935
           1.14956
          0.291993
          -1.29786
           0.76407
           1.41705
          0.474243
           1.15314
          0.217123
         -0.670988
          0.154724
         -0.903015
          0.410789
##################### ACCEPTABLE SUBNET NUMBER: 4  #########################
           1.06405
 7
 7
33
 3
16
10
45
28
 4
 2
24
36
 1
          0.638352
          0.291762
          0.236812
         -0.550577
          0.225719
          -1.29777
          -0.13545
          0.391745
          0.445162
         -0.647885
           1.16206
         -0.990305
         -0.914679
          0.413586
##################### ACCEPTABLE SUBNET NUMBER: 5  #########################
          0.450387
 4
29
28
33
48
 1
 2
           1.34747
           1.03128
          0.434237
          0.562038
          -0.10761
          0.502958
          0.240158
           1.32811
##################### ACCEPTABLE SUBNET NUMBER: 6  #########################
           1.65733
 8
16
 1
 7
42
26
23
28
49
 3
 2
44
47
           1.13265
           1.11058
          0.537042
          0.214139
          0.409344
          0.790311
          0.914538
          0.454412
         -0.506305
         0.0706889
         -0.216125
           1.36839
          -1.26104
         -0.519043
##################### ACCEPTABLE SUBNET NUMBER: 7  #########################
           1.86597
 6
32
25
10
38
33
28
 1
 2
          0.879353
          0.890373
          -1.28223
          0.943976
            1.3034
           0.38608
         -0.714323
         -0.319589
         -0.628111
           1.56929
##################### ACCEPTABLE SUBNET NUMBER: 8  #########################
            2.5441
 3
30
27
41
 2
 2
 5
           1.23562
           1.20733
          0.299061
          0.741034
         -0.659761
          0.113274
           1.03814
         -0.622428
##################### ACCEPTABLE SUBNET NUMBER: 9  #########################
           2.65587
 3
35
10
21
 3
 2
34
46
          0.915483
          0.870918
          0.635829
          0.122176
          0.287899
          0.729936
             1.284
         -0.075009
           0.33594
##################### ACCEPTABLE SUBNET NUMBER: 10  #########################
           1.81615
 3
48
 1
27
 6
17
38
14
46
16
31
          0.817602
           0.78929
           0.39441
           0.88424
            1.3492
          -0.52063
          0.939793
          0.645006
           1.14046
          -1.17502
         -0.660098
         -0.174818
##################### ACCEPTABLE SUBNET NUMBER: 11  #########################
           2.86034
 1
26
 3
 2
 7
14
           1.11666
           1.16064
          0.740388
           1.88081
           1.61316
           1.21433
          -1.78737
##################### ACCEPTABLE SUBNET NUMBER: 12  #########################
           1.42025
 3
 9
 1
34
 3
47
 8
30
          0.667459
           0.32335
        -0.0479313
          0.325535
          0.435605
         -0.185298
         0.0509552
           0.46325
         -0.393184
##################### ACCEPTABLE SUBNET NUMBER: 13  #########################
           2.28741
 4
 5
23
 6
48
 4
12
 2
 9
30
           1.24377
           1.15763
          0.546224
          0.378028
          -1.58456
          0.520461
         -0.465939
         -0.183813
           1.23736
         -0.551747
         -0.465939
##################### ACCEPTABLE SUBNET NUMBER: 14  #########################
           2.16448
 8
22
 1
25
26
14
18
35
49
 4
10
17
48
40
           0.11765
        -0.0104554
         -0.423456
         -0.420416
          0.308521
       -0.00289144
         0.0800622
         -0.379564
         -0.741478
          -1.54642
          -1.38356
         -0.205831
         -0.333233
         -0.380266
          -1.38356
##################### ACCEPTABLE SUBNET NUMBER: 15  #########################
           5.48221
 1
30
 3
23
19
24
          0.202344
           0.17046
         -0.310574
          0.561845
         -0.852553
          0.138109
         -0.622535
##################### ACCEPTABLE SUBNET NUMBER: 16  #########################
            5.6085
 3
30
 8
29
 2
28
13
        -0.0667711
         -0.184937
         0.0498418
          0.391395
          -1.25528
        -0.0584595
           0.30592
         -0.261011
##################### ACCEPTABLE SUBNET NUMBER: 17  #########################
           5.35465
 5
42
30
20
34
23
 5
40
19
35
12
14
           1.10411
           1.14674
          0.459942
           1.04413
          0.255975
         -0.476408
          -1.47057
         -0.870933
          0.137552
          0.663137
            0.1201
          0.467374
          0.848445
##################### ACCEPTABLE SUBNET NUMBER: 18  #########################
           5.05499
 7
35
11
42
 7
38
29
32
 3
40
 2
33
         -0.169322
         -0.771682
         -0.219724
         -0.669989
         -0.194944
         -0.173311
         -0.159812
         -0.147842
         -0.577838
          -1.34913
          -0.80889
          0.318043
         -0.587838
##################### ACCEPTABLE SUBNET NUMBER: 19  #########################
           5.80592
 3
34
33
 4
 7
43
20
 8
27
48
46
19
          0.872333
          0.914294
          0.740771
        -0.0850363
           1.57259
          0.709905
          0.965991
         -0.289988
         -0.692849
          0.579961
          -1.15679
         -0.751059
          -1.10777
##################### ACCEPTABLE SUBNET NUMBER: 20  #########################
           5.48265
11
49
 8
42
10
28
44
13
47
32
31
43
 5
40
 7
34
36
25
           1.79664
           1.81221
           1.05178
          0.912165
           1.09748
           1.63575
          0.614005
         -0.362347
          0.141477
         -0.265851
           -1.1057
         -0.541144
         0.0494384
         -0.269987
            1.4065
          0.873667
           -1.9705
         -0.131138
         -0.104742
##################### ACCEPTABLE SUBNET NUMBER: 21  #########################
           5.72217
 4
 9
25
42
 5
 2
 4
44
           0.76693
          0.813939
          0.410454
          0.210133
           1.04592
         -0.521706
          0.194414
          0.646102
          -1.39346
##################### ACCEPTABLE SUBNET NUMBER: 22  #########################
           3.05212
 3
45
 1
32
 2
44
 4
           1.09382
           1.05637
          0.621515
          0.310819
          0.964323
         -0.763098
          0.765061
          0.545764
##################### ACCEPTABLE SUBNET NUMBER: 23  #########################
           5.93191
 4
18
17
37
43
 2
12
48
           1.42359
           1.40606
          0.073849
          0.466712
         -0.618857
          -1.02934
           -1.9691
        -0.0450084
         -0.920888
##################### ACCEPTABLE SUBNET NUMBER: 24  #########################
           4.40049
 2
16
18
 3
38
11
 2
          0.527961
          0.541989
          -0.29173
          0.263818
          0.628628
        0.00892205
          -1.41626
           -1.4497
##################### ACCEPTABLE SUBNET NUMBER: 25  #########################
           4.29081
 1
26
 3
17
14
16
           1.13746
           1.18229
         -0.507934
           1.20372
          0.351827
         -0.359335
         -0.351461
##################### ACCEPTABLE SUBNET NUMBER: 26  #########################
           2.87837
 9
15
26
 1
36
 7
32
34
45
17
 2
44
40
           1.78869
           1.75129
            1.6418
           0.59431
           1.58741
           1.99829
          -1.77189
          0.601615
          0.783464
           -1.4735
          -1.89978
           1.16831
           1.82483
           -0.7378
##################### ACCEPTABLE SUBNET NUMBER: 27  #########################
           4.39178
 2
42
26
 3
 3
16
44
          0.770112
          0.760207
          0.103851
          0.487345
         -0.576377
         -0.360773
         -0.664673
          0.334433
##################### ACCEPTABLE SUBNET NUMBER: 28  #########################
           3.63755
 9
42
33
38
30
37
11
14
35
 8
 6
28
25
34
41
49
26
          0.793404
          0.764588
         -0.352863
           1.33434
            1.1044
          0.389429
         -0.515612
         -0.144924
          0.373298
         -0.717932
          -1.22258
         -0.341826
           1.41725
          0.918313
          0.751898
          0.719758
          0.479524
         -0.663811
##################### ACCEPTABLE SUBNET NUMBER: 29  #########################
           5.86658
 5
42
24
26
43
27
 7
36
 9
14
29
37
44
11
          0.570127
          0.618046
          0.443546
           1.42748
          0.550683
           1.72314
          -0.10701
         -0.918085
           1.18847
           1.04964
         -0.432996
          0.111499
         -0.302467
         -0.889738
          -1.60371
##################### ACCEPTABLE SUBNET NUMBER: 30  #########################
           5.35404
 4
 1
 2
 7
 4
 8
12
23
41
34
44
46
32
11
           1.33019
           1.36006
           1.03705
           1.38873
          0.478329
          0.511023
          0.326459
        -0.0601813
           1.09455
         -0.885549
          0.833036
          -1.08009
         -0.276327
          -1.22646
         -0.729422
##################### ACCEPTABLE SUBNET NUMBER: 31  #########################
            3.4684
 4
40
19
13
28
 5
 2
16
42
33
14
          0.160586
         -0.600034
         -0.209195
         -0.121893
          -1.24729
         -0.428593
         -0.379042
          0.525142
          -1.24463
          -1.31546
         -0.201436
          -1.25766
##################### ACCEPTABLE SUBNET NUMBER: 32  #########################
           2.68886
 1
30
 1
 2
          0.400133
          0.382904
         0.0298631
          0.882459
            1.0881
##################### ACCEPTABLE SUBNET NUMBER: 33  #########################
           5.14179
 1
 6
 1
50
          0.320572
          -1.28711
         -0.456411
         -0.225898
          -1.36955
##################### ACCEPTABLE SUBNET NUMBER: 34  #########################
           5.00005
 5
18
36
38
28
 7
 2
50
20
           1.97463
           1.99012
          0.111765
          0.696332
         -0.946656
         -0.704158
         -0.202932
         0.0266286
          0.178085
         -0.386967
##################### ACCEPTABLE SUBNET NUMBER: 35  #########################
           5.03073
 1
26
 0
          0.779227
          0.822965
         -0.501707
          0.918135
##################### ACCEPTABLE SUBNET NUMBER: 36  #########################
           4.37659
 5
18
21
 9
26
36
25
23
 7
25
 4
28
47
27
24
35
20
50
48
31
 8
16
42
 3
34
33
 1
29
15
45
11
37
          0.465567
          0.486599
          0.633365
           1.99618
         -0.339377
        -0.0606359
          -1.20139
          -2.19579
           1.43825
           1.66135
           0.52354
          0.580418
         -0.186894
         -0.223874
          0.147101
          0.775518
         -0.465066
           1.13937
          0.610351
         -0.794222
         -0.800986
          0.466508
          -2.26078
           -0.7109
          -1.10351
          -2.19774
          0.388193
          0.827937
         -0.810653
          -0.58022
          -1.02161
         -0.674461
         -0.775224
##################### ACCEPTABLE SUBNET NUMBER: 37  #########################
           5.86135
 5
16
26
 6
41
 1
 5
31
22
40
19
27
           1.83496
           1.85331
          0.940804
         0.0728951
          0.124115
          0.573738
          -1.12117
           1.26463
          0.956631
         -0.491852
          0.808584
          -2.88242
          -1.52894
##################### ACCEPTABLE SUBNET NUMBER: 38  #########################
           5.13821
 1
 6
 1
26
          0.039895
          -1.82401
         -0.516671
          -0.14078
          0.147685
##################### ACCEPTABLE SUBNET NUMBER: 39  #########################
           5.39921
 3
 2
15
47
 1
10
         -0.359799
          -3.17422
          -0.83369
         -0.642807
         -0.143094
          -1.56186
          0.157605
##################### ACCEPTABLE SUBNET NUMBER: 40  #########################
           5.42396
 6
36
 4
40
 3
37
 9
 2
44
47
            1.9657
           1.85364
           1.44466
            1.6152
          0.119107
          0.719806
         -0.297919
          0.135621
         -0.774437
           1.67534
           1.02322
##################### ACCEPTABLE SUBNET NUMBER: 41  #########################
           4.27649
 1
42
 2
28
43
          0.515213
          0.499656
          0.758076
           1.13518
            1.1991
          -1.71323
##################### ACCEPTABLE SUBNET NUMBER: 42  #########################
           3.56651
 4
32
 6
27
34
 5
50
22
 8
15
 5
          0.210104
        -0.0724424
          0.306462
          0.632628
           1.00158
         -0.701472
         -0.252984
          0.870537
          0.883517
          0.871772
        -0.0814694
         -0.265806
##################### ACCEPTABLE SUBNET NUMBER: 43  #########################
           4.99967
11
16
 9
30
48
25
36
 8
38
10
44
18
 8
34
20
19
45
17
12
42
40
          0.866756
          0.912075
          0.412815
           1.65552
          0.800119
        -0.0773605
          0.195215
          0.849205
          -1.16566
         -0.113698
         -0.170432
          0.589793
          0.298083
          -1.06686
          -1.12125
          0.756222
         -0.158171
         -0.132443
          0.816212
          -1.66657
         -0.964805
         -0.240008
##################### ACCEPTABLE SUBNET NUMBER: 44  #########################
           4.27815
 0
 1
 2
          0.613232
          0.620963
          0.319102
          0.862659
##################### ACCEPTABLE SUBNET NUMBER: 45  #########################
           4.62814
 3
16
43
 1
 5
45
13
47
10
23
           1.51947
           1.56096
          0.263193
           1.65602
         -0.439483
            1.3706
           1.03489
         -0.938777
          0.876363
          -1.14426
        -0.0372434
##################### ACCEPTABLE SUBNET NUMBER: 46  #########################
           5.72634
 1
 1
 6
 9
31
23
 8
42
16
         0.0761415
         -0.836454
         -0.249736
         -0.024979
         -0.226589
          -1.31414
          -1.42641
        -0.0959007
          -0.17956
          -1.32194
##################### ACCEPTABLE SUBNET NUMBER: 47  #########################
           4.34553
 4
26
18
31
25
 2
24
17
           1.31698
           1.36217
          0.568244
           1.92466
         0.0152772
         -0.183113
         -0.557041
          0.952126
           1.06615
##################### ACCEPTABLE SUBNET NUMBER: 48  #########################
           2.02833
 4
 1
18
 7
23
 3
10
17
22
          0.663361
          0.635297
          0.051081
          0.728389
          0.560846
          0.201283
         -0.205882
          0.105949
          0.494575
         -0.246098
##################### ACCEPTABLE SUBNET NUMBER: 49  #########################
           5.78798
 1
 5
 2
 2
21
          -0.40949
          -1.04144
         -0.189491
        -0.0230301
          0.321789
         -0.790973
##################### ACCEPTABLE SUBNET NUMBER: 50  #########################
           5.70554
 6
30
19
35
18
 4
50
 4
27
 3
26
17
           1.12057
           1.01451
          0.429521
         -0.501288
         -0.088525
         -0.956716
         -0.762712
         -0.231205
          -1.33547
          0.366148
        -0.0803359
          0.370264
          0.435664
##################### ACCEPTABLE SUBNET NUMBER: 51  #########################
           1.76852
 3
14
50
 6
 4
 2
29
46
22
           1.33305
           1.08082
           1.10747
          0.921345
           1.13864
         -0.472129
           1.91439
         -0.627496
          -0.91678
         -0.198966
##################### ACCEPTABLE SUBNET NUMBER: 52  #########################
            4.4151
 3
18
42
32
 2
48
17
           0.24254
          0.150511
         -0.359722
         0.0778532
          0.213104
         0.0199582
          -0.82262
         -0.137368
##################### ACCEPTABLE SUBNET NUMBER: 53  #########################
           5.85947
 1
26
 6
 4
20
19
44
42
35
         0.0629073
          0.107125
         -0.162155
           1.03802
        -0.0188275
          -1.35948
          -1.39653
          -1.39653
          -2.44433
          -2.44433
##################### ACCEPTABLE SUBNET NUMBER: 54  #########################
           2.02756
 3
40
23
16
 5
 2
24
17
32
21
            1.6284
           1.48296
          0.929742
            0.9257
         -0.574445
          -1.61152
           1.67625
          0.162747
         -0.192167
         0.0436271
           0.20719
##################### ACCEPTABLE SUBNET NUMBER: 55  #########################
           4.08224
 0
 5
43
49
22
47
26
           1.79483
           1.52903
           1.72726
           1.88728
         0.0344352
         -0.163844
          0.561639
           1.73875
##################### ACCEPTABLE SUBNET NUMBER: 56  #########################
           7.15309
 1
 6
 1
 8
         -0.554628
         -0.832395
        -0.0435735
         0.0919416
          -1.37389
##################### ACCEPTABLE SUBNET NUMBER: 57  #########################
           7.45532
 1
29
 3
10
46
34
         -0.230607
         -0.779747
        -0.0932326
         -0.337324
          0.140543
         -0.720494
         0.0393218
##################### ACCEPTABLE SUBNET NUMBER: 58  #########################
           8.88467
29
50
22
37
31
33
12
46
27
11
 7
40
10
14
35
38
20
34
 6
 5
48
13
44
16
21
 1
49
29
23
 3
14
47
18
43
25
 8
 4
42
17
36
 9
15
28
32
24
         -0.826531
         -0.785959
           1.40136
        -0.0612566
          0.115334
         -0.204126
          0.102443
         0.0993904
         -0.220647
         -0.218452
          0.335519
          0.315106
          0.307915
          0.334052
           0.34704
         -0.978753
         -0.977326
          0.823162
         -0.979221
           1.60788
          -1.98093
           1.62412
         -0.233461
         -0.685937
          0.902402
         0.0504147
           -1.3952
         0.0504147
           -1.3952
          0.214521
         0.0237464
         -0.265372
         0.0947851
          0.360352
          0.926965
           -1.9812
           -1.9804
         -0.267222
          -0.26759
         -0.268089
          -2.19048
         -0.536488
          -1.30234
          -1.81511
          -1.81511
          -2.36342
##################### ACCEPTABLE SUBNET NUMBER: 59  #########################
            5.9649
 2
48
18
 3
16
31
30
          0.809351
           0.56703
         -0.301184
          0.253827
         -0.310588
          0.233986
         0.0116451
         -0.200804
##################### ACCEPTABLE SUBNET NUMBER: 60  #########################
           5.33353
 3
25
26
41
 3
42
32
33
         0.0127747
         0.0109888
         -0.264351
          0.412817
          0.150838
         -0.516706
           -0.5755
         -0.487412
          -1.04688
##################### ACCEPTABLE SUBNET NUMBER: 61  #########################
           5.57934
11
47
17
 1
15
49
18
40
13
 9
16
 5
 4
44
36
34
41
           1.79803
           1.73664
           1.39696
         -0.851771
         -0.759124
         -0.520208
           1.09399
           1.52854
          0.211867
        -0.0424488
          0.532534
         -0.118245
          -1.43983
         -0.121439
           1.59847
         -0.901985
           -0.2803
         -0.648846
##################### ACCEPTABLE SUBNET NUMBER: 62  #########################
           8.48339
 6
24
38
42
37
 1
35
 4
46
 7
 3
 9
          -0.86268
          -4.59108
        -0.0182331
          -0.70824
         -0.968206
         -0.685824
         -0.141026
          -1.33363
           -1.3457
         -0.617795
          0.816215
         -0.245711
          -1.19404
##################### ACCEPTABLE SUBNET NUMBER: 63  #########################
            5.1681
 1
26
 6
20
27
 6
35
 5
47
          0.589283
          0.631356
          0.280261
           1.57225
        -0.0849085
         -0.042123
        -0.0411682
          0.600594
          0.518819
         -0.284935
##################### ACCEPTABLE SUBNET NUMBER: 64  #########################
           7.73376
 1
33
 1
34
         -0.929291
         -0.973459
           1.02625
          0.240839
           1.07352
##################### ACCEPTABLE SUBNET NUMBER: 65  #########################
           8.91998
 0
 1
 7
         -0.372633
         -0.787496
        -0.0675929
         -0.678267
##################### ACCEPTABLE SUBNET NUMBER: 66  #########################
           6.69093
 5
22
16
 3
50
 7
 8
37
13
 4
32
20
41
27
26
           1.85843
           1.86915
           1.69899
           1.10698
          0.175135
          0.225751
          0.909654
          0.520069
           1.27334
           1.58825
           1.38146
          0.307978
          0.653822
           1.56095
           1.40004
          -0.85228
##################### ACCEPTABLE SUBNET NUMBER: 67  #########################
           7.45486
 2
38
43
 1
49
         -0.672536
          -0.78142
        -0.0835874
          0.186277
         -0.998205
            -1.013
##################### ACCEPTABLE SUBNET NUMBER: 68  #########################
           5.49573
 3
25
 2
 4
 6
 3
17
 7
23
19
22
           1.80072
           1.84419
           1.61686
           2.37703
           1.04063
          0.684488
           1.86139
          0.137854
           1.50531
           1.95022
           0.92762
          0.864241
##################### ACCEPTABLE SUBNET NUMBER: 69  #########################
           4.46347
 3
25
 3
 5
 2
40
35
           1.08331
           1.10044
          0.570167
           1.20309
         -0.689683
         -0.690683
          0.835045
          -0.42539
##################### ACCEPTABLE SUBNET NUMBER: 70  #########################
           8.08527
 0
 2
13
19
          0.505926
            0.4664
          0.158038
         0.0594718
         -0.782261
##################### ACCEPTABLE SUBNET NUMBER: 71  #########################
           8.91964
 1
48
 0
         -0.158319
         -0.780373
         -0.139811
          -1.03174
##################### ACCEPTABLE SUBNET NUMBER: 72  #########################
           9.96612
 0
 1
31
         0.0421053
        -0.0757208
          0.061316
         -0.125422
##################### ACCEPTABLE SUBNET NUMBER: 73  #########################
           6.47482
 0
 3
17
 7
14
          0.811687
          0.853949
           1.45537
           1.43086
          0.645478
         -0.329953
##################### ACCEPTABLE SUBNET NUMBER: 74  #########################
             8.575
 3
19
32
 6
 4
12
 5
41
38
           1.77292
           1.82545
           1.14682
        -0.0200186
         -0.633594
          -0.84639
           1.00491
         -0.585418
         -0.909461
           -1.6054
##################### ACCEPTABLE SUBNET NUMBER: 75  #########################
           8.81341
 1
10
 2
17
23
         -0.732208
         -0.698943
           1.12168
          0.684864
          0.921218
         0.0471387
----------Number of Acceptable Subnets found: 75 -----------
----------END FOR GENE 39 -----------
--------START FOR GENE 40 -----------
 Values arranged as error, n_ka, gene ids for ka, n_kd, gene ids for kd,
 r0, d, ea, ka_values, kd_values for each subnet. 
##################### ACCEPTABLE SUBNET NUMBER: 1  #########################
           1.80754
 2
31
32
 2
24
28
           1.08389
           1.12718
          -1.67365
          0.334194
         -0.011255
         -0.616733
         -0.163287
##################### ACCEPTABLE SUBNET NUMBER: 2  #########################
           1.27386
 8
12
36
44
 5
42
29
20
32
 3
 9
25
17
          0.311864
           0.33871
         -0.138118
          0.233312
          0.231478
         -0.938508
         -0.222708
           0.18636
          -0.81911
         -0.014447
         -0.806913
         0.0578147
        0.00175563
          -1.10064
##################### ACCEPTABLE SUBNET NUMBER: 3  #########################
           1.70122
 4
12
11
25
28
 1
 7
           1.56079
            1.6073
         0.0230386
          0.386299
         -0.296482
         -0.262328
         -0.678542
        -0.0670473
##################### ACCEPTABLE SUBNET NUMBER: 4  #########################
           1.39578
 4
31
29
14
11
 0
          0.839507
          0.879708
        -0.0205823
          0.199198
        -0.0700223
          0.466516
         -0.955548
##################### ACCEPTABLE SUBNET NUMBER: 5  #########################
          0.657328
 1
27
10
41
10
24
46
38
16
29
30
26
35
           1.38182
           1.32594
           0.71986
           1.46481
          0.988872
          0.139344
          0.777776
           0.67939
          0.954854
           1.01578
          -0.37299
         -0.134807
         -0.252653
           1.26383
##################### ACCEPTABLE SUBNET NUMBER: 6  #########################
            1.9832
 7
39
48
 7
21
17
31
23
 4
33
25
 1
32
           1.86608
           1.89911
          0.499985
           1.02324
           1.08997
          0.534526
           1.00391
         -0.227289
          -1.62688
         -0.179304
           1.09377
          -0.78895
          0.105412
        -0.0472686
##################### ACCEPTABLE SUBNET NUMBER: 7  #########################
           1.48936
 5
31
36
38
33
17
 2
24
 7
         -0.119417
         -0.395952
         -0.132858
          -0.56001
        -0.0390182
         -0.501003
         -0.668013
          -0.64221
         -0.386671
         -0.745464
##################### ACCEPTABLE SUBNET NUMBER: 8  #########################
           2.03983
 7
12
27
31
45
 5
37
 2
 0
         -0.599257
          -1.08543
         -0.225872
           -2.0372
          -0.19288
          -1.68448
         -0.413302
          -1.41837
         -0.503186
         -0.514398
##################### ACCEPTABLE SUBNET NUMBER: 9  #########################
           1.52349
 3
27
31
36
 0
          0.148733
          0.190029
         -0.053637
          0.226455
          0.261645
          0.136234
##################### ACCEPTABLE SUBNET NUMBER: 10  #########################
           1.96794
 1
27
 0
          -1.06422
          -1.01967
        -0.0558778
          0.157108
##################### ACCEPTABLE SUBNET NUMBER: 11  #########################
          0.731763
 5
12
42
13
26
18
 4
49
16
10
30
          0.388021
          0.342358
        -0.0251711
          0.329101
          0.169639
         0.0272294
          -1.19358
         -0.191041
          0.155816
         -0.267243
          0.112453
          0.223552
##################### ACCEPTABLE SUBNET NUMBER: 12  #########################
           1.35509
 2
27
17
 0
         -0.381111
         -0.915282
         -0.229015
         -0.165935
           -1.1525
##################### ACCEPTABLE SUBNET NUMBER: 13  #########################
           1.22168
 7
27
31
36
29
43
 2
25
 2
12
45
        -0.0750267
         -0.094106
         -0.194475
          0.398551
          0.109888
          0.294602
         -0.707937
          -1.10654
          0.164972
         -0.606897
          -1.05442
          0.232843
##################### ACCEPTABLE SUBNET NUMBER: 14  #########################
           1.14585
 7
12
31
 5
20
17
 9
25
 4
42
35
32
30
           1.18432
           1.22469
          0.634581
           1.64158
           1.53497
          0.230804
           1.50872
          0.292634
           -1.1362
          0.939031
           1.37705
           0.82645
         -0.221582
        -0.0680944
##################### ACCEPTABLE SUBNET NUMBER: 15  #########################
          0.802957
 3
36
30
12
 3
21
 2
25
           1.00016
          0.967082
         -0.117795
          0.272498
         -0.478048
         -0.817376
          0.101648
          -2.19884
         -0.571992
##################### ACCEPTABLE SUBNET NUMBER: 16  #########################
            1.3446
 7
27
36
49
26
17
 3
42
 1
45
          0.290751
          0.303463
         -0.175394
          0.298343
          0.225558
          0.119082
          -1.51535
         -0.990179
         -0.188328
          -1.00032
         0.0297241
##################### ACCEPTABLE SUBNET NUMBER: 17  #########################
           1.48563
 2
27
31
 0
         -0.101087
        -0.0524466
        -0.0747854
          0.405342
         0.0970827
##################### ACCEPTABLE SUBNET NUMBER: 18  #########################
           1.19593
 2
12
27
 0
         -0.248582
         -0.770594
         -0.216194
          -1.14458
         -0.157824
##################### ACCEPTABLE SUBNET NUMBER: 19  #########################
           1.82004
 3
21
22
37
 1
33
          -1.20667
           -1.0839
          -2.18893
          -1.87198
           -2.1086
          0.445508
          0.244642
##################### ACCEPTABLE SUBNET NUMBER: 20  #########################
           1.41323
12
12
27
31
36
 6
49
 1
32
48
 2
26
37
 6
21
22
30
42
39
10
         -0.206248
         -0.161886
          -0.10713
         -0.262012
          0.353562
        -0.0481524
          0.158781
         -0.505885
         -0.280687
         -0.920438
          -0.29382
         -0.149028
          -0.34116
         -0.357828
         -0.716813
         -0.397245
         -0.200412
         -0.963204
         -0.270611
         -0.970345
         -0.714209
##################### ACCEPTABLE SUBNET NUMBER: 21  #########################
            1.3329
 5
12
27
31
48
 2
 2
 9
 5
         -0.128888
         -0.587533
         -0.183918
         -0.540977
          -0.13773
         -0.539464
          -1.32969
          -1.31969
          -1.32171
          -1.24508
##################### ACCEPTABLE SUBNET NUMBER: 22  #########################
            1.6483
 2
31
47
 0
         0.0717321
          0.110534
        -0.0315641
          0.300201
         -0.889611
##################### ACCEPTABLE SUBNET NUMBER: 23  #########################
            1.2265
 5
12
29
16
 9
13
 2
46
41
          0.580231
          0.608319
          0.232695
          0.443486
          -1.10703
         -0.935425
          -1.79496
          0.393876
          0.273336
          -1.36028
##################### ACCEPTABLE SUBNET NUMBER: 24  #########################
             1.384
 2
27
31
 2
30
33
          0.678851
          0.726756
         -0.096129
          0.435737
         0.0399816
          -1.09853
          -1.09407
##################### ACCEPTABLE SUBNET NUMBER: 25  #########################
          0.851094
 6
27
31
36
21
22
24
 5
 6
30
19
16
44
         -0.548157
         -0.787222
         -0.139166
         -0.622375
           -1.5949
       -0.00168866
          -1.96577
         -0.710319
         -0.754893
        -0.0533216
         0.0542002
         -0.721417
         -0.674418
          -1.20294
##################### ACCEPTABLE SUBNET NUMBER: 26  #########################
          0.206774
 1
27
 3
 6
32
19
          0.319009
          0.274731
         -0.103077
          0.379136
           0.22478
         -0.248624
         -0.224736
##################### ACCEPTABLE SUBNET NUMBER: 27  #########################
           1.37651
 7
27
31
36
49
48
29
 2
 0
         -0.289072
         -0.725231
         -0.191189
          -0.23175
         -0.710686
          -0.24596
         -0.722127
         -0.715072
         -0.219881
          -0.63037
##################### ACCEPTABLE SUBNET NUMBER: 28  #########################
          0.530808
 4
12
36
17
19
 4
 8
24
 2
35
           1.64292
           1.59035
        -0.0715816
          0.277077
          0.155162
          0.291258
          -1.83933
          -1.56934
          -1.74946
           -1.0083
          0.152199
##################### ACCEPTABLE SUBNET NUMBER: 29  #########################
          0.880112
 7
27
31
36
 7
26
45
17
 5
32
46
34
10
22
           1.52536
           1.55929
            1.1657
            1.4646
           1.22548
          0.841724
          -1.30169
          -0.23706
          0.214003
          0.183001
           1.03542
            1.2069
         -0.332773
           1.13487
            -1.477
##################### ACCEPTABLE SUBNET NUMBER: 30  #########################
          0.860839
 9
12
17
38
10
23
 4
24
16
42
 2
20
27
           1.22795
           1.21991
        -0.0712514
           0.10844
         -0.616501
          0.101276
         -0.702065
         -0.769953
           0.15725
         -0.708074
         -0.659065
         -0.130662
           -1.6175
         -0.424882
##################### ACCEPTABLE SUBNET NUMBER: 31  #########################
           1.26381
 8
36
39
49
14
28
32
10
30
 3
 7
11
47
          0.319228
          0.354287
        -0.0748347
          0.248612
         -0.102805
          -1.56547
          0.377641
        -0.0247855
         -0.749821
         -0.752085
         -0.362615
        -0.0701818
           -1.3129
         -0.503163
##################### ACCEPTABLE SUBNET NUMBER: 32  #########################
          0.724895
 4
27
44
46
28
 8
34
33
 2
14
49
 9
 8
39
           1.02946
           1.05861
         -0.779525
          0.513299
          0.244328
         -0.326013
         -0.274901
         0.0220181
        -0.0144652
          -1.17012
          -1.21374
          -0.18304
         -0.926522
            0.2055
        -0.0350889
##################### ACCEPTABLE SUBNET NUMBER: 33  #########################
          0.752624
 5
36
38
10
25
41
 2
34
16
           1.10909
           1.02954
         -0.104805
         0.0783139
         0.0382958
          -1.75482
          -1.10146
         -0.910952
          -1.20164
          -2.06544
##################### ACCEPTABLE SUBNET NUMBER: 34  #########################
           1.44925
 7
12
27
36
14
 9
25
42
 3
31
30
24
          -0.13601
        -0.0881901
        -0.0913049
          -0.19158
          0.389181
          0.160045
          -1.89331
          -1.20952
          -0.85774
         -0.402746
          -1.18815
         -0.383293
         -0.131593
##################### ACCEPTABLE SUBNET NUMBER: 35  #########################
           2.51411
 4
12
 8
29
20
 9
19
34
11
41
24
21
23
32
47
           1.19443
            1.2488
          0.185561
           1.41316
           1.19178
          0.558142
         -0.656198
          0.962143
          0.669096
           1.13617
          0.590292
          0.361236
         -0.201865
         -0.178764
         -0.777976
         -0.857036
##################### ACCEPTABLE SUBNET NUMBER: 36  #########################
          0.704019
 9
12
27
31
36
39
42
29
 6
28
 6
49
 3
46
15
25
10
           0.84403
          0.878593
          0.603792
          0.887477
          0.745791
          0.932798
          0.753546
          0.588129
          0.960643
         -0.227648
         -0.267477
          0.662422
          -1.04098
          -1.10742
          0.794232
        -0.0849731
          0.800331
          0.563562
##################### ACCEPTABLE SUBNET NUMBER: 37  #########################
           1.72671
 6
36
17
47
24
34
41
 0
           0.98536
          0.989644
        -0.0827858
          0.260491
         -0.946077
          -0.16045
         -0.528766
         -0.412174
          -1.95954
##################### ACCEPTABLE SUBNET NUMBER: 38  #########################
           1.41553
 2
27
36
 0
         -0.771729
         -0.788242
        -0.0595739
          0.147662
          -2.21181
##################### ACCEPTABLE SUBNET NUMBER: 39  #########################
           1.70894
 4
31
 3
21
 4
 3
42
 1
25
          -1.14124
           -1.0506
            -1.399
          0.603781
          0.436607
          0.194484
         -0.669565
          0.270894
          -0.40333
           0.56147
##################### ACCEPTABLE SUBNET NUMBER: 40  #########################
           1.20247
 9
12
27
31
 4
 5
24
23
36
32
 3
 9
45
25
         -0.103098
         -0.827041
         -0.275292
          -1.17129
         -0.224993
          -1.29876
          -1.11865
          -0.98728
          -1.46389
          -1.46487
          -1.46487
         -0.660809
         -0.874904
          -0.44452
         -0.655809
##################### ACCEPTABLE SUBNET NUMBER: 41  #########################
          0.570813
10
27
31
10
32
38
44
11
45
29
 2
 4
20
37
50
39
          0.503701
          0.371911
        -0.0983662
          0.300069
         -0.371637
          -1.67992
          -1.67341
          -1.72455
          -1.59871
         -0.935104
         -0.790073
         -0.802428
          0.542562
         -0.863442
          0.187448
         -0.778856
         -0.669532
##################### ACCEPTABLE SUBNET NUMBER: 42  #########################
          0.351057
 1
27
 1
35
          0.231719
         0.0748817
        -0.0888755
          0.289084
          0.195462
##################### ACCEPTABLE SUBNET NUMBER: 43  #########################
           2.28864
 8
12
27
31
36
49
47
50
 4
 2
 5
 6
         -0.491374
         -0.429496
         -0.777037
          0.307459
         -0.776653
        -0.0327532
         -0.506604
          0.164134
          0.126765
         -0.442797
          -0.71756
          -0.71416
        -0.0560026
##################### ACCEPTABLE SUBNET NUMBER: 44  #########################
          0.886126
 3
12
38
23
 2
30
25
          0.873473
          0.890801
        -0.0464315
          0.329223
          0.103417
          -1.31332
          0.129045
         -0.335849
##################### ACCEPTABLE SUBNET NUMBER: 45  #########################
           1.65286
 7
 8
37
13
49
35
46
43
10
 3
29
48
45
15
 9
 1
 6
26
34
          -1.13916
          -1.07763
         -0.858451
           0.56845
          0.182064
          -0.12445
         -0.228518
          -1.93506
         -0.479377
         -0.479377
          0.291533
         -0.232404
         -0.109945
         -0.842122
          -1.40888
          -1.40069
         -0.590454
          -1.07737
         -0.479377
         -0.479377
##################### ACCEPTABLE SUBNET NUMBER: 46  #########################
           1.33965
 2
27
31
 0
           1.02186
           1.06879
        -0.0998203
          0.442444
         -0.720971
##################### ACCEPTABLE SUBNET NUMBER: 47  #########################
           1.24442
 2
12
27
 2
35
21
          -0.56798
         -0.779749
          -0.12087
          -1.28312
        -0.0139097
         -0.486178
          -1.06518
##################### ACCEPTABLE SUBNET NUMBER: 48  #########################
          0.642163
 7
27
49
48
33
29
17
36
 7
47
15
11
 8
35
28
14
          0.890253
          0.893115
         -0.730424
          0.406248
          -1.07747
         -0.607928
         -0.711213
          0.351331
         0.0612401
         -0.105166
          -1.13638
          -0.17511
         -0.141555
         -0.396068
          0.134539
          -1.15027
         -0.842778
##################### ACCEPTABLE SUBNET NUMBER: 49  #########################
           1.61085
 8
31
36
43
41
32
13
 9
10
 1
48
          0.688409
          0.719107
         -0.152743
          0.189042
           0.25923
          0.129491
         -0.418999
         -0.590765
         -0.420839
           -1.2571
         -0.633022
         -0.965587
##################### ACCEPTABLE SUBNET NUMBER: 50  #########################
          0.740225
 3
27
36
17
 4
41
32
 1
42
          0.923474
            0.9532
           0.40397
          0.920324
          0.500367
        -0.0120784
          0.440321
          0.453806
          0.660599
           0.47668
##################### ACCEPTABLE SUBNET NUMBER: 51  #########################
           1.28791
 6
27
 7
17
26
43
 9
 2
45
 4
          0.032386
         0.0481154
         -0.458439
          0.528701
          -1.18276
          -1.14297
          -0.56819
         -0.490656
         -0.213493
          0.242323
         -0.478076
##################### ACCEPTABLE SUBNET NUMBER: 52  #########################
          0.495148
 6
12
27
31
36
28
49
 4
45
 3
30
18
          0.326216
          0.318269
         -0.102077
         -0.148125
          0.442706
         0.0246615
         0.0764343
         -0.495702
         -0.065318
          0.122745
         -0.255655
          0.260339
         -0.879871
##################### ACCEPTABLE SUBNET NUMBER: 53  #########################
          0.693525
 5
12
27
31
36
28
 4
21
47
42
25
          0.808436
          0.814263
         -0.413032
           1.31274
           1.19252
           1.08125
          0.297079
          0.981937
           1.16696
          0.950293
          0.867647
          0.342419
##################### ACCEPTABLE SUBNET NUMBER: 54  #########################
           1.20452
 1
27
 2
11
48
         -0.207877
         -0.858252
         -0.250942
         -0.198832
         -0.349999
         -0.187416
##################### ACCEPTABLE SUBNET NUMBER: 55  #########################
           1.16003
 8
31
10
48
37
32
42
47
23
 8
25
33
46
15
 7
 2
 1
14
           0.48796
          0.539845
          0.185876
          0.840745
          0.363669
         -0.573116
         -0.281074
         -0.372433
         -0.323799
          0.104331
          -1.71015
          0.496592
         -0.532038
          0.433354
         -0.497184
           -2.8329
          0.299408
         -0.485598
          -0.69336
##################### ACCEPTABLE SUBNET NUMBER: 56  #########################
           1.57573
 3
27
31
36
 0
          0.283384
          0.323478
        -0.0390487
         0.0935689
          0.293662
         0.0596954
##################### ACCEPTABLE SUBNET NUMBER: 57  #########################
           1.32274
 1
27
 2
12
46
           1.22283
           1.26895
         -0.103498
          0.443537
         -0.349219
          -1.21319
##################### ACCEPTABLE SUBNET NUMBER: 58  #########################
          0.978318
 4
36
13
11
30
 4
 3
46
 8
 6
          0.811444
          0.841934
          0.204481
          0.398698
          0.416748
          0.395406
       -0.00820048
         -0.277715
          0.276923
         -0.113408
          -1.28116
##################### ACCEPTABLE SUBNET NUMBER: 59  #########################
           1.08042
 3
36
13
35
 2
21
45
          0.775107
          0.802012
         -0.379562
          0.344966
          0.497671
           -1.2968
         -0.127138
          0.136871
##################### ACCEPTABLE SUBNET NUMBER: 60  #########################
          0.227584
 3
27
31
36
 4
38
 9
 8
 1
         0.0378765
        -0.0101544
        -0.0679293
         -0.340028
          0.233912
         -0.681172
          -1.16827
          -1.15695
          -1.17176
          0.261097
##################### ACCEPTABLE SUBNET NUMBER: 61  #########################
           1.24668
 2
27
36
 0
        -0.0587057
         -0.603374
         -0.219514
         -0.481497
         -0.161858
##################### ACCEPTABLE SUBNET NUMBER: 62  #########################
           1.41966
 1
27
 0
         -0.181731
         -0.551744
         -0.156123
        -0.0945232
##################### ACCEPTABLE SUBNET NUMBER: 63  #########################
           1.36142
 2
12
27
 0
         -0.164804
         -0.646911
         -0.193527
         -0.293687
          -0.17601
##################### ACCEPTABLE SUBNET NUMBER: 64  #########################
           1.39215
 2
27
12
 3
47
15
33
          0.579614
          0.627519
         -0.109992
          0.447564
         -0.670307
          -1.07644
         -0.669122
         -0.681807
##################### ACCEPTABLE SUBNET NUMBER: 65  #########################
          0.858175
 2
36
28
 6
39
38
 7
30
17
13
           1.92454
            1.9609
           1.48811
           1.94334
           1.32736
           1.68857
          0.730613
           0.86033
         -0.269117
          0.270835
          0.357728
##################### ACCEPTABLE SUBNET NUMBER: 66  #########################
           1.48575
 2
31
36
 0
         -0.358179
          -0.90028
         -0.239671
          -1.28437
         -0.167891
##################### ACCEPTABLE SUBNET NUMBER: 67  #########################
           1.82791
 2
 8
19
 5
24
14
 6
42
22
          -1.17722
          -1.06008
         -0.418959
          0.490545
          0.485622
         -0.218297
         -0.909879
         -0.433988
          -1.56421
         0.0916159
##################### ACCEPTABLE SUBNET NUMBER: 68  #########################
          0.667433
 4
27
28
 9
17
 5
42
43
30
34
50
          0.184689
           0.18959
          0.929093
            2.0649
          0.614842
         -0.272355
          0.480312
           1.67636
           1.64267
           1.85983
         -0.280279
            1.7273
##################### ACCEPTABLE SUBNET NUMBER: 69  #########################
          0.664619
 4
12
27
31
49
 4
 9
11
16
32
           1.46954
           1.49543
           1.17854
           1.74477
           1.21964
           1.78943
          -0.26421
           1.87514
        -0.0097571
          0.648988
           1.34721
##################### ACCEPTABLE SUBNET NUMBER: 70  #########################
           2.30737
 4
12
31
36
24
 2
47
 8
           1.68012
           1.75109
           1.08579
           2.08285
           1.91219
            1.8061
          0.319016
           1.72583
         -0.033803
##################### ACCEPTABLE SUBNET NUMBER: 71  #########################
          0.737018
 9
12
27
31
36
15
26
24
10
16
 3
39
41
35
          0.770392
           0.78523
        -0.0461258
       -0.00839071
          0.265102
         0.0250723
         0.0929971
          -0.45514
         -0.070139
         -0.853192
          -2.00604
         0.0489563
       0.000381328
          -1.78481
         -0.631105
##################### ACCEPTABLE SUBNET NUMBER: 72  #########################
          0.843337
 4
27
36
18
 2
 0
         -0.271965
         -0.593832
         -0.142585
         -0.294237
         -0.211909
          -2.26068
           0.15793
##################### ACCEPTABLE SUBNET NUMBER: 73  #########################
           1.17371
 6
36
49
24
 9
38
48
 5
50
10
 2
 8
47
         -0.126625
         -0.416986
          -0.14222
        -0.0221673
         -0.630175
         -0.411443
         -0.460224
         -0.405008
         -0.393751
         -0.135547
          -1.49015
          -1.43774
          -1.49079
          -1.43229
##################### ACCEPTABLE SUBNET NUMBER: 74  #########################
           2.24313
11
12
27
38
24
17
21
26
45
30
15
42
 5
43
14
18
28
20
           1.66655
           1.71117
           1.25642
           1.75802
           1.38873
          0.558977
          0.983821
          -1.37393
          0.304906
          0.498025
          -0.21507
          0.961631
           0.22315
          -2.09913
           1.55732
          -1.04979
         0.0781253
         -0.225631
          -1.17887
##################### ACCEPTABLE SUBNET NUMBER: 75  #########################
          0.563496
 4
27
31
44
48
 1
49
        -0.0970346
         -0.434852
          -0.17189
         0.0543663
         -0.459143
         -0.326933
         -0.123702
         0.0621697
----------Number of Acceptable Subnets found: 75 -----------
----------END FOR GENE 40 -----------
--------START FOR GENE 41 -----------
 Values arranged as error, n_ka, gene ids for ka, n_kd, gene ids for kd,
 r0, d, ea, ka_values, kd_values for each subnet. 
##################### ACCEPTABLE SUBNET NUMBER: 1  #########################
          0.600154
 2
32
39
 7
 9
29
 5
 6
21
17
27
          0.975487
           1.08936
          0.468575
           0.22327
            0.6486
          0.815028
         -0.716695
          -1.84737
          -1.24919
          -1.17359
         -0.298478
         -0.482034
##################### ACCEPTABLE SUBNET NUMBER: 2  #########################
           1.07902
 4
46
45
36
14
 8
37
12
28
40
23
18
 7
22
          -1.05016
          -1.94262
         -0.126248
          -1.78932
          -1.37964
          -1.38028
          -1.38028
         -0.240141
          -1.35603
          -0.21894
           -1.3736
         -0.217904
          -1.37851
          -1.37851
         -0.228521
##################### ACCEPTABLE SUBNET NUMBER: 3  #########################
          0.712086
 2
39
 2
 4
 6
19
47
20
           1.22844
           1.33262
          0.563356
         -0.505346
          0.644007
          0.465677
         -0.151239
          0.432594
          0.441767
##################### ACCEPTABLE SUBNET NUMBER: 4  #########################
          0.444078
 9
45
21
26
50
16
19
43
 8
38
 4
20
36
22
37
           1.57992
           1.64458
         0.0667708
         -0.352281
         -0.168791
          0.579468
         -0.190437
         -0.364036
          0.730461
         -0.394572
          0.687582
        -0.0739029
         -0.511202
          0.643428
          0.659527
         0.0975381
##################### ACCEPTABLE SUBNET NUMBER: 5  #########################
           1.28025
 3
20
25
45
 2
40
 7
          0.379666
          -2.33832
         -0.551623
          -1.00809
         -0.861457
         -0.971946
         -0.791751
         -0.493548
##################### ACCEPTABLE SUBNET NUMBER: 6  #########################
          0.642816
 4
46
29
 7
47
 0
       0.000544287
         0.0741384
        0.00391417
           0.14353
         -0.566236
          0.607533
          -1.17716
##################### ACCEPTABLE SUBNET NUMBER: 7  #########################
           1.24868
 2
37
49
 3
31
50
30
         -0.994141
          -2.13787
         -0.176754
         -0.373442
          -1.00135
         -0.421248
         -0.999855
          -1.00096
##################### ACCEPTABLE SUBNET NUMBER: 8  #########################
          0.746943
 3
 3
30
 4
 5
38
17
35
10
 2
            1.5748
           1.64375
           1.13015
            1.0003
          0.233595
        -0.0531878
           1.07094
          0.635131
           1.06076
          -2.27449
          0.782669
##################### ACCEPTABLE SUBNET NUMBER: 9  #########################
           1.31665
 0
 0
          0.574804
          -2.47623
         -0.603822
##################### ACCEPTABLE SUBNET NUMBER: 10  #########################
           0.73651
 2
32
16
 1
21
         0.0110747
        -0.0888339
         -0.041486
        -0.0103216
         -0.497158
         -0.167009
##################### ACCEPTABLE SUBNET NUMBER: 11  #########################
          0.762995
 1
11
 3
30
31
37
          0.963875
           1.07843
          0.780128
          0.791856
         0.0696552
          0.779969
          0.165477
##################### ACCEPTABLE SUBNET NUMBER: 12  #########################
          0.935325
 4
11
37
13
31
 5
19
 5
28
49
 6
           0.59776
          0.662024
          0.737593
          0.559559
         -0.163377
         -0.965267
          -1.48339
         0.0189589
         -0.700874
          0.986982
         0.0997574
          0.645045
##################### ACCEPTABLE SUBNET NUMBER: 13  #########################
            1.3163
 0
 1
11
         -0.941654
          -4.69816
         -0.228515
         -0.311304
##################### ACCEPTABLE SUBNET NUMBER: 14  #########################
           1.72742
 7
34
33
42
46
 4
31
24
13
 8
11
47
38
17
 5
14
22
43
 3
10
25
13
           1.58897
           1.72409
           1.32406
         -0.641891
         0.0316656
          0.858554
          0.678423
          0.544887
          0.452699
        -0.0489644
         -0.631848
           0.40104
          0.408952
         -0.650549
          0.488393
         -0.630795
          0.672339
           0.34132
           1.33504
          -1.31487
          -1.20142
          -0.98577
          0.408951
##################### ACCEPTABLE SUBNET NUMBER: 15  #########################
           1.31676
 0
 1
45
          0.695096
           -2.5501
         -0.636353
          -2.46181
##################### ACCEPTABLE SUBNET NUMBER: 16  #########################
           2.89323
 0
 1
42
         -0.211389
         -0.996343
         -0.211389
          -1.75412
##################### ACCEPTABLE SUBNET NUMBER: 17  #########################
          0.726027
 0
 1
 4
          0.365698
         -0.421213
         -0.210885
        0.00360625
##################### ACCEPTABLE SUBNET NUMBER: 18  #########################
           1.24812
 1
 5
 0
         -0.390853
          -2.30956
          -0.35401
         -0.526415
##################### ACCEPTABLE SUBNET NUMBER: 19  #########################
           1.31106
 0
 1
21
          0.522766
          -2.52694
         -0.592517
         -0.367976
##################### ACCEPTABLE SUBNET NUMBER: 20  #########################
          0.276564
 0
 5
47
25
15
44
 9
           1.73776
           1.81651
          0.777674
          0.668395
          0.621694
          0.664973
         -0.495965
         0.0633379
##################### ACCEPTABLE SUBNET NUMBER: 21  #########################
          0.745133
 1
34
 4
21
27
45
10
           0.13713
          0.215441
         -0.723458
          0.528675
         -0.946028
          -0.34456
         0.0548345
          -1.01305
##################### ACCEPTABLE SUBNET NUMBER: 22  #########################
            1.1807
 0
 5
 8
40
24
37
20
          0.348329
          -2.49794
         -0.531746
          -1.17691
         -0.170736
          -0.18673
         -0.443017
         -0.454435
##################### ACCEPTABLE SUBNET NUMBER: 23  #########################
          0.537799
 1
48
 0
          -1.43075
          -1.96948
         -0.324552
          0.162625
##################### ACCEPTABLE SUBNET NUMBER: 24  #########################
          0.803004
 0
 1
10
         -0.269041
          -2.60153
         -0.342964
          0.360952
##################### ACCEPTABLE SUBNET NUMBER: 25  #########################
          0.709598
 2
 1
47
 3
38
 3
 9
           1.45645
           1.57025
           1.13357
         -0.339918
          0.970608
          -1.20662
           1.06156
           1.31389
##################### ACCEPTABLE SUBNET NUMBER: 26  #########################
           1.20418
 0
 1
29
          0.197774
          -2.82087
          0.535645
            1.4448
##################### ACCEPTABLE SUBNET NUMBER: 27  #########################
           1.99611
 1
 7
 1
19
          0.314103
          0.473179
          0.578919
         -0.641481
          0.488563
##################### ACCEPTABLE SUBNET NUMBER: 28  #########################
          0.836056
 5
37
44
25
45
33
 2
22
12
          0.846301
           0.96339
          0.366324
         -0.419107
          0.792467
          0.079236
         0.0730605
          -1.45504
          0.371162
          0.635882
##################### ACCEPTABLE SUBNET NUMBER: 29  #########################
           1.30382
 1
 3
 0
          0.075451
          -2.58799
         -0.481514
         -0.760158
##################### ACCEPTABLE SUBNET NUMBER: 30  #########################
          0.631625
 0
 1
29
         -0.617707
          -1.01841
        -0.0739487
          0.041416
##################### ACCEPTABLE SUBNET NUMBER: 31  #########################
          0.631625
 0
 1
29
         -0.617707
          -1.01841
        -0.0739487
          0.041416
##################### ACCEPTABLE SUBNET NUMBER: 32  #########################
          0.319437
 1
18
 6
35
22
40
 2
21
42
           1.71421
           1.78113
            1.5816
          -1.03477
        0.00580232
           1.00182
           1.51558
          0.112335
         -0.453287
           1.52419
##################### ACCEPTABLE SUBNET NUMBER: 33  #########################
           1.31665
11
 4
15
42
22
47
44
33
24
 1
34
38
 9
31
16
45
32
21
17
27
39
19
          -1.84221
          -2.47668
           1.14566
           4.04627
          0.465488
           0.28886
          -1.84628
         0.0869772
         0.0869772
          -1.84628
         0.0869772
         0.0869772
         0.0869772
          -1.84628
          0.289366
           0.28086
          -1.84628
          -1.84628
          -1.84628
          -1.84628
          -1.84628
          -1.84628
         0.0869772
##################### ACCEPTABLE SUBNET NUMBER: 34  #########################
           1.61513
 1
43
 1
 2
         -0.717253
          -1.45782
         -0.175574
          -4.01038
         -0.479307
##################### ACCEPTABLE SUBNET NUMBER: 35  #########################
           1.31665
 2
17
36
 0
          -1.84199
          -2.47666
          -2.07949
            10.446
          0.658699
##################### ACCEPTABLE SUBNET NUMBER: 36  #########################
           1.24406
 1
32
 0
         -0.327695
          -2.62923
          -0.38538
         -0.580947
##################### ACCEPTABLE SUBNET NUMBER: 37  #########################
          0.700537
 3
25
39
11
 2
45
37
         -0.103448
        -0.0994229
           0.14305
         -0.711682
        -0.0430571
         -0.337674
          0.117128
         -0.156986
##################### ACCEPTABLE SUBNET NUMBER: 38  #########################
          0.719849
 2
25
39
 0
         -0.077847
         -0.711947
         -0.224646
         -0.442396
         -0.191427
##################### ACCEPTABLE SUBNET NUMBER: 39  #########################
          0.491358
 1
46
 2
50
43
         -0.165064
         -0.641491
         -0.140589
         -0.179569
        -0.0998653
          -0.17419
##################### ACCEPTABLE SUBNET NUMBER: 40  #########################
           1.23657
 1
33
 0
         0.0721754
          -2.47575
         -0.477107
         -0.600247
##################### ACCEPTABLE SUBNET NUMBER: 41  #########################
          0.413705
 0
 2
 8
33
         -0.145716
          -1.01742
         -0.205348
          0.158732
         -0.480423
##################### ACCEPTABLE SUBNET NUMBER: 42  #########################
           1.04799
 3
42
 2
 4
 5
34
17
44
31
30
         -0.948794
          -4.72129
         -0.245395
         -0.204565
         -0.813116
         -0.821487
           -0.7986
         -0.338609
         -0.804896
         -0.354104
         -0.451131
##################### ACCEPTABLE SUBNET NUMBER: 43  #########################
           1.18141
 2
 5
19
 2
38
16
         -0.855005
          -2.50312
         -0.236255
         -0.636147
         -0.378696
         -0.621789
          -1.51312
##################### ACCEPTABLE SUBNET NUMBER: 44  #########################
           1.31834
 1
10
 0
          -0.73489
          -3.10982
         -0.281136
          -1.77088
##################### ACCEPTABLE SUBNET NUMBER: 45  #########################
           1.31937
 0
 1
 7
          -1.35391
          -5.19308
         -0.102568
         -0.589649
##################### ACCEPTABLE SUBNET NUMBER: 46  #########################
          0.438176
 0
 3
19
22
25
        -0.0119935
          -1.04088
          -0.24827
          -1.23716
         0.0548894
         -0.333688
##################### ACCEPTABLE SUBNET NUMBER: 47  #########################
          0.646212
 2
15
46
 2
22
25
          0.239202
          0.308944
          0.253524
          -0.33929
         0.0638067
          0.226297
         0.0730721
##################### ACCEPTABLE SUBNET NUMBER: 48  #########################
           1.26541
 4
15
 1
 2
30
 2
24
20
          0.313534
          0.449345
          0.997054
         -0.105407
        -0.0988317
          0.970357
         -0.294914
           1.04818
         -0.295972
##################### ACCEPTABLE SUBNET NUMBER: 49  #########################
          0.455144
 3
44
10
 1
 1
28
           1.23837
           1.32192
           0.83562
          0.965107
            1.4801
          0.263726
           1.21091
##################### ACCEPTABLE SUBNET NUMBER: 50  #########################
           1.31672
 1
39
 0
         -0.539612
          -2.59005
         -0.323819
          -1.07804
##################### ACCEPTABLE SUBNET NUMBER: 51  #########################
           1.07425
10
28
 4
44
36
39
15
18
35
46
12
 3
19
24
14
           1.23436
           1.37038
           1.22314
        -0.0372828
         -0.140021
         -0.682516
         -0.608129
          0.401732
         -0.518353
         -0.719487
         -0.333342
           0.48483
         -0.544154
           1.06997
           1.21191
          -1.11094
##################### ACCEPTABLE SUBNET NUMBER: 52  #########################
           1.31779
 2
46
 2
 0
       -0.00183322
          -2.34873
         -0.453275
          -1.24505
          -1.34121
##################### ACCEPTABLE SUBNET NUMBER: 53  #########################
           1.39398
 6
12
47
10
33
17
34
 8
27
 7
30
29
50
 6
45
 8
           1.55909
            1.6986
          0.744783
         -0.880563
          -1.05421
          -1.12103
         -0.452072
         -0.997436
        -0.0611033
          0.686003
          -1.34277
          -1.05568
          -1.07571
          -1.79989
          0.198542
          0.503472
        -0.0875057
##################### ACCEPTABLE SUBNET NUMBER: 54  #########################
          0.649258
 0
 5
23
18
40
21
 5
          0.705463
          0.812158
           0.36534
         -0.338081
         -0.948567
          0.268453
          0.222208
          0.143593
##################### ACCEPTABLE SUBNET NUMBER: 55  #########################
           1.19435
 2
 4
19
 2
35
39
          0.819354
          0.948244
          0.473801
         -0.364232
         0.0845579
          0.396005
         0.0845579
##################### ACCEPTABLE SUBNET NUMBER: 56  #########################
           1.44544
17
15
42
47
43
10
 7
36
45
39
18
27
30
20
33
13
14
 4
 7
37
29
48
 8
 6
50
23
           1.52505
           1.66449
           1.68909
         -0.844693
         -0.717003
         -0.862353
           1.49377
           1.47449
          0.642958
          -1.01383
          0.774937
          0.897739
          -1.52186
           1.44015
          0.702182
           0.19381
          0.283049
         0.0676375
          0.541512
          0.239409
           1.63118
           0.53588
           0.99579
           1.14618
          0.833538
         -0.565426
          0.575725
##################### ACCEPTABLE SUBNET NUMBER: 57  #########################
           1.00512
 0
 3
 8
 4
43
          0.597844
          -2.10174
         -0.563869
            -0.144
          -1.84675
        -0.0467527
##################### ACCEPTABLE SUBNET NUMBER: 58  #########################
           1.13932
 6
18
26
 1
24
10
33
 7
38
 3
 8
29
 4
16
25
          0.342049
          0.477981
           0.38046
          0.867238
          0.138414
         -0.870233
         -0.847506
         -0.857506
         -0.248608
          -1.31442
          -1.25836
          0.568695
         -0.864497
          -2.83001
         -0.734626
         -0.162453
##################### ACCEPTABLE SUBNET NUMBER: 59  #########################
           1.31246
 0
 1
42
         -0.205331
          -2.41109
         -0.403726
         -0.292355
##################### ACCEPTABLE SUBNET NUMBER: 60  #########################
            1.2985
 1
47
 0
          -0.51748
          -2.42655
         -0.323356
         -0.710351
##################### ACCEPTABLE SUBNET NUMBER: 61  #########################
          0.858969
 2
26
35
 7
 4
 1
 7
21
36
37
25
           1.81066
           1.92484
           1.14966
          0.827222
           -0.8848
          0.631486
          0.149032
           0.16467
          0.462194
           1.13103
         -0.922765
          0.333255
##################### ACCEPTABLE SUBNET NUMBER: 62  #########################
           1.37963
 1
 9
 0
         -0.218355
          -1.86265
         -0.367231
          -1.13764
##################### ACCEPTABLE SUBNET NUMBER: 63  #########################
          0.501317
 2
26
22
 2
17
31
           0.18415
          0.215213
          0.168615
        -0.0833237
          0.243053
         0.0544101
          0.253218
##################### ACCEPTABLE SUBNET NUMBER: 64  #########################
           1.27902
 3
 9
47
11
 5
19
 4
27
49
38
         -0.896646
            -2.839
         -0.578732
          -1.70725
         -0.119662
          -0.83545
        -0.0678626
         -0.959543
         -0.202427
         -0.215425
         -0.833526
##################### ACCEPTABLE SUBNET NUMBER: 65  #########################
           1.31603
 1
 7
 0
         -0.731723
          -2.47669
         -0.268861
         -0.913251
##################### ACCEPTABLE SUBNET NUMBER: 66  #########################
           1.31665
 0
 1
42
         0.0410259
          -2.47594
         -0.469354
          -1.16303
##################### ACCEPTABLE SUBNET NUMBER: 67  #########################
          0.685308
 6
10
20
32
50
40
43
 6
15
11
12
25
24
35
          0.451411
          0.551084
          0.323806
          0.294809
            -1.664
          -1.71752
          0.264228
         0.0754539
         -0.494313
         0.0809661
          0.296941
          -1.71341
          -1.63606
          0.266611
         -0.188427
##################### ACCEPTABLE SUBNET NUMBER: 68  #########################
          0.290407
 0
 2
 5
34
         0.0621964
         -0.338915
        -0.0777322
         0.0336467
          -1.34395
##################### ACCEPTABLE SUBNET NUMBER: 69  #########################
           1.07666
 1
45
 8
24
34
12
50
37
 8
 7
27
          0.112436
          -2.49087
         -0.461828
          -1.36551
        -0.0637414
          -1.34428
         -0.143837
          -1.37115
         -0.182961
           -1.3622
          -1.32205
          -1.37081
##################### ACCEPTABLE SUBNET NUMBER: 70  #########################
           1.08648
 0
 1
 8
         -0.438783
         -0.408501
          0.128263
          0.208709
##################### ACCEPTABLE SUBNET NUMBER: 71  #########################
           1.31675
 0
 1
27
          -0.30359
          -2.56767
         -0.384425
          -1.65016
##################### ACCEPTABLE SUBNET NUMBER: 72  #########################
           1.06851
 0
 1
49
        -0.0723221
          -1.53235
          -0.33352
        -0.0444485
##################### ACCEPTABLE SUBNET NUMBER: 73  #########################
           1.31715
 0
 1
46
          -1.76264
          -6.24932
          0.100431
         -0.443877
##################### ACCEPTABLE SUBNET NUMBER: 74  #########################
           1.31674
 0
 0
         -0.550139
          -2.59241
         -0.321106
##################### ACCEPTABLE SUBNET NUMBER: 75  #########################
           1.29133
 2
20
33
 0
          -1.03837
          -4.88166
         -0.203276
          -1.81595
         -0.480992
----------Number of Acceptable Subnets found: 75 -----------
----------END FOR GENE 41 -----------
