File open successful. It contains: 
Finished reading file, will close now.
File x_dt open successful.
Finished reading file x_dt, will close now.
File sd_d open successful.
Finished reading file sd_d, will close now.
--------START FOR GENE 9 -----------
 Values arranged as error, n_ka, gene ids for ka, n_kd, gene ids for kd,
 r0, d, ea, ka_values, kd_values for each subnet. 
##################### ACCEPTABLE SUBNET NUMBER: 1  #########################
           1.30045
16
20
41
 1
49
32
24
34
39
10
48
25
14
19
30
50
28
 5
21
 6
37
18
27
          -0.55321
         -0.313937
         -0.565351
            0.5952
          -1.68001
         -0.611411
         -0.607441
           -1.7376
         -0.690823
         -0.664255
          -0.68379
          -0.59261
         -0.617808
           -1.5218
         -0.681012
          -1.19663
          -1.06023
         -0.359846
          -1.79687
          0.491296
          -1.10462
          -1.76356
          0.288171
          -1.52093
##################### ACCEPTABLE SUBNET NUMBER: 2  #########################
           1.86549
 1
42
 0
          0.232175
         -0.958431
          -0.55143
          -0.83137
##################### ACCEPTABLE SUBNET NUMBER: 3  #########################
          0.650095
 5
20
15
39
11
42
10
28
21
45
 5
38
 2
43
 4
 3
 8
         0.0961828
          0.191831
         -0.241579
          0.456911
          -1.24773
         -0.746172
          -1.37369
         -0.338823
         -0.766925
         -0.317839
          0.179726
         -0.724727
          -1.21791
          -0.74117
         -0.785635
          -1.03091
         -0.343977
          0.307304
##################### ACCEPTABLE SUBNET NUMBER: 4  #########################
           2.33484
 1
32
 0
         -0.978875
          -1.05427
         -0.978875
          -0.96089
##################### ACCEPTABLE SUBNET NUMBER: 5  #########################
           1.56861
 0
 3
34
49
 1
         -0.245356
         -0.759416
         -0.223505
          0.276367
         -0.669599
         -0.897958
##################### ACCEPTABLE SUBNET NUMBER: 6  #########################
          0.743303
 1
40
 2
 1
 7
           1.26878
           1.42636
         -0.885681
          0.179213
          0.115494
          -0.32456
##################### ACCEPTABLE SUBNET NUMBER: 7  #########################
           1.86361
 0
 1
33
          0.165194
         -0.956079
          -0.52512
          -0.17284
##################### ACCEPTABLE SUBNET NUMBER: 8  #########################
          0.599079
 3
38
17
30
 0
         0.0699943
          0.268986
          -0.58198
         0.0955898
          0.182439
          -1.87736
##################### ACCEPTABLE SUBNET NUMBER: 9  #########################
           1.86636
 0
 2
23
22
         -0.383686
         -0.959162
         -0.394257
         -0.482218
          -1.52258
##################### ACCEPTABLE SUBNET NUMBER: 10  #########################
           1.24493
10
 3
 1
20
37
 5
 2
14
33
34
35
 6
39
43
44
27
49
19
           1.52319
           1.80914
           1.56945
         -0.227378
           1.18037
           2.26621
          0.419485
         -0.207758
            1.8496
           -1.0909
           1.58426
          -0.27881
          0.101219
            1.8687
           1.03065
          0.755865
         -0.497376
          -1.57104
         0.0566199
##################### ACCEPTABLE SUBNET NUMBER: 11  #########################
            1.8677
 0
 0
          0.351148
         -0.959276
         -0.581007
##################### ACCEPTABLE SUBNET NUMBER: 12  #########################
            1.8677
 0
 1
21
          0.570269
         -0.959062
          -0.63571
         -0.908377
##################### ACCEPTABLE SUBNET NUMBER: 13  #########################
           1.86771
 2
24
41
 0
          -1.97586
         -0.959608
          -3.75397
          0.217322
           4.39746
##################### ACCEPTABLE SUBNET NUMBER: 14  #########################
          0.679053
 4
12
50
42
39
 8
10
26
15
44
22
35
30
46
          0.808682
           1.03065
         -0.299224
          0.501326
          -0.48726
          0.323907
         -0.649586
         -0.761735
        -0.0186437
         -0.483347
          0.295861
           -1.7562
          0.234736
          0.456499
          -1.21693
##################### ACCEPTABLE SUBNET NUMBER: 15  #########################
          0.621354
 0
 5
33
39
46
10
32
          0.327615
          0.462816
          0.151331
         -0.246666
         -0.879462
          0.221134
          0.520719
         -0.128653
##################### ACCEPTABLE SUBNET NUMBER: 16  #########################
           1.92929
 4
21
25
16
 5
 0
          0.534077
          0.927806
         -0.282988
          0.417349
          -1.05306
         -0.710969
          0.683195
##################### ACCEPTABLE SUBNET NUMBER: 17  #########################
          0.991562
 2
47
40
 3
10
35
46
          0.855738
           1.06535
          -0.71913
          0.165507
         -0.607409
          0.255655
         -0.558995
         -0.890835
##################### ACCEPTABLE SUBNET NUMBER: 18  #########################
           1.90341
 3
23
27
10
 4
26
 7
 8
 6
           2.20436
           2.56142
          0.283446
           1.20916
         -0.958237
         -0.536673
          0.732574
          0.114962
          -2.83555
          0.376539
##################### ACCEPTABLE SUBNET NUMBER: 19  #########################
           1.85423
 3
46
38
19
13
22
28
32
 2
34
45
 5
 3
 6
44
30
49
36
          -1.98637
         -0.973036
            1.3142
           1.26466
          0.525388
          0.521608
         0.0978461
           0.78153
           0.87081
          0.456122
          0.470564
          0.460899
          0.461739
           1.19704
          -1.12002
          0.577822
          0.525639
          0.520861
             1.101
##################### ACCEPTABLE SUBNET NUMBER: 20  #########################
            1.8677
 0
 1
10
          -0.44197
           -0.9591
         -0.379764
         -0.585024
##################### ACCEPTABLE SUBNET NUMBER: 21  #########################
           1.84824
 3
26
42
21
 7
 2
30
36
50
38
41
19
         -0.260425
         -0.989164
          -0.43546
         -0.804436
         -0.692649
          -1.25959
         -0.647381
         -0.198361
        0.00270839
          -1.84915
          -1.84112
          -1.26296
          -1.84112
##################### ACCEPTABLE SUBNET NUMBER: 22  #########################
           1.85652
 2
26
25
 0
          -1.16494
           -1.0302
          -1.77814
         -0.185569
         -0.698818
##################### ACCEPTABLE SUBNET NUMBER: 23  #########################
           1.26282
 3
27
 7
20
 6
18
42
40
 1
 6
30
         -0.882687
         -0.594018
           1.92743
         -0.845944
         -0.191803
         -0.846944
           2.39078
         -0.634539
          0.591622
          0.687561
         -0.672212
         -0.191803
##################### ACCEPTABLE SUBNET NUMBER: 24  #########################
           1.86405
 1
48
 1
45
         -0.147661
         -0.958626
          -0.45581
         -0.745213
         -0.437328
##################### ACCEPTABLE SUBNET NUMBER: 25  #########################
           1.84968
 9
18
 3
33
 8
48
35
19
34
 4
 7
16
 7
29
14
50
46
20
          -1.64557
          -1.00121
          -1.61339
         -0.555541
          -0.43915
         0.0339197
         -0.129545
         -0.198078
           -1.1689
         -0.935474
         -0.948149
         -0.510914
         -0.676896
         -0.695629
         -0.943233
         -0.947462
         -0.505217
         -0.507949
         -0.507424
##################### ACCEPTABLE SUBNET NUMBER: 26  #########################
          0.569545
 1
20
 5
19
 8
16
 1
39
          0.909427
           1.13107
         -0.442262
          0.477751
           -1.0405
          0.186717
         -0.477494
         -0.507602
         -0.631922
##################### ACCEPTABLE SUBNET NUMBER: 27  #########################
           1.85195
 0
 1
 2
         -0.296087
          -1.01728
         -0.210746
           1.02212
##################### ACCEPTABLE SUBNET NUMBER: 28  #########################
          0.748611
 4
43
45
30
15
 7
41
 1
21
 4
10
13
33
           1.57134
           1.70548
           1.50343
         -0.459171
            1.4938
            1.1037
          0.642657
           1.69537
           1.55603
          0.316244
         -0.648765
          0.157566
          0.506418
           1.48707
##################### ACCEPTABLE SUBNET NUMBER: 29  #########################
           1.06144
 1
 5
 3
13
35
27
          0.179814
          0.310216
         -0.143198
         0.0852213
          -1.22028
          -0.55144
         -0.759941
##################### ACCEPTABLE SUBNET NUMBER: 30  #########################
          0.971591
 8
 2
18
 4
23
 5
39
25
11
11
17
41
21
32
48
34
29
45
30
26
43
           0.71531
          0.917303
         -0.683672
           1.05774
         -0.457055
         -0.837649
          -1.15759
          0.175993
          -1.14284
         -0.762334
          -2.15423
         -0.334302
           0.41463
          0.230294
          -1.06597
          -1.17278
          0.369084
          -1.80989
         -0.679192
        -0.0923967
         -0.759952
          -1.08037
##################### ACCEPTABLE SUBNET NUMBER: 31  #########################
            1.3066
 0
 3
13
18
 8
          0.560126
         -0.727502
          -0.39834
         -0.117305
          0.472547
          -1.45334
##################### ACCEPTABLE SUBNET NUMBER: 32  #########################
           1.83365
 1
26
 1
15
         -0.214036
          -1.01029
         -0.268627
         -0.725997
          0.725785
##################### ACCEPTABLE SUBNET NUMBER: 33  #########################
           1.86576
 0
 1
40
          -0.33693
         -0.961305
         -0.407045
         -0.351552
##################### ACCEPTABLE SUBNET NUMBER: 34  #########################
           1.23404
11
10
12
35
48
 4
13
32
15
17
19
 8
 3
 6
21
24
          0.344836
          0.535046
        -0.0946273
          -1.31904
          0.668823
          0.063672
         -0.426653
         -0.132629
          -1.02958
          -1.59148
          -1.85307
          -1.15997
         -0.737516
          -1.00557
         -0.233392
          0.215221
          0.678082
##################### ACCEPTABLE SUBNET NUMBER: 35  #########################
           1.35877
 8
35
22
42
49
48
 4
31
38
 4
34
17
 6
29
          -1.04294
         -0.703377
         -0.269206
          0.796375
         -0.286441
          0.641688
          0.625299
          -1.20078
          0.300954
          0.470313
          0.425569
          0.845934
         -0.106769
           0.88584
          -1.17412
##################### ACCEPTABLE SUBNET NUMBER: 36  #########################
           1.86311
 1
10
 1
40
          -1.02544
         -0.961544
         -0.230235
         -0.323043
         -0.489515
##################### ACCEPTABLE SUBNET NUMBER: 37  #########################
           1.17571
 9
36
 2
 5
 6
15
48
29
30
20
 8
32
25
49
44
21
 7
33
28
           1.44577
           1.69034
           1.20034
         -0.197221
          0.270579
             1.645
          0.604602
          0.949154
         0.0140827
           1.43461
         0.0700973
          0.499219
           1.31849
        -0.0970451
           1.45698
          -0.15816
         -0.941698
          -1.74747
           -1.3309
           0.69795
##################### ACCEPTABLE SUBNET NUMBER: 38  #########################
            1.8677
 0
 2
 4
11
          -1.81652
         -0.959109
          0.089779
         -0.922664
          -1.66876
##################### ACCEPTABLE SUBNET NUMBER: 39  #########################
           1.85068
 9
45
43
10
 2
17
34
33
 4
30
19
20
40
27
14
37
12
21
 1
26
 7
 3
36
47
31
48
42
50
15
24
          -1.97653
          -0.96748
          -1.46813
           1.50769
         -0.552023
          0.700689
          0.271244
          0.680999
         -0.300206
          0.290074
          -1.27804
         -0.582352
           1.29309
          -1.63292
          -1.20459
          0.253174
         -0.970051
            1.1307
           1.17631
          -1.03944
          -1.04447
         -0.550956
          0.270875
           0.72926
          0.271244
          0.680969
          -1.59934
          0.502054
          -1.60012
          -1.60056
         -0.300206
##################### ACCEPTABLE SUBNET NUMBER: 40  #########################
           1.71403
 5
11
32
22
14
34
 2
50
44
          0.363511
         -0.980992
          0.104048
          -1.10936
        -0.0943471
          -1.54871
         -0.137083
         -0.666982
          0.928432
          0.139084
##################### ACCEPTABLE SUBNET NUMBER: 41  #########################
          0.749397
 2
17
16
 3
27
32
26
          0.245954
          0.453536
        0.00246126
          0.263325
          0.188265
         -0.219706
         -0.874808
          0.193373
##################### ACCEPTABLE SUBNET NUMBER: 42  #########################
          0.739923
 2
40
 4
 7
32
30
18
44
 5
16
35
           1.02718
           1.23008
         -0.262914
          0.250421
         -0.443733
        -0.0419781
          0.194649
         -0.125639
          -0.72572
            -1.756
          -1.53997
         -0.403135
##################### ACCEPTABLE SUBNET NUMBER: 43  #########################
            1.8164
 0
 5
21
23
13
 7
22
         -0.460228
         -0.982686
         -0.377696
         0.0690781
         -0.119877
         -0.730665
         -0.492241
         -0.542841
##################### ACCEPTABLE SUBNET NUMBER: 44  #########################
           1.35219
 1
25
 3
18
 2
11
           0.46151
         -0.567111
          0.664201
         -0.175941
           1.51644
          0.784433
           1.12007
##################### ACCEPTABLE SUBNET NUMBER: 45  #########################
           1.82363
 1
39
 0
         -0.426108
         -0.982248
         -0.435142
         -0.459986
##################### ACCEPTABLE SUBNET NUMBER: 46  #########################
          0.708269
 2
35
49
 3
 8
34
10
           0.77934
          0.588892
         -0.132841
        -0.0227437
           -1.4115
          0.184379
          -1.44789
          0.364459
##################### ACCEPTABLE SUBNET NUMBER: 47  #########################
            1.8675
 1
11
 1
23
          -1.26407
         -0.958386
         -0.153636
         -0.594636
          -1.59793
##################### ACCEPTABLE SUBNET NUMBER: 48  #########################
           1.84358
 1
 1
 1
 6
         -0.289178
         -0.947126
         -0.415515
         -0.300454
         -0.310753
##################### ACCEPTABLE SUBNET NUMBER: 49  #########################
           1.86517
 0
 1
10
         -0.211295
         -0.950347
         -0.419522
         0.0503154
##################### ACCEPTABLE SUBNET NUMBER: 50  #########################
           1.61365
 8
11
32
25
 6
27
31
 3
40
 2
17
 5
         -0.682491
          -0.96329
         -0.316428
        -0.0984657
            -1.033
          -1.35586
         -0.772509
          -1.36281
          -1.36374
         -0.783291
          -1.36338
           0.33399
         -0.773328
##################### ACCEPTABLE SUBNET NUMBER: 51  #########################
           1.78424
 3
38
16
32
 7
35
48
41
18
44
 4
31
      -0.000689771
         -0.916569
         -0.413472
         -0.530424
         -0.492133
         -0.646743
         -0.620783
         -0.808309
          0.123044
          -1.43058
       -0.00118304
          -1.50553
         -0.635767
##################### ACCEPTABLE SUBNET NUMBER: 52  #########################
           1.08505
12
37
50
27
11
47
49
38
23
48
32
19
 4
10
18
 1
 6
43
46
21
24
10
45
17
          0.648743
           0.39449
         -0.265931
         -0.725948
         -0.319187
          -1.83371
         -0.813362
         -0.133221
          -1.48351
         -0.630778
         -0.383767
         -0.513266
          -2.35975
         -0.765995
         -0.466987
         0.0603432
          -1.66029
         -0.325727
         -0.946768
         -0.531022
         -0.775151
         -0.885772
         -0.123883
         -0.665897
          -2.26466
##################### ACCEPTABLE SUBNET NUMBER: 53  #########################
           1.86577
 0
 1
 4
         -0.387697
         -0.959704
         -0.393586
          -0.41186
##################### ACCEPTABLE SUBNET NUMBER: 54  #########################
           1.86319
 0
 1
17
           0.40233
         -0.963325
          -0.59497
          -0.25557
##################### ACCEPTABLE SUBNET NUMBER: 55  #########################
          0.733272
 2
43
48
 2
 8
44
          0.298276
         0.0956339
         -0.849878
         0.0221874
         -0.178101
         0.0365453
         -0.639384
##################### ACCEPTABLE SUBNET NUMBER: 56  #########################
          0.732475
 4
17
24
 7
16
 2
18
37
         -0.225331
         0.0524858
         -0.376835
          0.625006
         -0.295441
           0.34845
          0.269289
          0.635044
         0.0849682
##################### ACCEPTABLE SUBNET NUMBER: 57  #########################
          0.633157
 6
 7
20
50
42
13
23
 1
15
          0.353546
          0.316341
          -1.25186
          -0.43668
          0.306955
        -0.0651563
         -0.879988
         -0.802346
          0.111844
          0.206534
##################### ACCEPTABLE SUBNET NUMBER: 58  #########################
           1.86762
 1
32
 0
         -0.636964
         -0.960204
          -0.33127
         -0.762028
##################### ACCEPTABLE SUBNET NUMBER: 59  #########################
            1.8677
 0
 1
12
          -1.97414
         -0.959115
           1.29864
         -0.624402
##################### ACCEPTABLE SUBNET NUMBER: 60  #########################
          0.649954
 2
13
32
 3
 7
25
24
           1.30031
            1.5016
         0.0140717
          0.182097
        -0.0328719
          0.449454
          -0.94338
        -0.0102209
##################### ACCEPTABLE SUBNET NUMBER: 61  #########################
           1.76865
 9
45
27
34
 5
42
32
10
24
25
 7
17
15
16
 6
14
36
47
          -1.85539
          -1.02814
         0.0319149
          0.584909
          0.984116
           1.34335
            1.3577
          -1.51047
          -1.77786
          0.554424
          0.561795
         -0.892543
           1.70731
            1.5712
          0.452625
           0.60478
         -0.225789
          -1.24543
         -0.891238
##################### ACCEPTABLE SUBNET NUMBER: 62  #########################
          0.571607
 5
25
18
40
50
16
 1
33
            1.8155
           1.82714
          -1.06275
         -0.204737
         -0.712019
          -0.14856
        -0.0131212
         -0.106189
         -0.967684
##################### ACCEPTABLE SUBNET NUMBER: 63  #########################
            1.8677
 0
 1
45
          -1.03258
         -0.959043
         -0.222093
           -1.6179
##################### ACCEPTABLE SUBNET NUMBER: 64  #########################
          0.735442
 5
14
17
20
36
11
 2
 7
28
          0.765864
          0.728659
      -0.000437424
         -0.256682
          0.198199
          -0.11511
         -0.417876
           -1.3505
           0.46729
           0.43903
##################### ACCEPTABLE SUBNET NUMBER: 65  #########################
             1.775
 1
50
 4
24
15
29
46
         -0.197051
          -1.01316
         -0.397153
          -1.84791
         -0.107793
         -0.754306
          0.419206
         -0.755035
##################### ACCEPTABLE SUBNET NUMBER: 66  #########################
           1.85733
 0
 3
37
32
33
         -0.378701
         -0.973432
         -0.399296
        -0.0994923
         -0.578212
         -0.536302
##################### ACCEPTABLE SUBNET NUMBER: 67  #########################
          0.525333
 8
11
 3
 4
48
 5
40
 1
32
 9
15
16
 6
39
45
28
14
33
24
          0.605149
          0.828798
         -0.299092
          0.237491
          0.474421
          -1.42986
          0.011566
          -1.74289
          -1.21298
          -1.55014
          -1.15011
         -0.175165
         -0.493234
           0.32309
          -1.94091
         -0.286163
          -1.02378
         -0.383731
           -1.4954
         -0.822399
##################### ACCEPTABLE SUBNET NUMBER: 68  #########################
           1.84523
 5
45
49
26
19
23
 1
 3
          -1.95709
          -0.99377
           0.41987
         -0.180321
          -1.71731
          -1.72458
          -1.72119
         -0.322885
          0.676716
##################### ACCEPTABLE SUBNET NUMBER: 69  #########################
           1.79029
13
21
23
 1
38
14
15
34
44
49
39
10
27
43
 2
16
46
          0.604512
          0.971056
         -0.895995
          0.177216
          0.448088
          0.816313
        -0.0249476
        0.00675927
          -1.23772
         -0.633145
          -1.09786
         -0.094678
          -1.66474
         -0.707583
           -1.2971
          -1.18562
         -0.347345
         -0.884898
##################### ACCEPTABLE SUBNET NUMBER: 70  #########################
          0.642553
 1
45
 4
18
32
 8
33
          0.107248
          0.270511
         -0.212041
          0.513221
          0.478313
         -0.868224
          0.580791
          0.376311
##################### ACCEPTABLE SUBNET NUMBER: 71  #########################
           1.86768
 0
 1
15
         -0.752814
         -0.959122
         -0.298615
         -0.838875
##################### ACCEPTABLE SUBNET NUMBER: 72  #########################
           1.86237
 4
36
19
27
47
 5
33
48
23
 2
 7
          -1.87364
          -0.94629
          0.412445
         -0.473792
         -0.563725
          -2.59047
        -0.0165947
          0.310562
         -0.331355
          -2.58047
        -0.0109062
          -2.59531
##################### ACCEPTABLE SUBNET NUMBER: 73  #########################
           1.81329
 1
25
 1
13
         -0.685857
         -0.956492
         -0.326247
          -0.36551
          -1.29092
##################### ACCEPTABLE SUBNET NUMBER: 74  #########################
           1.75541
 7
20
49
40
27
22
43
 2
12
23
17
10
35
26
12
45
44
29
 6
21
50
          -1.64935
         -0.968168
        -0.0632155
          0.379928
          0.163694
         0.0677863
         -0.116712
          -1.32713
          -0.58167
        -0.0773028
         0.0486699
           0.44277
        -0.0237716
        -0.0312592
          -1.28966
         -0.609017
           -1.3427
          -1.42378
          -1.12439
          -1.45929
          -1.10739
          -1.11724
##################### ACCEPTABLE SUBNET NUMBER: 75  #########################
           1.55826
 5
24
36
28
32
17
 2
34
45
          0.393264
         -0.642975
         -0.319201
         -0.643597
         -0.807232
         -0.613258
          -2.02069
         -0.549675
          0.322186
         -0.116338
----------Number of Acceptable Subnets found: 75 -----------
----------END FOR GENE 9 -----------
--------START FOR GENE 10 -----------
 Values arranged as error, n_ka, gene ids for ka, n_kd, gene ids for kd,
 r0, d, ea, ka_values, kd_values for each subnet. 
##################### ACCEPTABLE SUBNET NUMBER: 1  #########################
          0.796245
 2
13
26
14
49
21
 5
23
42
11
36
29
41
47
14
17
25
16
          0.422497
          0.439477
            1.7459
           1.72549
        -0.0532684
           1.97922
          0.860867
           0.56419
        0.00743796
           1.30664
          -0.49822
           1.49338
         -0.300493
           1.08587
         -0.169662
          -1.68823
         -0.357115
          -1.21381
           1.47921
##################### ACCEPTABLE SUBNET NUMBER: 2  #########################
          0.378292
 0
 2
 9
22
          -0.46075
         -0.314833
          0.260615
          0.762853
         -0.178679
##################### ACCEPTABLE SUBNET NUMBER: 3  #########################
          0.551517
 0
 2
 9
22
          -0.10967
          -0.05308
          0.106039
          0.641604
           -1.3671
##################### ACCEPTABLE SUBNET NUMBER: 4  #########################
          0.389662
 2
 7
22
 5
35
14
46
48
 1
         -0.657801
          -0.49846
         0.0650529
          0.483409
         -0.352265
          0.321256
         -0.317372
         -0.948805
          -1.50908
         -0.934615
##################### ACCEPTABLE SUBNET NUMBER: 5  #########################
          0.726121
11
34
45
21
 6
43
37
30
14
35
 4
13
 3
27
50
20
           1.27149
           1.36213
         0.0315875
          0.587957
         -0.588815
          -1.91093
          -1.27483
          0.814091
          0.417686
          -1.31147
          -1.62592
        -0.0391679
         -0.514564
          0.689837
          0.987408
          0.211201
         -0.538729
##################### ACCEPTABLE SUBNET NUMBER: 6  #########################
          0.292239
 2
22
32
 2
21
20
          0.398239
          0.540247
          0.366666
           1.05664
          0.880982
            1.1139
           1.31625
##################### ACCEPTABLE SUBNET NUMBER: 7  #########################
          0.687071
 4
39
34
26
 7
 7
27
35
44
37
 6
30
12
          -0.72265
         -0.594563
         -0.657336
        0.00537779
          0.185421
          -1.27174
           0.29445
         -0.236741
         -0.569574
         -0.843009
          -1.04447
          0.296109
         -0.402622
         0.0433261
##################### ACCEPTABLE SUBNET NUMBER: 8  #########################
          0.748454
 7
 6
50
11
45
33
31
15
 7
12
40
38
21
 8
14
22
            1.5476
           1.60829
           1.03601
          0.928059
         -0.551352
         -0.922436
          0.650076
         -0.095441
          0.649435
         -0.893924
          0.449348
           1.26302
           1.08504
           -1.2798
        -0.0733594
         -0.582614
         0.0750728
##################### ACCEPTABLE SUBNET NUMBER: 9  #########################
          0.464811
 0
 1
49
         -0.341934
         -0.347653
          0.388463
          0.612953
##################### ACCEPTABLE SUBNET NUMBER: 10  #########################
          0.566947
 7
 2
20
26
19
48
 8
 3
 2
23
38
           0.42335
          0.548502
          0.399157
          0.503276
          0.602967
          0.776678
           1.04683
          0.547505
           0.70513
          0.432368
           1.17875
          0.749488
##################### ACCEPTABLE SUBNET NUMBER: 11  #########################
          0.484508
 2
18
26
 5
23
50
31
14
12
         -0.430498
         -0.496018
          0.045659
         -0.685428
          -0.50008
        -0.0782081
         -0.433433
          0.336846
         -0.883358
        -0.0892796
##################### ACCEPTABLE SUBNET NUMBER: 12  #########################
          0.744413
 4
34
11
43
14
 6
45
 5
25
19
 6
 9
         -0.125514
         -0.466011
        -0.0321373
          -1.47483
          -1.51892
          -0.85077
         -0.562823
          0.285265
          0.106966
          -1.51589
         0.0767589
         -0.843918
         0.0848268
##################### ACCEPTABLE SUBNET NUMBER: 13  #########################
           1.17834
 0
 1
24
         -0.585023
         -0.637104
          0.161203
          0.623368
##################### ACCEPTABLE SUBNET NUMBER: 14  #########################
          0.390068
 4
17
34
46
37
 4
21
40
31
 5
           1.87559
           1.98712
          0.855116
          0.995979
          0.831548
         -0.130902
          0.210473
          0.774993
           1.11398
          0.138695
          0.043923
##################### ACCEPTABLE SUBNET NUMBER: 15  #########################
          0.705172
 5
34
11
 8
47
28
 3
 6
12
 4
           1.03389
           1.22662
          0.903177
           1.08492
           1.54051
          0.126282
        0.00208284
          0.558733
          0.328683
           1.66798
         0.0466439
##################### ACCEPTABLE SUBNET NUMBER: 16  #########################
          0.832017
 1
32
 3
43
38
25
          0.427354
         -0.542361
         -0.152865
          -1.04857
          0.387947
         -0.782954
          0.184727
##################### ACCEPTABLE SUBNET NUMBER: 17  #########################
          0.600765
 4
41
26
48
18
 5
15
20
19
44
17
         -0.829254
         -0.668099
          -1.46581
          0.397639
         -0.434018
         -0.862403
          0.516552
          -1.03382
         -0.746527
         -0.466582
         0.0997337
          0.656672
##################### ACCEPTABLE SUBNET NUMBER: 18  #########################
          0.612243
 0
 2
40
32
         0.0770615
         -0.178036
          0.241503
          0.544936
           0.29102
##################### ACCEPTABLE SUBNET NUMBER: 19  #########################
          0.719899
 6
 7
43
24
37
 4
13
 4
 3
31
17
25
           1.32345
           1.41176
          0.145508
         -0.746745
          -0.12897
          0.368918
         -0.941758
          0.278894
         -0.876399
          -1.54289
          0.490131
         -0.664612
        -0.0278473
##################### ACCEPTABLE SUBNET NUMBER: 20  #########################
          0.746093
 2
 7
 2
 1
47
          -0.22255
        -0.0556152
          -0.10817
          0.428682
          -1.56433
          -1.58845
##################### ACCEPTABLE SUBNET NUMBER: 21  #########################
          0.605283
 1
27
 4
28
 6
13
40
          0.205339
         -0.594134
        -0.0616473
         -0.211822
           0.56251
          0.496898
         -0.270575
          0.325739
##################### ACCEPTABLE SUBNET NUMBER: 22  #########################
          0.848173
 3
 6
26
23
 4
40
34
12
49
           1.65403
           1.75004
           1.80295
           1.78293
          0.908109
         0.0257205
           2.04862
          -1.39872
           1.32193
          -1.05444
##################### ACCEPTABLE SUBNET NUMBER: 23  #########################
           0.51613
 0
 2
12
20
         -0.772233
         -0.593217
          0.328116
          0.639542
          0.527155
##################### ACCEPTABLE SUBNET NUMBER: 24  #########################
          0.389347
 1
18
 3
43
44
27
         -0.507844
         -0.596389
          0.218909
        -0.0942678
          0.400874
         -0.257209
          0.627044
##################### ACCEPTABLE SUBNET NUMBER: 25  #########################
          0.792077
 0
 1
20
          0.592905
         -0.563684
         -0.337926
          0.330835
##################### ACCEPTABLE SUBNET NUMBER: 26  #########################
          0.651976
 0
 4
 5
42
12
22
         0.0991884
         0.0785714
         0.0775406
           0.22344
          0.260368
         -0.822229
            -1.024
##################### ACCEPTABLE SUBNET NUMBER: 27  #########################
          0.411793
 4
45
35
38
42
 5
22
11
21
12
 9
         -0.377391
         -0.252566
       -0.00556348
            0.4136
         -0.400871
          0.362504
          -1.38837
          -1.69302
           0.59561
          -1.35087
         -0.591658
          0.731024
##################### ACCEPTABLE SUBNET NUMBER: 28  #########################
          0.641911
 0
 5
 1
18
48
14
41
          0.179592
         -0.605154
         -0.229975
          0.438135
          -1.73367
          -1.49983
          0.396675
           -1.7627
##################### ACCEPTABLE SUBNET NUMBER: 29  #########################
          0.435487
 0
 3
48
13
 9
         -0.176036
         -0.593363
         -0.110073
          -1.16237
          0.347881
          0.465002
##################### ACCEPTABLE SUBNET NUMBER: 30  #########################
           0.51497
 0
 2
19
16
         -0.212745
         -0.493885
        -0.0335439
          0.394079
          0.119264
##################### ACCEPTABLE SUBNET NUMBER: 31  #########################
          0.659966
 6
45
44
15
50
22
 5
 2
36
32
         -0.529589
         -0.540345
           0.29026
         -0.218373
           -1.7661
           -1.4401
         -0.523425
         -0.380191
          -1.13301
          0.589783
        -0.0630106
##################### ACCEPTABLE SUBNET NUMBER: 32  #########################
          0.580136
 0
 4
23
34
36
 3
         -0.613626
         -0.625284
          0.268532
          0.592474
        -0.0152986
          0.495401
          0.801187
##################### ACCEPTABLE SUBNET NUMBER: 33  #########################
           1.09213
 5
32
30
28
37
12
 2
 9
31
           1.19307
           1.41976
          -1.49658
           1.14687
           1.27187
           1.39169
          -1.61246
          0.351577
           1.62902
          -0.33523
##################### ACCEPTABLE SUBNET NUMBER: 34  #########################
          0.848003
 3
34
33
29
15
23
39
30
44
 1
43
 3
45
38
27
48
40
14
24
22
         -0.716376
         -0.592271
           1.94346
           0.25512
        -0.0143879
         -0.971223
           2.33684
          0.939804
          -1.03084
           0.91361
          0.913268
          -1.03114
          0.913023
          -1.03114
           1.33974
           1.28455
          0.629992
          0.434262
          0.498863
         -0.660822
         -0.383109
##################### ACCEPTABLE SUBNET NUMBER: 35  #########################
          0.713333
 1
33
 4
50
 6
37
30
         -0.801465
         -0.640904
         0.0991334
           1.15936
          0.940653
           1.56703
          0.693064
          0.140018
##################### ACCEPTABLE SUBNET NUMBER: 36  #########################
          0.714188
 8
47
13
27
 7
23
15
 9
35
 7
12
21
 4
31
49
26
 6
         0.0673785
          0.244356
          -1.67937
          0.508275
          0.769089
          -1.69043
         -0.431683
          -1.09599
          -1.08448
         -0.437687
             -2.06
          0.856673
         -0.573296
          0.678606
          -1.42077
         -0.249651
         -0.722441
          0.702864
##################### ACCEPTABLE SUBNET NUMBER: 37  #########################
          0.655495
 0
 3
43
12
36
          0.080253
         -0.577382
         -0.198637
         -0.758568
          0.352664
         -0.657652
##################### ACCEPTABLE SUBNET NUMBER: 38  #########################
          0.687503
 3
42
 5
41
 5
14
20
15
11
13
          -0.71074
         -0.591017
         -0.899425
          -1.50565
         -0.398325
          0.231183
          0.248376
         -0.153878
        0.00175099
         -0.234365
         -0.153872
##################### ACCEPTABLE SUBNET NUMBER: 39  #########################
          0.535776
 2
 9
19
 2
42
 2
          0.134736
         0.0114536
           1.42182
         0.0662512
          0.270277
           1.68591
           2.13614
##################### ACCEPTABLE SUBNET NUMBER: 40  #########################
          0.624032
 7
 4
 8
38
 2
27
31
19
 3
12
23
 7
          0.415708
           0.47826
          0.112125
          0.419793
          0.247299
          -1.49678
          0.409975
         -0.838498
         0.0961805
        -0.0356026
          0.512518
          0.509031
          -1.61012
##################### ACCEPTABLE SUBNET NUMBER: 41  #########################
          0.698025
 3
14
26
11
 4
 3
 2
23
19
         -0.714607
         -0.614423
          0.997284
          0.739345
          -1.03234
         -0.283428
           1.55155
          -1.21237
           1.36874
          -1.87543
##################### ACCEPTABLE SUBNET NUMBER: 42  #########################
          0.725103
 6
37
18
45
28
42
15
 8
32
 5
 2
49
40
46
23
 6
         -0.169764
         -0.228587
          0.202148
          0.615536
          0.660639
           1.02404
            1.0465
         -0.817471
          0.865715
          0.189969
            1.0615
           1.40113
          0.541162
          0.901241
          0.242732
           1.24318
          0.171836
##################### ACCEPTABLE SUBNET NUMBER: 43  #########################
          0.737917
 4
 6
35
34
22
 4
36
17
39
28
          0.566047
          0.651693
          0.368384
         -0.447496
         -0.650173
          0.484865
          0.516823
          0.717634
         -0.515371
          -0.80884
           0.56728
##################### ACCEPTABLE SUBNET NUMBER: 44  #########################
          0.440558
 0
 5
29
50
19
44
38
         -0.371849
         -0.486986
          0.891099
           1.25426
          -1.57082
          -1.15835
          -1.62218
           1.08333
##################### ACCEPTABLE SUBNET NUMBER: 45  #########################
          0.717747
 3
18
20
 8
12
 5
 2
30
44
45
 3
28
 6
37
42
21
38
          0.365155
         -0.558662
          0.307011
         -0.483535
         -0.522135
         0.0918382
          -1.58334
          0.516407
          -1.09046
          0.451183
         -0.137368
          0.525254
          0.979838
          -1.54553
          -1.72209
          0.712489
          0.823421
          0.367689
##################### ACCEPTABLE SUBNET NUMBER: 46  #########################
           0.57958
 3
 8
32
 5
 1
20
         -0.570981
         -0.472592
          0.201609
          -1.12593
         -0.510652
         -0.857205
           0.62824
##################### ACCEPTABLE SUBNET NUMBER: 47  #########################
          0.480816
 3
 8
12
11
 5
29
 9
36
25
20
         -0.452781
          -0.59674
         0.0573033
         -0.664137
          -1.25914
         -0.564456
          0.356894
        -0.0809566
         -0.524801
         -0.522986
          0.557447
##################### ACCEPTABLE SUBNET NUMBER: 48  #########################
          0.788061
 0
 6
15
38
40
21
45
25
         -0.435254
         -0.495424
          0.145646
          0.429399
          0.312641
          -1.41463
          -0.19464
         -0.178108
          -1.38567
##################### ACCEPTABLE SUBNET NUMBER: 49  #########################
          0.607122
 5
 7
18
30
23
 6
 7
19
21
 1
35
13
11
31
         -0.454298
         -0.568774
          0.119236
          -1.03162
        -0.0386651
          -0.45601
         -0.388281
          -1.34049
          0.380804
         -0.488442
          -1.78022
          0.364755
         -0.284348
         -0.529839
          0.427267
##################### ACCEPTABLE SUBNET NUMBER: 50  #########################
          0.324208
 0
 5
20
 2
49
40
41
            -0.312
         -0.540465
        -0.0452305
          0.440288
          0.247198
         -0.597734
         -0.654231
         -0.498523
##################### ACCEPTABLE SUBNET NUMBER: 51  #########################
           2.60175
 0
 6
31
39
38
 2
 7
 6
           1.66463
            1.8738
            1.8384
           2.10029
          0.553926
         -0.341268
          -1.15544
          0.340377
          -1.47399
##################### ACCEPTABLE SUBNET NUMBER: 52  #########################
          0.727109
 5
 7
11
28
 2
 4
 8
24
48
40
41
37
22
 9
35
           1.71163
           1.88314
          0.972338
          0.375787
          0.485851
         -0.435473
           -1.3632
          0.774443
          0.327232
          0.262911
           1.11648
          -1.02751
         -0.510797
         -0.412027
           1.34885
          -2.22015
##################### ACCEPTABLE SUBNET NUMBER: 53  #########################
          0.745314
 6
 7
48
36
40
49
44
 1
14
         -0.532619
         -0.345095
          -1.38458
          -1.07047
         -0.711333
          0.912468
          0.348811
          0.890769
          0.355852
           1.22091
##################### ACCEPTABLE SUBNET NUMBER: 54  #########################
          0.695571
 4
49
11
 9
43
 3
19
 2
16
         -0.263892
         -0.504113
           0.44072
          0.480867
         -0.333066
         -0.499932
          0.310064
           1.00244
         -0.526552
          0.639254
##################### ACCEPTABLE SUBNET NUMBER: 55  #########################
          0.671507
 3
41
 8
 6
 3
42
17
32
         -0.654075
         -0.579289
          -0.91169
          0.182489
          -2.45831
          -2.00906
         -0.653407
          0.169035
          -2.29436
##################### ACCEPTABLE SUBNET NUMBER: 56  #########################
          0.541903
 4
15
49
31
 7
 3
16
40
 8
           1.38186
            1.5602
          0.709113
         -0.426627
          0.655416
         -0.958065
          0.873774
         -0.558819
          0.921877
         -0.380848
##################### ACCEPTABLE SUBNET NUMBER: 57  #########################
           1.90225
 1
13
 5
43
 8
48
49
19
           0.02898
         -0.556599
            1.0322
         -0.661533
            1.5217
          0.770516
          0.407077
          0.350077
         -0.652533
##################### ACCEPTABLE SUBNET NUMBER: 58  #########################
          0.395554
 2
42
47
 2
14
25
         -0.639525
         -0.557034
         -0.707389
          0.841488
          -1.00586
           1.08914
           0.78858
##################### ACCEPTABLE SUBNET NUMBER: 59  #########################
          0.611742
 1
 1
 1
12
          0.597047
         -0.590857
         -0.344726
           -1.4751
          0.329659
##################### ACCEPTABLE SUBNET NUMBER: 60  #########################
          0.452098
 5
46
45
18
11
 7
 2
44
 9
         -0.153582
         -0.459696
         0.0679985
         -0.699893
         -0.615403
         -0.518158
         -0.132428
         -0.698748
          0.373995
            0.6579
##################### ACCEPTABLE SUBNET NUMBER: 61  #########################
          0.416271
 4
21
32
47
38
 2
19
 9
         -0.719267
         -0.571943
          0.882476
          -1.12423
         -0.350904
         -0.378882
        -0.0406519
           1.12491
           1.33945
##################### ACCEPTABLE SUBNET NUMBER: 62  #########################
           1.00688
 0
 3
11
12
46
         -0.243544
         -0.431584
        -0.0501184
          0.279737
         -0.459505
          -1.67592
##################### ACCEPTABLE SUBNET NUMBER: 63  #########################
          0.747836
 2
 7
26
 1
29
         -0.706319
         -0.563388
        -0.0221707
          0.305641
         0.0879118
          0.356363
##################### ACCEPTABLE SUBNET NUMBER: 64  #########################
          0.576531
 2
 9
17
 4
 2
 6
15
48
            1.4136
           1.52812
           1.06136
          -1.08771
          0.157451
         -0.160176
          0.452592
           1.19393
           1.15223
##################### ACCEPTABLE SUBNET NUMBER: 65  #########################
          0.677959
 3
33
45
46
 6
22
31
40
41
 6
13
         -0.524834
         -0.619558
           1.11897
          0.825261
         -0.540102
          0.636746
           1.61856
         -0.421137
         -0.649219
         -0.574716
          0.306029
           1.63854
##################### ACCEPTABLE SUBNET NUMBER: 66  #########################
          0.713124
 2
24
50
 8
15
 8
36
12
26
20
13
16
           1.74655
           1.94898
           1.71288
        -0.0922555
          0.909196
          0.323413
         -0.627946
         -0.207343
           1.87528
         -0.399474
           1.27805
          0.331243
           1.75708
##################### ACCEPTABLE SUBNET NUMBER: 67  #########################
          0.711703
 1
12
10
25
30
36
28
13
 7
11
31
17
15
           1.66561
           1.88997
            1.6599
           1.35561
             1.738
         -0.263599
         -0.313773
           1.03571
         -0.205467
         -0.127318
           1.48736
         -0.479094
           1.84629
          -1.13464
##################### ACCEPTABLE SUBNET NUMBER: 68  #########################
          0.604125
 1
38
 3
 9
25
45
         -0.217446
           -0.0463
           1.13323
           1.08438
           1.66652
          -1.29616
           1.09865
##################### ACCEPTABLE SUBNET NUMBER: 69  #########################
          0.987254
10
30
39
47
32
20
40
 3
27
48
37
 6
17
 9
16
11
12
 1
           1.55325
           1.78281
          0.969865
           1.04807
         -0.488681
         -0.594535
         0.0304317
         -0.587224
          -2.56272
          0.211831
          -1.06359
         -0.120118
          0.549158
          0.529508
           1.44042
          0.638582
          0.951123
          0.712454
         -0.836648
##################### ACCEPTABLE SUBNET NUMBER: 70  #########################
           0.74885
 1
37
 8
36
45
 5
42
21
12
49
26
          0.480851
          0.191039
         0.0166221
          0.161143
          0.431319
         -0.410959
          -1.59563
         -0.488766
          0.437412
           -1.5675
          -1.23364
        -0.0712478
##################### ACCEPTABLE SUBNET NUMBER: 71  #########################
          0.748245
 4
13
48
29
33
 3
31
16
 6
          0.345202
          0.488649
          0.370946
          0.558977
          -1.80872
         -0.634744
        -0.0843053
          0.696793
         -0.364341
         -0.573695
##################### ACCEPTABLE SUBNET NUMBER: 72  #########################
          0.611214
 4
15
29
24
 7
 3
 4
36
38
          0.915891
          0.938843
         0.0137843
         -0.187799
          0.796188
         -0.699045
          0.395091
           0.94231
           0.68501
          0.404493
##################### ACCEPTABLE SUBNET NUMBER: 73  #########################
          0.970476
 7
50
31
15
32
 8
44
22
 9
13
 5
19
49
27
 4
35
16
26
           1.86055
           1.96802
          0.750647
           1.54027
          -1.59867
         -0.656528
         -0.382575
        -0.0568835
          0.949747
          -0.30454
           1.67017
          0.561333
          0.584296
           1.46604
           1.37407
          -1.04705
          -2.17121
          0.160285
         -0.406869
##################### ACCEPTABLE SUBNET NUMBER: 74  #########################
           1.07346
 5
 7
36
17
11
 6
 9
47
31
37
40
27
30
12
21
34
         0.0292112
          0.203359
           1.34633
           1.63041
          0.286944
         -0.143568
          0.733499
          0.431103
           1.51106
          0.811938
         -0.395007
         -0.694828
          -1.53936
         -0.926956
         -0.958648
          0.810909
          0.167067
##################### ACCEPTABLE SUBNET NUMBER: 75  #########################
          0.885372
 1
 7
 2
12
34
         -0.390248
         -0.197289
         -0.127181
          0.572417
          -1.44984
         0.0729427
----------Number of Acceptable Subnets found: 75 -----------
----------END FOR GENE 10 -----------
--------START FOR GENE 11 -----------
 Values arranged as error, n_ka, gene ids for ka, n_kd, gene ids for kd,
 r0, d, ea, ka_values, kd_values for each subnet. 
##################### ACCEPTABLE SUBNET NUMBER: 1  #########################
           1.08793
 3
31
46
28
 7
18
20
 7
 4
 5
40
22
         0.0256595
         -0.245393
         -0.607825
        -0.0122604
         -0.548363
          0.190734
         0.0088011
          -1.83388
          -1.53776
         -0.238963
           -1.2258
        -0.0391665
         -0.851502
##################### ACCEPTABLE SUBNET NUMBER: 2  #########################
            1.5514
 2
12
28
 2
19
18
          0.197463
         -0.377315
         -0.365397
         -0.205724
        -0.0122658
         -0.475017
         -0.475975
##################### ACCEPTABLE SUBNET NUMBER: 3  #########################
           1.38801
 8
12
40
35
24
20
42
33
31
 2
 1
 4
         -0.036657
         -0.191494
         -0.324155
          0.194279
        -0.0841505
        -0.0291561
          -1.69254
          -1.32664
          -1.23353
         -0.711156
          -1.94711
          0.160758
          0.134676
##################### ACCEPTABLE SUBNET NUMBER: 4  #########################
           1.56518
 9
12
22
31
40
45
14
20
46
44
 1
24
          0.866249
          0.909273
         -0.373559
          0.265776
          0.254461
         0.0085132
        -0.0708866
         -0.122387
         -0.353551
          0.259371
         -0.335051
         -0.512925
         -0.096521
##################### ACCEPTABLE SUBNET NUMBER: 5  #########################
           1.54583
13
12
31
40
48
19
 2
47
10
21
17
 7
37
44
 2
 1
34
         0.0663335
         0.0944504
         -0.222543
          0.286779
       2.55606e-05
        -0.0949406
         -0.461249
         -0.240765
          0.376485
         -0.848087
          -1.54408
         -0.157142
          -1.54759
          -1.95308
          -1.16332
          -0.93171
         0.0500845
          -1.04524
##################### ACCEPTABLE SUBNET NUMBER: 6  #########################
           1.61316
 1
12
 4
46
33
23
 5
           0.24729
          0.302668
         0.0510471
          0.536291
          0.236485
         0.0968178
          -1.51265
         -0.101683
##################### ACCEPTABLE SUBNET NUMBER: 7  #########################
           1.62454
 5
12
31
49
36
47
 0
         0.0641988
           0.10344
         -0.199967
          0.282601
         0.0781942
         -0.706257
         -0.101491
          -1.56063
##################### ACCEPTABLE SUBNET NUMBER: 8  #########################
           1.57472
 2
12
30
 1
 1
          0.189123
          0.227963
         -0.175811
          0.337971
         -0.200549
         0.0177229
##################### ACCEPTABLE SUBNET NUMBER: 9  #########################
           1.61272
 6
12
31
41
15
21
27
 4
39
29
46
28
           0.26191
          0.322177
         0.0480938
          0.599822
          0.170205
        -0.0929496
         0.0762542
         -0.543612
          -1.09487
          0.293706
          -2.44715
         -0.154939
          -1.92536
##################### ACCEPTABLE SUBNET NUMBER: 10  #########################
          0.672911
 1
 9
 4
29
18
20
 3
          0.232942
         -0.449553
         -0.430612
          0.133128
          -1.00996
         -0.890472
          -1.80748
          -1.76905
##################### ACCEPTABLE SUBNET NUMBER: 11  #########################
           1.00713
 3
40
14
12
 5
18
24
 3
13
 5
        -0.0301928
         -0.217802
         -0.284589
         -0.034539
          0.215097
         -0.524394
        -0.0166928
         -0.755889
          0.106979
          -1.61597
          -1.48223
##################### ACCEPTABLE SUBNET NUMBER: 12  #########################
           1.71594
 4
12
40
47
16
 0
          -0.19842
         -0.184848
         -0.207458
          0.225909
        -0.0419003
         -0.877304
          -1.02669
##################### ACCEPTABLE SUBNET NUMBER: 13  #########################
           1.55642
11
12
31
45
14
13
46
48
22
35
 2
25
 2
39
 1
          0.187427
          0.230548
         -0.204434
          0.319261
        -0.0459256
        -0.0532586
          0.036961
          0.206265
         -0.893176
         -0.493664
         -0.245533
          -2.22405
          -1.17757
          -1.92503
         -0.160289
        -0.0216313
##################### ACCEPTABLE SUBNET NUMBER: 14  #########################
           1.88084
 4
22
40
42
46
 1
15
         -0.114438
         -0.186255
         -0.725557
         0.0404156
         0.0505289
         -0.809382
         -0.255795
         -0.806369
##################### ACCEPTABLE SUBNET NUMBER: 15  #########################
           1.52849
 4
12
24
 4
27
 1
37
        -0.0322198
         -0.108134
            -0.251
          0.240724
         0.0347885
          -1.17132
          0.184317
          0.166406
##################### ACCEPTABLE SUBNET NUMBER: 16  #########################
            1.9516
 3
12
34
43
19
15
24
10
39
33
19
27
49
30
36
28
48
 6
31
37
32
20
26
16
           1.85143
           1.90299
           1.09389
           1.72537
          0.506797
          -1.55368
         -0.261162
         0.0502443
          0.214603
          0.326514
        -0.0661957
          0.267143
          0.203621
         0.0389266
         -0.918375
          0.473655
           1.69868
           0.44041
          0.056747
         -0.240633
         -0.380314
           1.04246
          0.453699
           1.09488
          0.242743
##################### ACCEPTABLE SUBNET NUMBER: 17  #########################
          0.737647
 7
22
21
 5
42
43
 8
 1
 2
 6
27
          0.272948
         -0.156431
         -0.713057
         -0.417439
        -0.0929244
         -0.794365
          -0.18199
        -0.0399268
         -0.682102
          -1.58851
         -0.164658
          -1.63953
##################### ACCEPTABLE SUBNET NUMBER: 18  #########################
           2.01051
 3
45
48
31
 2
26
21
          0.403316
           0.26912
          -0.75355
         0.0652939
         -0.279318
          -1.06247
          -1.39783
          -1.57005
##################### ACCEPTABLE SUBNET NUMBER: 19  #########################
           1.45342
10
40
45
30
 8
14
24
27
26
49
47
 0
          0.251763
          0.197322
         -0.382658
        -0.0915324
        -0.0780007
          -1.03016
        -0.0033101
          0.138575
         -0.818574
          -0.57212
          -1.40983
        -0.0244949
          -1.75838
##################### ACCEPTABLE SUBNET NUMBER: 20  #########################
            1.6174
 3
12
31
42
 0
          0.124422
          0.158806
          -0.20343
          0.272006
          0.014351
        -0.0782472
##################### ACCEPTABLE SUBNET NUMBER: 21  #########################
           1.66132
 4
12
40
17
32
 3
 3
46
16
          -0.14914
         -0.115472
         -0.195971
          0.279625
        -0.0688402
         -0.515385
         -0.635178
          -2.01739
         -0.456354
          -0.80588
##################### ACCEPTABLE SUBNET NUMBER: 22  #########################
            1.7706
 4
40
50
 8
13
 1
39
         -0.208878
         -0.157767
          -1.58568
          0.258305
          -1.45167
          0.475838
          0.249409
          0.184103
##################### ACCEPTABLE SUBNET NUMBER: 23  #########################
           1.08914
 2
31
28
 0
         -0.227863
         -0.600667
          -1.69222
         -0.220982
          0.130085
##################### ACCEPTABLE SUBNET NUMBER: 24  #########################
           1.67085
 7
12
42
50
25
23
26
 1
 4
46
39
44
10
           1.05592
           1.11285
           1.05319
           1.60251
           1.10472
         -0.108851
         -0.593181
         -0.525161
          0.218839
          -1.08192
           1.18549
           1.24862
          0.276034
         -0.215845
##################### ACCEPTABLE SUBNET NUMBER: 25  #########################
           1.26897
 7
22
 9
 2
43
29
21
 6
14
25
13
 1
 7
39
48
 3
41
 8
33
47
46
50
38
         -0.501981
         -0.760578
          -1.12573
          0.281215
          0.227533
           0.29681
          0.213718
         -0.360695
          -1.18271
         -0.132899
         -0.386256
         -0.723976
          0.662529
          -1.09186
          0.271513
          0.217745
        -0.0108054
         -0.450159
          -1.44771
         -0.495123
          -1.18121
          -1.72451
          -1.08888
         0.0513845
##################### ACCEPTABLE SUBNET NUMBER: 26  #########################
           2.21329
 5
31
50
34
29
28
 6
48
 7
19
45
26
44
          0.633582
          0.658454
          0.705004
          0.850193
         -0.168525
          -2.82151
          -1.22399
           1.03862
          0.794777
           1.19829
          0.394408
          0.434403
         -0.750425
         -0.644836
##################### ACCEPTABLE SUBNET NUMBER: 27  #########################
           1.57887
10
12
31
15
14
 4
21
29
43
35
40
 3
 8
 2
39
          0.411919
          0.444672
         -0.219492
           0.21152
          0.210259
        0.00957239
         -0.379257
          -0.20851
         -0.750631
          -2.24351
         -0.325624
         -0.697953
         -0.763286
         -0.120715
        -0.0783731
         -0.147773
##################### ACCEPTABLE SUBNET NUMBER: 28  #########################
           1.20831
 4
31
24
20
25
 5
 6
16
12
28
41
          0.330143
          0.229519
         -0.280143
          0.152999
         0.0227442
         -0.178771
         -0.280182
         0.0711255
         -0.691443
         -0.448526
         -0.228638
          -1.27896
##################### ACCEPTABLE SUBNET NUMBER: 29  #########################
           1.10555
 3
28
46
34
 2
25
26
         -0.170324
         -0.703167
         -0.835614
         0.0828833
          -1.73722
           -1.0136
         -0.534186
           -1.7829
##################### ACCEPTABLE SUBNET NUMBER: 30  #########################
           1.65877
 3
12
49
14
 1
35
        -0.0772291
        -0.0345793
         -0.173682
          0.315444
           -1.0029
         -0.466641
         -0.911762
##################### ACCEPTABLE SUBNET NUMBER: 31  #########################
           2.20867
 7
45
16
25
36
31
12
38
 7
32
43
 8
33
26
10
30
         -0.070765
        -0.0060182
        -0.0754872
           1.91249
         0.0212551
          0.507241
           1.13018
          0.986101
          0.508347
          -1.20464
           1.81142
        0.00718635
        -0.0271521
          0.866082
          0.162987
          0.432239
         -0.831326
##################### ACCEPTABLE SUBNET NUMBER: 32  #########################
           1.70666
 5
31
50
28
13
 4
 3
30
32
45
         0.0582886
         0.0432783
         -0.237875
          0.175676
          -1.00046
          -0.29159
         -0.896679
         -0.293513
         -0.140436
         -0.983151
         -0.400525
##################### ACCEPTABLE SUBNET NUMBER: 33  #########################
           2.07943
 1
22
 1
41
         -0.323046
         -0.289992
         -0.250605
          0.332853
         -0.529008
##################### ACCEPTABLE SUBNET NUMBER: 34  #########################
           1.60428
 4
12
31
 9
27
 2
30
34
         0.0127806
         0.0517913
         -0.233528
          0.253192
        -0.0142163
          -1.42336
          0.207225
         -0.619938
         -0.502407
##################### ACCEPTABLE SUBNET NUMBER: 35  #########################
            1.2258
10
12
40
 5
 9
41
 3
 1
18
45
28
 1
38
         0.0444775
         -0.291072
         -0.301915
        -0.0280574
         -0.170433
         -0.257299
          0.222301
          -1.88452
         -0.671412
          -1.39257
         -0.700543
          -1.39793
          -1.17237
         0.0442156
##################### ACCEPTABLE SUBNET NUMBER: 36  #########################
           1.31832
 6
12
40
47
25
41
17
 8
16
42
22
24
32
36
15
39
         0.0808137
         -0.224689
          -0.56554
         -0.659691
          0.083474
          -0.49417
        -0.0194212
         -0.683264
         -0.742232
          0.137415
         0.0873191
         0.0584475
          -1.13813
          -1.13487
          -1.50209
          -1.34987
         -0.739117
##################### ACCEPTABLE SUBNET NUMBER: 37  #########################
            1.3586
 1
36
 8
39
26
13
34
 5
45
41
 6
         -0.219272
         -0.238559
         -0.657142
          0.779371
          0.622768
          0.142176
         -0.174041
          0.669871
          0.188397
         0.0449706
          -1.21527
          0.660434
##################### ACCEPTABLE SUBNET NUMBER: 38  #########################
           1.52061
 9
12
40
32
23
35
42
 8
 5
28
 3
16
 3
49
         -0.171882
          -0.23132
         -0.437284
          0.243404
         -0.263457
         -0.258022
          0.136095
         -0.276095
          -0.67826
          -1.21979
           -1.7924
         0.0282889
         -0.115867
          0.145614
          -1.00528
##################### ACCEPTABLE SUBNET NUMBER: 39  #########################
            1.5303
 8
12
22
31
40
36
 3
19
 1
 1
 6
          0.537211
          0.562053
         -0.256803
          0.267622
           0.11542
        -0.0147222
        -0.0135094
       -0.00998256
          -0.18575
         -0.543098
          -1.42869
        -0.0381083
##################### ACCEPTABLE SUBNET NUMBER: 40  #########################
            1.9037
 1
40
 0
         0.0646891
         -0.301431
         -0.363167
        -0.0561039
##################### ACCEPTABLE SUBNET NUMBER: 41  #########################
           1.74456
 9
12
31
45
29
38
32
49
48
47
11
39
 8
14
19
27
 7
34
30
17
16
25
         -0.284566
         -0.262449
         -0.381146
          0.244828
         -0.251905
        -0.0475965
          0.171421
         -0.691187
         -0.325902
          -2.35366
          -1.40801
          -1.40801
         -0.204705
        -0.0373592
         -0.725941
          -2.72818
         -0.452356
         -0.348997
          -1.90945
          -1.65861
          -1.12231
         -0.804695
         -0.935671
##################### ACCEPTABLE SUBNET NUMBER: 42  #########################
          0.713178
 4
45
20
21
38
 3
 5
34
27
           0.20137
        -0.0457912
         -0.362488
          0.050484
          0.217232
         -0.948133
         -0.641647
          0.135535
         0.0872825
          -1.71943
##################### ACCEPTABLE SUBNET NUMBER: 43  #########################
           1.40292
13
12
31
45
19
26
14
27
17
44
 8
 2
42
48
 6
49
 7
33
13
10
22
         -0.119491
         -0.516094
         -0.809948
          0.264856
         -0.068439
        -0.0986771
         0.0570991
         -0.167129
          0.159483
          -1.52507
          0.196483
         -0.358354
          0.225237
         0.0239681
          -1.46354
         -0.628896
          0.409112
         -0.117781
          -0.32192
         -0.659592
        -0.0761578
         -0.766091
##################### ACCEPTABLE SUBNET NUMBER: 44  #########################
           1.51227
 5
12
14
36
35
42
 3
 8
 1
 3
          0.171728
          0.204763
         -0.201861
          0.240007
          0.362286
         -0.502493
          -1.46947
         -0.236057
         -0.188806
        -0.0274381
         -0.231543
##################### ACCEPTABLE SUBNET NUMBER: 45  #########################
           1.87963
 6
12
31
40
45
19
 2
 1
 8
         -0.235386
         -0.257567
         -0.239553
         -0.100235
          0.106817
          -1.21641
          -0.40354
         0.0971121
          -1.42249
          -1.42665
##################### ACCEPTABLE SUBNET NUMBER: 46  #########################
           1.88135
 5
22
40
25
50
29
 7
15
13
17
 9
 1
45
 3
         -0.257759
         -0.248901
         -0.247625
           0.24436
          -0.23168
        -0.0959005
          -1.07539
         -0.244004
           -1.1954
          -1.04536
           -1.1788
          -1.03233
          -1.04027
          -1.21749
          -1.28247
##################### ACCEPTABLE SUBNET NUMBER: 47  #########################
           1.65234
 7
22
40
10
32
13
21
36
 5
26
18
31
43
16
            1.2881
           1.34688
          0.750482
           1.23579
           1.18985
          -1.47464
          -1.06215
        0.00420319
           1.03282
          0.215754
           1.09091
          0.930742
         -0.500711
          0.712804
         -0.879015
##################### ACCEPTABLE SUBNET NUMBER: 48  #########################
           1.62357
 2
40
45
 1
25
         -0.176086
         -0.682065
         -0.472283
       -0.00446121
          -1.04205
           0.37903
##################### ACCEPTABLE SUBNET NUMBER: 49  #########################
           1.15345
 8
12
22
31
45
28
14
25
26
 8
41
37
35
 7
36
16
40
43
          -0.22335
         -0.382067
          -0.17686
         -0.454151
         -0.477155
         -0.218946
         -0.476567
         -0.490811
          0.188113
          -0.36132
         -0.216092
          0.127029
         -0.161475
        -0.0374431
          -1.97915
          -2.01361
         -0.863939
          -0.63252
         -0.840927
##################### ACCEPTABLE SUBNET NUMBER: 50  #########################
           1.58567
 2
31
14
 1
26
          0.742151
          0.751147
         -0.239421
          0.215255
          -1.75687
          -1.22543
##################### ACCEPTABLE SUBNET NUMBER: 51  #########################
           1.45215
 3
12
31
49
 2
15
 5
          0.176773
        0.00355247
         -0.242115
          0.219223
        -0.0321377
          -2.61022
          0.166262
         -0.066647
##################### ACCEPTABLE SUBNET NUMBER: 52  #########################
           1.64263
 4
12
31
42
16
 7
10
32
49
47
 7
46
 1
           1.78918
           1.85617
           1.68591
           2.14786
           2.09791
          0.262824
          0.289102
           1.04449
           1.91618
          0.779822
         -0.430093
           1.09149
         -0.894773
           1.09994
##################### ACCEPTABLE SUBNET NUMBER: 53  #########################
           1.58596
10
12
22
31
40
 2
30
49
24
21
14
 2
25
37
          0.684149
          0.734094
          -0.55703
          0.277213
          0.289836
         0.0376216
         0.0210293
          0.157249
       -0.00861601
         -0.161833
         -0.493313
          -1.05894
          -1.03653
         -0.544772
          -1.26526
##################### ACCEPTABLE SUBNET NUMBER: 54  #########################
           1.51688
 5
40
38
14
44
43
 2
19
42
        -0.0760172
         -0.122638
         -0.272438
         0.0293749
          -1.20951
          0.177629
         -0.341955
         -0.262292
          -1.18785
         -0.931568
##################### ACCEPTABLE SUBNET NUMBER: 55  #########################
           1.54789
 3
22
40
14
 2
18
23
         -0.142941
         -0.132281
         -0.245936
         0.0454624
         0.0136433
          0.281355
         -0.171345
          -1.44673
##################### ACCEPTABLE SUBNET NUMBER: 56  #########################
           1.60413
 7
12
40
45
38
26
48
 9
 4
 3
25
 1
 7
         0.0698705
         0.0823994
         -0.205382
          0.282615
        -0.0512024
          -0.26913
          -1.71158
         -0.565496
          -1.14855
          -1.00525
       -0.00800841
         -0.449401
         -0.994853
         -0.266924
##################### ACCEPTABLE SUBNET NUMBER: 57  #########################
           1.59356
 1
12
 2
42
33
          0.124877
          0.173535
         -0.163503
          0.403106
         0.0607021
           -1.6609
##################### ACCEPTABLE SUBNET NUMBER: 58  #########################
           1.47133
 1
40
 5
 3
42
13
 6
30
          0.881229
         -0.114913
         -0.553756
         -0.188405
       -0.00531839
         -0.158469
          -1.57735
          -1.46884
         -0.590327
##################### ACCEPTABLE SUBNET NUMBER: 59  #########################
           1.57799
 8
12
31
40
30
 4
35
19
23
 6
46
 2
 7
38
27
42
          0.326308
          0.374875
         -0.189522
          0.320776
        -0.0211317
        -0.0275115
         -0.259936
          0.243781
          -1.30587
          -1.00619
          -1.12156
         -0.200498
          -0.47144
          -1.72893
         -0.524937
         -0.851856
            -2.343
##################### ACCEPTABLE SUBNET NUMBER: 60  #########################
           1.65865
 8
12
45
 9
29
21
17
16
 8
 6
42
 2
37
44
39
19
          0.664892
          0.712844
         0.0868497
           1.30974
          0.774195
           1.10417
         0.0037537
         0.0935454
         -0.699265
          -1.37339
         -0.125145
           1.03232
         0.0627566
          0.667901
          0.459635
          0.218966
          -1.05599
##################### ACCEPTABLE SUBNET NUMBER: 61  #########################
          0.945631
 3
47
 2
39
 4
32
42
19
 8
         -0.266983
          -0.37978
          -0.14443
          0.920529
           1.50208
         -0.367521
           1.03149
          0.777436
          0.964064
          -1.06212
##################### ACCEPTABLE SUBNET NUMBER: 62  #########################
           1.55459
15
12
31
40
 4
 2
15
14
17
25
29
20
27
13
21
41
10
37
26
 9
10
30
 6
46
 7
32
44
          0.939476
           0.99343
          0.722148
           1.13454
           1.16262
          0.935656
          0.930371
         -0.903167
          0.940542
          0.396456
          0.565528
         -0.292694
           1.05438
           1.22498
          -1.19157
         -0.151373
           0.43742
          0.612517
          0.797602
           1.02724
         -0.087462
          0.391349
          0.684256
          0.803918
          0.272572
           0.14659
         -0.388155
          -2.18226
##################### ACCEPTABLE SUBNET NUMBER: 63  #########################
           1.39944
 1
43
 0
         -0.107121
         -0.447606
         -0.755824
         0.0186067
##################### ACCEPTABLE SUBNET NUMBER: 64  #########################
           1.32243
 5
22
20
25
 2
28
 5
27
35
50
38
 9
         -0.137719
         -0.142064
          -0.39909
         -0.339461
          0.326419
         -0.577216
          0.514433
         -0.683133
         -0.572248
           -1.1833
          -1.18342
          -0.51045
          -1.31929
##################### ACCEPTABLE SUBNET NUMBER: 65  #########################
           1.72178
 6
12
50
46
27
19
32
 0
         -0.397612
         -0.520928
          -1.22814
         -0.424767
          -1.28224
         -0.328785
          0.111574
         -0.607291
         -0.285609
##################### ACCEPTABLE SUBNET NUMBER: 66  #########################
           0.70415
12
12
22
31
40
20
17
25
21
24
18
29
27
 3
47
42
35
          0.869672
         -0.382073
         0.0299579
         -0.279292
          0.626003
         -0.425391
          0.546203
          0.163462
          0.533751
        -0.0398255
          0.843062
        -0.0518485
         -0.783471
         -0.514162
         -0.619798
           0.99638
            1.0463
           1.04924
##################### ACCEPTABLE SUBNET NUMBER: 67  #########################
           1.57807
 7
12
13
10
24
 5
34
47
 0
          0.239525
          0.291718
         -0.216935
          0.323531
          0.311017
         -0.263853
         -0.146494
         -0.397301
          -0.52082
         -0.896509
##################### ACCEPTABLE SUBNET NUMBER: 68  #########################
           1.63556
 6
22
40
30
 4
13
 2
 1
41
        -0.0910974
         -0.038682
          -0.10148
         0.0311157
          0.131844
          -1.09844
          0.430829
         -0.973419
         -0.293946
          0.129677
##################### ACCEPTABLE SUBNET NUMBER: 69  #########################
           1.84369
 5
45
 3
25
28
12
 7
33
 1
35
32
50
10
 5
         -0.187006
         -0.137743
         -0.944688
          0.950252
         -0.372751
         0.0125668
         -0.941257
         -0.524467
          0.903313
         -0.389092
          0.523916
        -0.0274332
         -0.941257
          -1.45378
         -0.493942
##################### ACCEPTABLE SUBNET NUMBER: 70  #########################
           1.08025
 6
31
40
14
25
 9
28
 1
36
        -0.0382164
         -0.352521
         -0.290111
          -1.19098
         -0.576168
         0.0260787
          -0.18894
         -0.925156
         -0.599846
         -0.639678
##################### ACCEPTABLE SUBNET NUMBER: 71  #########################
           2.55127
 5
43
 3
24
23
45
 2
 7
35
         -0.418025
         -0.673476
         0.0113979
          0.906175
          0.157118
          0.313672
           -1.6905
          -1.05372
           1.62137
          0.413141
##################### ACCEPTABLE SUBNET NUMBER: 72  #########################
          0.654923
 6
31
50
14
37
13
 1
 4
35
 6
 4
23
          0.356736
          0.163278
         -0.276677
         0.0940066
         -0.423182
           0.14273
         -0.410093
         -0.748883
          0.181449
         -0.403279
          0.191123
         -0.427557
         -0.322761
##################### ACCEPTABLE SUBNET NUMBER: 73  #########################
           1.62029
 2
27
39
 3
 5
 1
 6
         -0.212743
         -0.240594
         -0.339905
          0.264209
         -0.940716
         0.0252058
         -0.336504
         -0.885363
##################### ACCEPTABLE SUBNET NUMBER: 74  #########################
           1.31309
 7
22
31
40
43
35
 4
49
 0
         -0.155119
         -0.515235
          -1.13273
         -0.784787
         -0.739609
         -0.477677
        0.00895798
          -1.49638
          -1.48207
          -1.33288
##################### ACCEPTABLE SUBNET NUMBER: 75  #########################
          0.720161
 3
31
20
18
 2
37
22
           0.57131
          0.141416
         -0.327953
        -0.0111561
          0.121802
          -1.01864
           0.11392
         -0.922228
----------Number of Acceptable Subnets found: 75 -----------
----------END FOR GENE 11 -----------
